     -0.5000E+01 -0.5000E+01 -0.5000E+01 -0.5000E+01 -0.5000E+01
     -0.5000E+01 -0.5000E+01 -0.5000E+01 -0.5000E+01 -0.5000E+01
     -0.5000E+01 -0.5000E+01 -0.5000E+01 -0.5000E+01 -0.5000E+01
     -0.5000E+01 -0.5000E+01 -0.5000E+01 -0.5000E+01 -0.5000E+01
     -0.5000E+01 -0.5000E+01 -0.5000E+01 -0.5000E+01 -0.5000E+01
     -0.5000E+01 -0.5000E+01 -0.5000E+01 -0.5000E+01 -0.5000E+01
     -0.5000E+01 -0.5000E+01 -0.5000E+01 -0.5000E+01 -0.5000E+01
     -0.5000E+01 -0.5000E+01 -0.5000E+01 -0.5000E+01 -0.5000E+01
     -0.5000E+01 -0.5000E+01 -0.5000E+01 -0.5000E+01 -0.5000E+01
     -0.5000E+01 -0.5000E+01 -0.5000E+01 -0.5000E+01 -0.5000E+01
     -0.5000E+01 -0.5000E+01 -0.5000E+01 -0.5000E+01 -0.5000E+01
     -0.5000E+01 -0.5000E+01 -0.5000E+01 -0.5000E+01 -0.5000E+01
     -0.5000E+01 -0.5000E+01 -0.5000E+01 -0.5000E+01 -0.5000E+01
     -0.5000E+01 -0.5000E+01 -0.5000E+01 -0.5000E+01 -0.5000E+01
     -0.5000E+01 -0.5000E+01 -0.5000E+01 -0.5000E+01 -0.5000E+01
     -0.5000E+01 -0.5000E+01 -0.5000E+01 -0.5000E+01 -0.5000E+01
     -0.5000E+01 -0.5000E+01 -0.5000E+01 -0.5000E+01 -0.5000E+01
     -0.5000E+01 -0.5000E+01 -0.5000E+01 -0.5000E+01 -0.5000E+01
     -0.5000E+01 -0.5000E+01 -0.5000E+01 -0.5000E+01 -0.5000E+01
     -0.5000E+01 -0.5000E+01 -0.5000E+01 -0.5000E+01 -0.5000E+01
     -0.5000E+01 -0.5000E+01 -0.5000E+01 -0.5000E+01 -0.5000E+01
     -0.5000E+01 -0.5000E+01 -0.5000E+01 -0.5000E+01 -0.5000E+01
     -0.5000E+01 -0.5000E+01 -0.5000E+01 -0.5000E+01 -0.5000E+01
     -0.5000E+01 -0.5000E+01 -0.5000E+01 -0.5000E+01 -0.5000E+01
     -0.5000E+01 -0.5000E+01 -0.5000E+01 -0.5000E+01 -0.5000E+01
     -0.5000E+01 -0.5000E+01 -0.5000E+01 -0.5000E+01 -0.5000E+01
     -0.5000E+01 -0.5000E+01 -0.5000E+01 -0.5000E+01 -0.5000E+01
     -0.5000E+01 -0.5000E+01 -0.5000E+01 -0.5000E+01 -0.5000E+01
     -0.5000E+01 -0.5000E+01 -0.5000E+01 -0.5000E+01 -0.5000E+01
     -0.5000E+01 -0.5000E+01 -0.5000E+01 -0.5000E+01 -0.5000E+01
     -0.5000E+01 -0.5000E+01 -0.5000E+01 -0.5000E+01 -0.5000E+01
     -0.5000E+01 -0.5000E+01 -0.5000E+01 -0.5000E+01 -0.5000E+01
     -0.5000E+01 -0.5000E+01 -0.5000E+01 -0.5000E+01 -0.5000E+01
     -0.5000E+01 -0.5000E+01 -0.5000E+01 -0.5000E+01 -0.5000E+01
     -0.5000E+01 -0.5000E+01 -0.5000E+01 -0.5000E+01 -0.5000E+01
     -0.5000E+01 -0.5000E+01 -0.5000E+01 -0.5000E+01 -0.5000E+01
     -0.5000E+01 -0.5000E+01 -0.5000E+01 -0.5000E+01 -0.5000E+01
     -0.5000E+01 -0.5000E+01 -0.5000E+01 -0.5000E+01 -0.5000E+01
     -0.5000E+01 -0.5000E+01 -0.5000E+01 -0.5000E+01 -0.5000E+01
     -0.5000E+01 -0.5000E+01 -0.5000E+01 -0.5000E+01 -0.5000E+01
     -0.5000E+01 -0.5000E+01 -0.5000E+01 -0.5000E+01 -0.5000E+01
     -0.5000E+01 -0.5000E+01 -0.5000E+01 -0.5000E+01 -0.5000E+01
     -0.5000E+01 -0.5000E+01 -0.5000E+01 -0.5000E+01 -0.5000E+01
     -0.5000E+01 -0.5000E+01 -0.5000E+01 -0.5000E+01 -0.5000E+01
     -0.5000E+01 -0.5000E+01 -0.5000E+01 -0.5000E+01 -0.5000E+01
     -0.5000E+01 -0.5000E+01 -0.5000E+01 -0.5000E+01 -0.5000E+01
     -0.5000E+01 -0.5000E+01 -0.5000E+01 -0.5000E+01 -0.5000E+01
     -0.5000E+01 -0.5000E+01 -0.5000E+01 -0.5000E+01 -0.5000E+01
     -0.5000E+01 -0.5000E+01 -0.5000E+01 -0.5000E+01 -0.5000E+01
     -0.5000E+01 -0.5000E+01 -0.5000E+01 -0.5000E+01 -0.5000E+01
     -0.5000E+01 -0.5000E+01 -0.5000E+01 -0.5000E+01 -0.5000E+01
     -0.5000E+01 -0.5000E+01 -0.5000E+01 -0.5000E+01 -0.5000E+01
     -0.5000E+01 -0.5000E+01 -0.5000E+01 -0.5000E+01 -0.5000E+01
     -0.5000E+01 -0.5000E+01 -0.5000E+01 -0.5000E+01 -0.5000E+01
     -0.5000E+01 -0.5000E+01 -0.5000E+01 -0.5000E+01 -0.5000E+01
     -0.5000E+01 -0.5000E+01 -0.5000E+01 -0.5000E+01 -0.5000E+01
     -0.5000E+01 -0.5000E+01 -0.5000E+01 -0.5000E+01 -0.5000E+01
     -0.5000E+01 -0.5000E+01 -0.5000E+01 -0.5000E+01 -0.5000E+01
     -0.5000E+01 -0.5000E+01 -0.5000E+01 -0.5000E+01 -0.5000E+01
     -0.5000E+01 -0.5000E+01 -0.5000E+01 -0.5000E+01 -0.5000E+01
     -0.5000E+01  0.2298E-01 -0.5000E+01 -0.5000E+01 -0.5000E+01
      0.7170E-01 -0.5000E+01 -0.5000E+01 -0.5000E+01 -0.5000E+01
     -0.5000E+01  0.2896E-01  0.5302E-01  0.5680E-01 -0.5000E+01
      0.6982E-01  0.8848E-01  0.7878E-01  0.6371E-01 -0.5000E+01
     -0.5000E+01 -0.5000E+01 -0.5000E+01  0.4107E-01  0.1227E-01
     -0.5000E+01 -0.5000E+01 -0.5000E+01 -0.5000E+01 -0.5000E+01
     -0.5000E+01 -0.5000E+01 -0.5000E+01 -0.5000E+01 -0.5000E+01
     -0.5000E+01 -0.5000E+01 -0.5000E+01 -0.5000E+01 -0.5000E+01
     -0.5000E+01 -0.5000E+01 -0.5000E+01 -0.5000E+01 -0.5000E+01
     -0.5000E+01 -0.5000E+01 -0.5000E+01 -0.5000E+01 -0.5000E+01
     -0.5000E+01  0.1171E+00 -0.5000E+01  0.1016E-01  0.1778E-01
     -0.6268E-01 -0.3309E-02  0.4644E-01 -0.5000E+01 -0.5000E+01
     -0.5000E+01  0.1842E-01  0.3808E-01  0.8860E-01 -0.1365E-01
     -0.3396E-01 -0.2255E-02 -0.5000E+01  0.3931E-01 -0.5000E+01
     -0.5000E+01  0.6604E-01  0.2042E-01  0.3743E-01  0.6200E-01
      0.3785E-02  0.3647E-01  0.4639E-01  0.4923E-01 -0.5000E+01
     -0.5000E+01 -0.6014E-02  0.3864E-01  0.5965E-01  0.8113E-01
      0.1650E-01  0.3462E-01  0.7464E-01  0.4167E-01 -0.5000E+01
     -0.5000E+01  0.4152E-01  0.4060E-01 -0.1323E-01  0.8282E-02
      0.2440E-01  0.6520E-02 -0.2260E-01  0.1046E-01 -0.5000E+01
     -0.5000E+01 -0.5000E+01 -0.5000E+01 -0.5000E+01  0.4260E-01
     -0.4189E-01  0.2603E-01  0.3664E-02  0.6146E-01 -0.5000E+01
     -0.5000E+01  0.1409E-01  0.6994E-02 -0.1089E-01 -0.7128E-02
      0.4353E-02  0.1525E-01  0.9185E-02  0.1593E-01 -0.5000E+01
     -0.5000E+01  0.5620E-01  0.1665E-01  0.2753E-02  0.3120E-01
      0.6604E-02  0.6977E-01  0.1920E-01  0.1523E-01 -0.5000E+01
     -0.5000E+01  0.3310E-01  0.3578E-01  0.4931E-01  0.8590E-02
      0.2982E-01  0.6805E-01  0.4701E-01  0.6768E-01 -0.5000E+01
     -0.5000E+01  0.1330E-01  0.2211E-01  0.3587E-01  0.5288E-01
      0.1239E-01  0.4218E-01  0.1978E-01  0.5110E-02 -0.5000E+01
     -0.5000E+01  0.5517E-01  0.2651E-01 -0.1616E-01  0.3716E-02
      0.1936E-01  0.4995E-01  0.4474E-01  0.1959E-01 -0.5000E+01
     -0.5000E+01  0.2626E-01  0.2542E-03  0.5240E-01  0.6147E-01
      0.7861E-03 -0.7876E-02  0.5208E-01  0.3392E-01 -0.5000E+01
     -0.5000E+01  0.1789E-01 -0.2272E-01  0.2612E-01  0.1438E-01
      0.2789E-01  0.3119E-01  0.2758E-01  0.4220E-01 -0.5000E+01
     -0.5000E+01  0.2592E-01  0.2457E-01 -0.7293E-02  0.6105E-02
      0.2107E-01  0.1629E-01  0.6427E-01  0.3813E-01 -0.5000E+01
     -0.5000E+01  0.1950E-01  0.8772E-02  0.2943E-01  0.2032E-02
      0.4453E-01  0.2605E-01  0.5137E-01  0.4785E-01 -0.5000E+01
     -0.5000E+01 -0.5000E+01 -0.5000E+01 -0.5000E+01 -0.5000E+01
     -0.5000E+01 -0.5000E+01 -0.5000E+01 -0.5000E+01 -0.5000E+01
     -0.5000E+01  0.8038E-02  0.3021E-01  0.5119E-01 -0.1475E-01
      0.3921E-01  0.4413E-01  0.3242E-01  0.1994E-01 -0.5000E+01
     -0.5000E+01  0.6213E-01  0.3879E-01  0.3819E-01  0.1760E-01
      0.3645E-01  0.3647E-01  0.6430E-02  0.7376E-01 -0.5000E+01
     -0.5000E+01  0.4526E-02  0.1258E-01  0.1402E-01  0.2692E-01
      0.4761E-01  0.3068E-01  0.2240E-01  0.1976E-01 -0.5000E+01
     -0.5000E+01 -0.5000E+01 -0.5000E+01 -0.5000E+01 -0.5000E+01
     -0.5000E+01 -0.5000E+01 -0.5000E+01 -0.5000E+01 -0.5000E+01
     -0.5000E+01 -0.5000E+01 -0.5000E+01 -0.5000E+01 -0.5000E+01
     -0.5000E+01 -0.5000E+01 -0.5000E+01 -0.5000E+01 -0.5000E+01
     -0.5000E+01 -0.5000E+01 -0.5000E+01 -0.5000E+01 -0.5000E+01
     -0.5000E+01 -0.5000E+01 -0.5000E+01 -0.5000E+01 -0.5000E+01
     -0.5000E+01 -0.5000E+01 -0.5000E+01 -0.5000E+01 -0.5000E+01
     -0.5000E+01 -0.5000E+01 -0.5000E+01 -0.5000E+01 -0.5000E+01
     -0.5000E+01 -0.5000E+01 -0.5000E+01 -0.5000E+01 -0.5000E+01
     -0.5000E+01 -0.5000E+01 -0.5000E+01 -0.5000E+01 -0.5000E+01
     -0.5000E+01 -0.5000E+01 -0.5000E+01 -0.5000E+01 -0.5000E+01
     -0.5000E+01 -0.5000E+01 -0.5000E+01 -0.5000E+01 -0.5000E+01
     -0.5000E+01 -0.5000E+01 -0.5000E+01 -0.5000E+01 -0.5000E+01
     -0.5000E+01 -0.5000E+01 -0.5000E+01 -0.5000E+01 -0.5000E+01
     -0.5000E+01 -0.5000E+01 -0.5000E+01 -0.5000E+01 -0.5000E+01
     -0.5000E+01 -0.5000E+01 -0.5000E+01 -0.5000E+01 -0.5000E+01
     -0.5000E+01 -0.5000E+01 -0.5000E+01 -0.5000E+01 -0.5000E+01
     -0.5000E+01 -0.5000E+01 -0.5000E+01 -0.5000E+01 -0.5000E+01
     -0.5000E+01 -0.5000E+01 -0.5000E+01 -0.5000E+01 -0.5000E+01
     -0.5000E+01 -0.5000E+01 -0.5000E+01 -0.5000E+01 -0.5000E+01
     -0.5000E+01 -0.5000E+01 -0.5000E+01 -0.5000E+01 -0.5000E+01
     -0.5000E+01 -0.5000E+01 -0.5000E+01 -0.5000E+01 -0.5000E+01
     -0.5000E+01 -0.5000E+01 -0.5000E+01 -0.5000E+01 -0.5000E+01
     -0.5000E+01 -0.5000E+01 -0.5000E+01 -0.5000E+01 -0.5000E+01
     -0.5000E+01 -0.5000E+01 -0.5000E+01 -0.5000E+01 -0.5000E+01
     -0.5000E+01 -0.5000E+01 -0.5000E+01 -0.5000E+01 -0.5000E+01
     -0.5000E+01 -0.5000E+01 -0.5000E+01 -0.5000E+01 -0.5000E+01
     -0.5000E+01 -0.3215E-01 -0.5000E+01 -0.5000E+01 -0.5000E+01
     -0.5000E+01 -0.5000E+01 -0.5000E+01 -0.5000E+01 -0.5000E+01
     -0.5000E+01 -0.5000E+01 -0.5000E+01 -0.5000E+01 -0.5000E+01
     -0.5000E+01 -0.5000E+01 -0.5000E+01 -0.5000E+01 -0.5000E+01
     -0.5000E+01 -0.5000E+01 -0.5000E+01 -0.5000E+01 -0.5000E+01
     -0.5000E+01 -0.5000E+01 -0.5000E+01 -0.5000E+01 -0.5000E+01
     -0.5000E+01 -0.5000E+01 -0.5000E+01 -0.5000E+01 -0.5000E+01
     -0.5000E+01 -0.5000E+01 -0.5000E+01 -0.5000E+01 -0.5000E+01
     -0.5000E+01 -0.5000E+01 -0.5000E+01 -0.5000E+01 -0.5000E+01
     -0.5000E+01  0.2363E-01  0.3506E-01  0.1844E-01  0.2714E-01
      0.1926E-01  0.6219E-02 -0.5000E+01 -0.4118E-02 -0.5000E+01
     -0.5000E+01  0.5162E-01  0.1681E-01  0.2874E-01  0.1367E-01
      0.2553E-02 -0.2551E-01  0.1263E-01 -0.3872E-03 -0.5000E+01
     -0.5000E+01  0.1774E-01  0.1179E-01  0.1768E-01 -0.5000E+01
     -0.5000E+01 -0.5000E+01 -0.5000E+01 -0.5000E+01 -0.5000E+01
     -0.5000E+01  0.3072E-01  0.2315E-01 -0.1991E-01  0.1151E-01
      0.2375E-02 -0.1240E-01  0.9929E-02  0.2216E-01 -0.5000E+01
     -0.5000E+01  0.5783E-01  0.8913E-02  0.4495E-02  0.2062E-01
      0.2972E-01  0.1072E-01 -0.2403E-01  0.1771E-01 -0.5000E+01
     -0.5000E+01  0.4094E-01  0.2118E-01  0.1895E-01 -0.1440E-01
      0.9078E-03 -0.1676E-02 -0.2253E-01 -0.2768E-02 -0.5000E+01
     -0.5000E+01  0.9802E-02  0.4028E-02  0.9456E-02  0.2469E-02
     -0.3375E-02  0.2459E-02  0.3445E-02 -0.1738E-02  0.8534E-02
     -0.5000E+01  0.4526E-02  0.3095E-02  0.4879E-02  0.2357E-02
     -0.2227E-02 -0.4968E-02 -0.5067E-02 -0.9311E-02 -0.5596E-02
     -0.5000E+01  0.6671E-02  0.6754E-02  0.7658E-02 -0.9590E-03
     -0.1028E-02 -0.9159E-02 -0.3479E-02 -0.9761E-02 -0.1084E-01
     -0.5000E+01  0.1153E-01  0.5847E-02  0.4277E-02 -0.1137E-02
     -0.2976E-02 -0.4365E-02 -0.1477E-02 -0.5875E-02 -0.5000E+01
     -0.5000E+01  0.4566E-02  0.1848E-03 -0.9497E-03  0.3541E-02
      0.2649E-02 -0.4938E-02 -0.2543E-02 -0.6536E-02 -0.1193E-01
     -0.5000E+01  0.6371E-02  0.8224E-03  0.8093E-02  0.2129E-02
      0.2307E-02  0.1812E-02 -0.5671E-03 -0.9791E-02 -0.1097E-01
      0.1433E-01  0.6345E-02  0.8099E-02  0.2834E-02  0.6353E-02
     -0.4098E-03 -0.3326E-02 -0.2061E-02 -0.1213E-01 -0.1037E-01
      0.7557E-02  0.2503E-02  0.5105E-02  0.5003E-02  0.2036E-02
     -0.1037E-02 -0.4390E-02 -0.5275E-02 -0.1104E-01 -0.4638E-02
      0.8394E-02  0.8175E-02  0.6936E-02  0.5643E-02  0.3345E-02
      0.2364E-02  0.4754E-03 -0.9501E-02 -0.7840E-02 -0.1053E-01
      0.8198E-02  0.7135E-02  0.7157E-02  0.7175E-02  0.7008E-03
      0.3334E-02 -0.4712E-03 -0.3412E-02 -0.8051E-02 -0.1207E-01
      0.7299E-02  0.6269E-02  0.9804E-02  0.2593E-02  0.7911E-02
     -0.2977E-02 -0.3262E-02 -0.1581E-02 -0.1097E-01 -0.6358E-02
      0.5873E-02  0.6296E-02  0.4811E-02  0.3131E-02  0.1519E-02
      0.3280E-02 -0.9489E-03 -0.2533E-02 -0.8829E-02 -0.6427E-02
      0.1016E-01  0.6384E-02  0.9852E-02  0.7132E-02  0.5599E-02
     -0.1419E-02 -0.3872E-02 -0.1628E-02 -0.7260E-02 -0.4492E-02
      0.1141E-01  0.2464E-02  0.7154E-02 -0.9823E-04  0.1711E-02
     -0.4308E-03 -0.2349E-02 -0.4636E-02 -0.8176E-02 -0.4510E-02
      0.8868E-02  0.8068E-02  0.3480E-02  0.4018E-02  0.2390E-02
     -0.9363E-03 -0.5643E-03 -0.7563E-02 -0.4277E-02 -0.1086E-01
      0.5003E-02  0.9090E-02  0.5219E-02  0.5441E-02  0.2623E-02
      0.3855E-02 -0.4428E-02 -0.5012E-02 -0.8272E-02 -0.1200E-01
      0.3669E-02  0.9877E-02  0.6753E-02  0.7708E-02  0.4813E-02
      0.1963E-02 -0.4776E-02 -0.1274E-01 -0.1353E-01 -0.1869E-01
      0.5498E-02  0.7132E-02  0.4916E-02  0.5583E-02  0.4040E-02
      0.1843E-02  0.9105E-03 -0.4630E-02 -0.2730E-02 -0.2800E-02
      0.1032E-01  0.6883E-02  0.9976E-02  0.7285E-02  0.4439E-02
      0.8212E-03 -0.2914E-02 -0.3118E-02 -0.5456E-02 -0.2242E-02
      0.6898E-02  0.5943E-02  0.6658E-02  0.3431E-02  0.3748E-02
     -0.1075E-03 -0.1240E-02 -0.3162E-02 -0.7099E-02 -0.8386E-02
      0.1638E-02  0.3930E-02  0.6391E-02  0.4259E-02  0.2743E-03
      0.2489E-02 -0.2874E-02 -0.4420E-02 -0.8681E-02 -0.1285E-01
      0.4564E-02  0.8819E-02  0.7470E-02  0.5752E-02  0.4510E-03
      0.9412E-03 -0.4940E-02 -0.7722E-02 -0.1051E-01 -0.1540E-01
      0.1170E-01  0.1017E-01  0.9168E-02  0.3336E-02  0.4982E-02
      0.1278E-03 -0.8619E-02 -0.9877E-02 -0.1228E-01 -0.1689E-01
      0.4273E-02  0.7724E-02  0.7437E-02  0.3247E-02  0.1616E-02
      0.2777E-02  0.1470E-03 -0.2982E-02 -0.8210E-02 -0.7270E-02
      0.9103E-02  0.9110E-02  0.7462E-02  0.1050E-01  0.9060E-02
      0.3596E-02 -0.8018E-03  0.4111E-03 -0.6537E-02 -0.8384E-02
      0.9494E-02  0.7096E-02  0.7395E-02  0.5766E-02  0.2471E-02
      0.1618E-02 -0.4511E-03 -0.5079E-02 -0.6705E-02 -0.1001E-01
      0.7498E-02  0.7206E-02  0.4466E-02  0.6004E-02  0.1928E-03
      0.1308E-02 -0.1226E-02 -0.6224E-02 -0.1120E-01 -0.5000E+01
      0.8152E-02  0.1052E-01  0.9052E-02  0.6403E-02 -0.5005E-02
     -0.4661E-03 -0.6300E-02 -0.9974E-02 -0.1221E-01 -0.1496E-01
      0.8193E-02  0.8801E-02  0.7480E-02  0.6855E-02  0.8783E-02
     -0.1135E-02 -0.1547E-02 -0.4113E-02 -0.1062E-01 -0.7123E-02
      0.1083E-01  0.7632E-02  0.3975E-02  0.4727E-02  0.1686E-02
     -0.3115E-04 -0.1232E-02 -0.2417E-02 -0.5590E-02 -0.1114E-01
     -0.5000E+01 -0.5000E+01 -0.5000E+01 -0.5000E+01 -0.5000E+01
     -0.5000E+01 -0.5000E+01 -0.5000E+01 -0.5000E+01 -0.5000E+01
     -0.5000E+01 -0.5000E+01 -0.5000E+01 -0.5000E+01 -0.5000E+01
     -0.5000E+01 -0.5000E+01 -0.5000E+01 -0.5000E+01 -0.5000E+01
     -0.5000E+01 -0.5000E+01 -0.5000E+01 -0.5000E+01 -0.5000E+01
     -0.5000E+01 -0.5000E+01 -0.5000E+01 -0.5000E+01 -0.5000E+01
     -0.5000E+01 -0.5000E+01 -0.5000E+01 -0.5000E+01 -0.5000E+01
     -0.5000E+01 -0.5000E+01 -0.5000E+01 -0.5000E+01 -0.5000E+01
     -0.5000E+01 -0.5000E+01 -0.5000E+01 -0.5000E+01 -0.5000E+01
     -0.5000E+01 -0.5000E+01 -0.5000E+01 -0.5000E+01 -0.5000E+01
     -0.5000E+01 -0.5000E+01 -0.5000E+01 -0.5000E+01 -0.5000E+01
     -0.5000E+01 -0.5000E+01 -0.5000E+01 -0.5000E+01 -0.5000E+01
     -0.5000E+01 -0.5000E+01  0.2480E-01  0.3359E-01  0.1360E-01
      0.4400E-02 -0.1849E-01 -0.1548E-01 -0.3694E-01 -0.5000E+01
     -0.5000E+01  0.1150E-01  0.4074E-01 -0.2235E-01  0.1924E-01
      0.2531E-02 -0.8431E-02  0.1213E-01  0.6132E-02 -0.5000E+01
     -0.5000E+01  0.2580E-01 -0.5880E-02  0.1315E-01 -0.3285E-01
     -0.7655E-02 -0.9472E-02  0.1303E-01 -0.5000E+01 -0.5000E+01
     -0.5000E+01 -0.5000E+01 -0.1747E-01 -0.7851E-02  0.9385E-03
     -0.3403E-02  0.3010E-02  0.1862E-02  0.4572E-02 -0.5000E+01
     -0.5000E+01 -0.1558E-01  0.2664E-01  0.3405E-01 -0.1646E-01
     -0.3070E-01 -0.1658E-01 -0.6568E-03 -0.2355E-01 -0.5000E+01
     -0.5000E+01 -0.5000E+01 -0.3391E-02  0.2765E-01  0.8907E-02
     -0.3887E-01  0.4428E-04  0.2986E-01 -0.1037E-01 -0.5000E+01
     -0.5000E+01  0.8777E-02  0.7053E-02  0.1198E-01  0.1128E-01
     -0.2103E-02 -0.1506E-02 -0.6495E-02 -0.3433E-02 -0.5000E+01
     -0.5000E+01  0.1113E-02  0.2892E-02 -0.3304E-02  0.1455E-02
     -0.2608E-02 -0.3622E-02 -0.5103E-02 -0.9623E-02 -0.5000E+01
     -0.5000E+01  0.7301E-02  0.2979E-02 -0.6049E-03 -0.3079E-02
     -0.7526E-02 -0.6455E-02 -0.1137E-02 -0.4754E-02 -0.5000E+01
     -0.5000E+01  0.6441E-02  0.6571E-02  0.1057E-01  0.8364E-02
      0.1784E-02  0.3466E-03 -0.2900E-02 -0.2292E-02 -0.5000E+01
     -0.5000E+01  0.1609E-02  0.6577E-02  0.3303E-02 -0.1270E-02
      0.1975E-02 -0.2000E-02 -0.4259E-02 -0.4492E-02 -0.5000E+01
     -0.5000E+01  0.1085E-01  0.8397E-02  0.6061E-02  0.8116E-02
      0.3924E-02  0.1937E-02 -0.2345E-02 -0.8324E-02 -0.5000E+01
     -0.5000E+01  0.8342E-02  0.5845E-02  0.6573E-02  0.3179E-02
      0.2040E-02  0.1651E-02 -0.3966E-02 -0.5155E-02 -0.5000E+01
     -0.5000E+01  0.4696E-02  0.8575E-03 -0.2624E-02 -0.2795E-02
     -0.2675E-02 -0.3695E-02 -0.6735E-02 -0.1031E-01 -0.5000E+01
     -0.5000E+01  0.4768E-02  0.1586E-02 -0.2655E-02 -0.2415E-02
     -0.7030E-02 -0.3554E-02 -0.5218E-02 -0.2186E-02 -0.5000E+01
     -0.5000E+01  0.5091E-02  0.2424E-02  0.6415E-02  0.3768E-02
     -0.2810E-02 -0.3309E-03 -0.5653E-02 -0.7591E-02 -0.5825E-02
     -0.5000E+01  0.5113E-02  0.3610E-02 -0.1429E-02  0.7319E-03
     -0.1108E-02 -0.4805E-02 -0.7737E-02 -0.8610E-02 -0.1387E-01
     -0.5000E+01  0.4381E-02  0.6262E-02  0.4491E-02  0.6464E-02
      0.7153E-03 -0.3976E-02 -0.5296E-02 -0.8703E-02 -0.1796E-01
      0.7182E-02  0.5582E-02  0.8176E-02  0.5157E-02 -0.5004E-03
      0.2156E-03 -0.4262E-02 -0.4858E-02 -0.9429E-02 -0.1513E-01
      0.1726E-02  0.1480E-02  0.2433E-02  0.1405E-02 -0.4488E-04
     -0.2100E-02 -0.2919E-02 -0.5194E-02 -0.1249E-01 -0.1377E-01
      0.6152E-02  0.8409E-03 -0.7396E-03  0.2895E-02 -0.2174E-02
     -0.1430E-02 -0.5142E-02 -0.1365E-01 -0.1477E-01 -0.1190E-01
      0.6194E-02  0.8238E-02  0.6167E-02  0.2251E-02  0.2759E-02
      0.1311E-02 -0.1293E-02 -0.5638E-02 -0.9401E-02 -0.3994E-02
      0.3394E-02  0.6852E-02  0.3704E-02  0.3681E-02 -0.6386E-03
     -0.3611E-02 -0.5696E-02 -0.5985E-02 -0.6273E-02 -0.8112E-02
      0.8965E-02  0.5011E-02  0.4906E-02  0.4115E-02  0.2539E-02
     -0.6269E-03 -0.1515E-02 -0.3514E-02 -0.7713E-02 -0.1484E-01
      0.1156E-02  0.4230E-02  0.9356E-02  0.3388E-02  0.1668E-02
     -0.4632E-02 -0.6089E-02 -0.7387E-02 -0.1222E-01 -0.1252E-01
      0.4460E-02  0.2086E-02  0.2261E-02  0.1173E-02 -0.1519E-02
     -0.1726E-02 -0.3244E-02 -0.7095E-02 -0.1062E-01 -0.1840E-01
      0.5417E-02  0.4209E-02  0.4725E-02  0.2376E-02  0.7883E-03
      0.3403E-02 -0.3141E-02 -0.7301E-02 -0.9980E-02 -0.1472E-01
      0.6524E-02  0.6297E-02  0.5029E-02  0.4796E-02  0.1698E-02
     -0.2982E-02 -0.4389E-02 -0.5079E-02 -0.9643E-02 -0.1303E-01
      0.1002E-01  0.6057E-02  0.3116E-02  0.1916E-02 -0.1240E-02
     -0.4596E-02 -0.5250E-02 -0.6636E-02 -0.1234E-01 -0.1226E-01
      0.5860E-02  0.3367E-02  0.7662E-02  0.2840E-02  0.2152E-02
     -0.1769E-02 -0.1188E-02 -0.7052E-02 -0.1007E-01 -0.1373E-01
      0.5366E-02  0.6283E-02  0.6544E-02  0.4308E-02 -0.2589E-04
     -0.1400E-02 -0.1572E-02 -0.6805E-02 -0.1147E-01 -0.1141E-01
      0.3709E-02  0.3098E-02  0.2974E-02  0.7517E-03  0.1480E-02
     -0.1700E-02 -0.5366E-02 -0.6980E-02 -0.1258E-01 -0.1520E-01
      0.8944E-02  0.7563E-02  0.5678E-02  0.4740E-02  0.4507E-02
      0.7617E-03 -0.2506E-02 -0.4284E-02 -0.1005E-01 -0.1410E-01
      0.3669E-02  0.7418E-02  0.5280E-02  0.2685E-02  0.3013E-03
     -0.3857E-02 -0.6615E-02 -0.8327E-02 -0.1183E-01 -0.1715E-01
      0.3142E-02  0.5818E-02  0.4759E-02  0.2947E-02 -0.2520E-02
     -0.3952E-03 -0.4158E-02 -0.1221E-01 -0.1546E-01 -0.1619E-01
      0.7852E-02  0.6753E-02  0.4804E-02  0.5538E-02  0.1767E-02
      0.2772E-03 -0.4239E-02 -0.7351E-02 -0.1034E-01 -0.1059E-01
      0.7349E-02  0.6395E-02  0.5504E-02  0.3284E-02  0.1032E-02
     -0.1587E-02 -0.2277E-02 -0.7655E-02 -0.1016E-01 -0.1001E-01
      0.6365E-02  0.3846E-02  0.4751E-02  0.3031E-02  0.5306E-03
      0.1040E-02 -0.2651E-02 -0.6313E-02 -0.1030E-01 -0.1346E-01
      0.5482E-02  0.3904E-02  0.4195E-02  0.5039E-02  0.3162E-02
     -0.1069E-02 -0.3373E-03 -0.5291E-02 -0.1074E-01 -0.1104E-01
      0.9752E-02  0.7173E-02  0.4817E-02  0.2160E-02 -0.1052E-02
     -0.3509E-02 -0.6864E-02 -0.9704E-02 -0.1599E-01 -0.1743E-01
      0.6727E-02  0.5123E-02  0.2168E-02  0.1124E-02 -0.3097E-02
     -0.3982E-02 -0.6614E-02 -0.1195E-01 -0.1358E-01 -0.1963E-01
      0.1268E-01  0.7186E-02  0.4058E-02  0.3644E-02  0.4517E-02
      0.3128E-02 -0.4068E-02 -0.6976E-02 -0.9310E-02 -0.1306E-01
      0.6727E-02  0.7348E-02  0.7976E-02  0.6483E-02  0.2914E-02
      0.1177E-02 -0.2553E-02 -0.6431E-02 -0.7753E-02 -0.9877E-02
      0.8037E-02  0.7197E-02  0.4270E-02  0.4680E-02  0.1262E-02
     -0.3145E-02 -0.5352E-02 -0.8719E-02 -0.1010E-01 -0.1538E-01
      0.8368E-02  0.5773E-02  0.6668E-02  0.5632E-02  0.2833E-02
      0.1668E-02  0.1160E-02 -0.3005E-02 -0.9899E-02 -0.8120E-02
      0.1038E-01  0.1019E-01  0.8349E-02  0.3481E-02 -0.7360E-03
     -0.4446E-02 -0.7363E-02 -0.1214E-01 -0.1722E-01 -0.2246E-01
      0.5527E-02  0.4604E-02  0.5283E-02  0.3500E-02  0.3974E-04
     -0.3867E-02 -0.5897E-02 -0.9854E-02 -0.1220E-01 -0.1542E-01
      0.1027E-01  0.7340E-02  0.6507E-02  0.4838E-02  0.4015E-02
     -0.1624E-02 -0.2620E-02 -0.4711E-02 -0.8315E-02 -0.1151E-01
     -0.5000E+01 -0.5000E+01 -0.5000E+01  0.3940E-01  0.2039E-01
     -0.1304E-02  0.4392E-01 -0.5000E+01 -0.5000E+01 -0.5000E+01
     -0.5000E+01 -0.5000E+01 -0.5000E+01  0.2435E-01 -0.1978E-01
     -0.7542E-02 -0.1950E-01 -0.1972E-01 -0.5000E+01 -0.5000E+01
     -0.5000E+01 -0.5000E+01 -0.5000E+01 -0.1755E-01 -0.5267E-01
     -0.2044E-01  0.2885E-01 -0.9045E-01 -0.5000E+01 -0.5000E+01
     -0.5000E+01 -0.5000E+01 -0.5000E+01  0.7015E-01  0.1265E-01
      0.2693E-01 -0.3843E-02  0.2087E-01 -0.5000E+01 -0.5000E+01
     -0.5000E+01 -0.5000E+01  0.1450E-01  0.5203E-02 -0.5163E-01
     -0.1321E-01 -0.2024E-01 -0.2492E-01 -0.5000E+01 -0.5000E+01
     -0.5000E+01 -0.5000E+01 -0.5000E+01  0.6469E-01  0.8668E-02
     -0.1017E-01  0.1853E-01 -0.3201E-01 -0.5000E+01 -0.5000E+01
     -0.5000E+01  0.4486E-02  0.7778E-02  0.4233E-02  0.8044E-02
      0.6692E-02  0.4520E-02  0.2091E-02 -0.2344E-02 -0.5000E+01
     -0.5000E+01 -0.1229E-01 -0.1245E-02 -0.3996E-02 -0.3977E-02
     -0.5438E-02 -0.5711E-02 -0.5656E-02 -0.1068E-01 -0.5000E+01
     -0.5000E+01  0.4836E-02  0.4518E-02 -0.4079E-02 -0.3367E-02
     -0.1707E-02 -0.5111E-02 -0.2449E-02 -0.3068E-02 -0.5000E+01
     -0.5000E+01  0.3859E-02  0.2627E-02  0.5319E-02  0.1375E-04
      0.5806E-02  0.1335E-02  0.4732E-03 -0.1396E-02 -0.5000E+01
     -0.5000E+01  0.3926E-02  0.2902E-02  0.3603E-02  0.4138E-02
      0.8440E-03 -0.1646E-02 -0.3048E-02 -0.5935E-03 -0.5000E+01
     -0.5000E+01  0.7897E-02  0.1074E-01  0.4095E-02  0.4772E-02
      0.4313E-02 -0.3683E-02 -0.3407E-04 -0.8169E-02 -0.5000E+01
     -0.5000E+01  0.8191E-02  0.4872E-02  0.2251E-02  0.6229E-02
      0.1924E-02  0.1266E-02 -0.3443E-02 -0.6214E-02 -0.5000E+01
     -0.5000E+01 -0.1854E-02  0.8234E-03 -0.1197E-02 -0.1725E-02
     -0.2831E-02 -0.5690E-02 -0.6316E-02 -0.1093E-01 -0.5000E+01
     -0.5000E+01  0.2164E-02  0.2348E-02  0.1580E-02 -0.2714E-02
      0.4461E-03 -0.3324E-02 -0.4718E-02 -0.1961E-02 -0.5000E+01
     -0.5000E+01  0.6431E-02  0.8374E-02  0.5109E-02  0.4709E-02
      0.5528E-02  0.1010E-02 -0.3393E-02 -0.1172E-02 -0.5000E+01
     -0.5000E+01  0.4588E-03  0.4057E-02  0.2484E-02  0.7304E-03
     -0.1819E-02 -0.3134E-02 -0.4797E-02 -0.8171E-02 -0.5000E+01
     -0.5000E+01  0.4233E-02  0.9515E-02  0.5665E-02  0.4487E-02
      0.1752E-02 -0.1002E-02 -0.1470E-02 -0.4965E-02 -0.1555E-01
     -0.5000E+01  0.8056E-02  0.5924E-02  0.5491E-02  0.2008E-02
     -0.1346E-02 -0.8850E-03 -0.2807E-02 -0.4845E-02 -0.1025E-01
     -0.3131E-02  0.6307E-03  0.1044E-02 -0.9612E-03 -0.2676E-02
     -0.9715E-03 -0.3881E-02 -0.7294E-02 -0.8655E-02 -0.5433E-02
     -0.5000E+01  0.2098E-02  0.3768E-02  0.2526E-02 -0.3047E-02
      0.1962E-02 -0.3495E-02 -0.5403E-02 -0.5495E-02 -0.5000E+01
      0.5266E-02  0.7089E-02  0.5825E-02  0.6015E-02  0.3087E-03
      0.2473E-02  0.1368E-02 -0.1612E-02 -0.4961E-02 -0.3614E-02
     -0.1212E-02  0.3075E-02  0.1253E-02  0.1817E-02 -0.3406E-03
      0.2159E-02  0.1566E-02 -0.4012E-02 -0.7962E-02 -0.1021E-01
      0.4333E-02  0.5696E-02  0.5149E-02  0.4655E-02  0.2724E-02
      0.3028E-03  0.1279E-03 -0.3687E-02 -0.8457E-02 -0.1220E-01
      0.1272E-01  0.9862E-02  0.6917E-02  0.2961E-02  0.3483E-03
     -0.1214E-02 -0.4934E-02 -0.6461E-02 -0.9892E-02 -0.1441E-01
      0.4513E-02  0.3680E-02  0.3540E-02  0.3198E-02 -0.5791E-03
     -0.6935E-03 -0.3114E-02 -0.6145E-02 -0.1237E-01 -0.1565E-01
      0.2671E-02  0.3955E-02  0.2528E-02  0.4216E-03 -0.1672E-02
     -0.4176E-02 -0.1735E-02 -0.1095E-01 -0.1216E-01 -0.1917E-01
      0.5878E-02  0.7131E-02  0.3527E-02  0.3036E-02  0.3549E-02
     -0.1291E-03 -0.1053E-02 -0.3404E-02 -0.8869E-02 -0.5656E-02
      0.5582E-02  0.4579E-02  0.8836E-03  0.2937E-02  0.1416E-02
     -0.4670E-02 -0.2673E-02 -0.7446E-02 -0.1001E-01 -0.1199E-01
      0.8552E-02  0.5720E-02  0.3440E-02  0.3828E-02  0.1322E-02
      0.1864E-04 -0.3046E-02 -0.6214E-02 -0.7501E-02 -0.1109E-01
      0.7259E-02  0.7048E-02  0.5220E-02  0.3670E-02  0.1086E-02
     -0.2210E-03 -0.4770E-02 -0.9895E-02 -0.1397E-01 -0.1575E-01
      0.4450E-02  0.2294E-02  0.2438E-02  0.6549E-03 -0.1671E-02
     -0.1988E-02 -0.4907E-02 -0.7602E-02 -0.1194E-01 -0.1319E-01
      0.2039E-02  0.2579E-02  0.3462E-02  0.1042E-02  0.1157E-02
      0.6998E-03 -0.3779E-02 -0.4340E-02 -0.1174E-01 -0.1396E-01
      0.4724E-02  0.7204E-02  0.4936E-02  0.1516E-02 -0.1281E-02
     -0.2934E-02 -0.4751E-02 -0.8546E-02 -0.1281E-01 -0.1804E-01
      0.7504E-02  0.2779E-02  0.2887E-02  0.1681E-02  0.1789E-02
     -0.4658E-02 -0.7479E-02 -0.8365E-02 -0.1234E-01 -0.1468E-01
      0.7875E-02  0.5972E-02  0.1926E-02  0.2630E-02  0.1827E-03
     -0.1185E-02 -0.5295E-02 -0.7211E-02 -0.1247E-01 -0.1212E-01
      0.4795E-02  0.6618E-02  0.3663E-02  0.1881E-02  0.1085E-02
     -0.2972E-02 -0.7218E-02 -0.9814E-02 -0.1429E-01 -0.1609E-01
      0.3957E-02  0.2821E-02  0.2237E-02  0.8130E-03 -0.4253E-04
     -0.3823E-02 -0.4764E-02 -0.8444E-02 -0.1167E-01 -0.1516E-01
      0.1117E-01  0.9403E-02  0.6940E-02  0.4452E-02  0.3186E-02
      0.6212E-03 -0.1294E-02 -0.4397E-02 -0.8348E-02 -0.1002E-01
      0.7133E-02  0.5603E-02  0.2365E-02  0.1336E-02 -0.1544E-03
     -0.5131E-02 -0.6516E-02 -0.1163E-01 -0.1566E-01 -0.1715E-01
      0.4428E-02  0.2994E-02 -0.4022E-04 -0.1446E-02 -0.3186E-02
     -0.6676E-02 -0.1276E-01 -0.1488E-01 -0.1704E-01 -0.1924E-01
      0.5102E-02  0.7153E-02  0.4388E-02  0.2346E-02 -0.4050E-03
     -0.2609E-02 -0.5765E-02 -0.7583E-02 -0.1008E-01 -0.1440E-01
      0.8142E-02  0.8662E-02  0.5977E-02  0.4484E-02  0.2984E-02
     -0.4258E-02 -0.6992E-02 -0.9315E-02 -0.1270E-01 -0.1434E-01
      0.7507E-02  0.4973E-02  0.2523E-02  0.2009E-02 -0.2064E-02
     -0.2996E-02 -0.7775E-02 -0.8974E-02 -0.1321E-01 -0.1512E-01
      0.3307E-02  0.4232E-02  0.2166E-02  0.1874E-02  0.2156E-03
      0.1915E-02 -0.1623E-02 -0.4027E-02 -0.8343E-02 -0.1067E-01
      0.9386E-02  0.7279E-02  0.2791E-02 -0.2823E-03 -0.2988E-02
     -0.8440E-02 -0.1131E-01 -0.1291E-01 -0.1668E-01 -0.1957E-01
      0.6563E-02  0.5352E-02  0.1429E-02 -0.1067E-02 -0.5747E-02
     -0.8058E-02 -0.1146E-01 -0.1279E-01 -0.1935E-01 -0.2254E-01
      0.8597E-02  0.7555E-02  0.5130E-02  0.2128E-02 -0.2282E-03
     -0.1445E-02 -0.5358E-02 -0.7812E-02 -0.9681E-02 -0.1688E-01
      0.4568E-02  0.6486E-02  0.4432E-02  0.5838E-02  0.2010E-03
     -0.1132E-02 -0.4808E-02 -0.9279E-02 -0.1065E-01 -0.1424E-01
      0.7203E-02  0.5013E-02  0.3373E-02 -0.2986E-02 -0.4355E-02
     -0.4692E-02 -0.7742E-02 -0.1145E-01 -0.1559E-01 -0.1556E-01
      0.7673E-02  0.4337E-02 -0.8409E-03  0.1439E-02  0.7391E-03
     -0.1536E-02 -0.9866E-03 -0.4648E-02 -0.1016E-01 -0.5000E+01
      0.9326E-02  0.8233E-02  0.5203E-02 -0.1051E-03 -0.8662E-02
     -0.8911E-02 -0.1274E-01 -0.1440E-01 -0.1782E-01 -0.2268E-01
      0.4022E-02  0.1019E-02  0.4248E-03 -0.2472E-02 -0.3071E-02
     -0.7199E-02 -0.1118E-01 -0.1456E-01 -0.1647E-01 -0.2235E-01
      0.8425E-02  0.7944E-02  0.5248E-02  0.2551E-02 -0.3317E-02
     -0.4502E-02 -0.5563E-02 -0.8254E-02 -0.1309E-01 -0.1481E-01
     -0.5000E+01 -0.5000E+01 -0.6393E-02 -0.2011E-01  0.2185E-01
     -0.8045E-02  0.1952E-01  0.1676E-02 -0.5000E+01 -0.5000E+01
     -0.5000E+01 -0.5000E+01  0.1199E-01  0.3468E-01 -0.2377E-01
      0.1027E-01 -0.1879E-01 -0.2504E-01 -0.5000E+01 -0.5000E+01
     -0.5000E+01 -0.5000E+01 -0.9660E-02 -0.2217E-01 -0.1831E-01
      0.1272E-01  0.9312E-02 -0.2380E-01 -0.5000E+01 -0.5000E+01
     -0.5000E+01 -0.5000E+01  0.7044E-02  0.1587E-01  0.2499E-01
     -0.5938E-01  0.1191E-01  0.8887E-01 -0.5000E+01 -0.5000E+01
     -0.5000E+01 -0.5000E+01  0.3084E-01  0.7051E-02 -0.2493E-01
      0.3407E-01 -0.1406E-02 -0.1427E-01 -0.5000E+01 -0.5000E+01
     -0.5000E+01 -0.5000E+01 -0.1837E-01  0.2763E-01 -0.1712E-01
     -0.1805E-01  0.3059E-01 -0.4059E-01 -0.5000E+01 -0.5000E+01
     -0.5000E+01 -0.2453E-02  0.7116E-02  0.1194E-02  0.5901E-02
      0.3157E-02  0.4500E-02 -0.1286E-02 -0.2469E-02 -0.5000E+01
     -0.5000E+01 -0.6078E-02 -0.9324E-03 -0.4027E-02 -0.2338E-02
     -0.8303E-02 -0.9145E-02 -0.7555E-02 -0.9786E-02 -0.5000E+01
     -0.5000E+01  0.1799E-02 -0.1109E-02 -0.1300E-02 -0.1407E-02
     -0.1914E-02 -0.1827E-02 -0.6127E-02 -0.2039E-03 -0.5000E+01
     -0.5000E+01  0.6891E-03  0.6443E-02  0.7419E-02  0.4169E-02
      0.2915E-02 -0.2526E-02 -0.2754E-02 -0.8013E-02 -0.5000E+01
     -0.5000E+01  0.9695E-03 -0.4222E-02  0.1771E-02  0.1332E-02
     -0.6526E-03 -0.2783E-02 -0.3587E-02 -0.7312E-02 -0.5000E+01
     -0.5000E+01  0.5279E-02  0.4354E-02  0.3535E-02  0.3669E-02
      0.2515E-02 -0.2264E-02 -0.1575E-02 -0.5391E-02 -0.5000E+01
     -0.5000E+01  0.5860E-02  0.4592E-02  0.3283E-02  0.5929E-02
      0.2215E-02 -0.6092E-03 -0.2033E-02 -0.7398E-02 -0.5000E+01
     -0.5000E+01 -0.1678E-02 -0.3257E-02 -0.1914E-02  0.5389E-03
     -0.4068E-02 -0.3617E-02 -0.8168E-02 -0.9021E-02 -0.5000E+01
     -0.5000E+01  0.9131E-03  0.8036E-03 -0.1131E-02  0.7049E-03
     -0.3324E-02 -0.3247E-02 -0.3018E-02 -0.4172E-02 -0.5000E+01
     -0.5000E+01  0.6540E-02  0.6051E-02  0.4218E-02  0.5882E-02
     -0.6002E-03  0.1046E-02 -0.2125E-02 -0.4582E-02 -0.5000E+01
     -0.5000E+01 -0.3627E-02 -0.1081E-02 -0.3245E-02 -0.1301E-02
      0.8118E-03 -0.4528E-02 -0.6757E-02 -0.7085E-02 -0.5000E+01
     -0.5000E+01  0.8131E-02  0.6387E-02  0.5660E-02  0.2883E-02
      0.4493E-03 -0.1051E-02 -0.3281E-02 -0.9703E-02 -0.1730E-01
      0.5622E-02  0.7275E-02  0.7335E-02  0.4134E-02  0.5132E-02
     -0.2087E-03 -0.5631E-03 -0.6651E-02 -0.9341E-02 -0.1009E-01
      0.1040E-02  0.8732E-04  0.1681E-02  0.1110E-02 -0.1664E-02
     -0.2273E-02 -0.4726E-02 -0.5828E-02 -0.1068E-01 -0.1307E-01
     -0.5000E+01  0.2699E-02  0.1692E-02  0.1123E-02 -0.1955E-02
     -0.1766E-02 -0.2512E-02 -0.2635E-02 -0.3012E-02 -0.5000E+01
      0.1005E-01  0.6657E-02  0.6934E-02  0.5462E-02  0.2964E-02
      0.1745E-02  0.4690E-03 -0.1212E-02 -0.4783E-02 -0.8539E-02
      0.1418E-02  0.1857E-02  0.1934E-02 -0.1334E-02  0.2740E-03
     -0.1861E-02 -0.3720E-02 -0.5098E-02 -0.7885E-02 -0.1164E-01
      0.7798E-02  0.5733E-02  0.5211E-02  0.4860E-02  0.1468E-02
      0.1587E-02 -0.7996E-03 -0.4313E-02 -0.1065E-01 -0.1591E-01
      0.1053E-01  0.6942E-02  0.7543E-02  0.6342E-02  0.3228E-02
      0.1221E-02 -0.4438E-02 -0.6291E-02 -0.1136E-01 -0.1526E-01
      0.5173E-02  0.3094E-02  0.3687E-02 -0.8575E-03 -0.4838E-03
     -0.1604E-02 -0.2630E-02 -0.7469E-02 -0.9156E-02 -0.1030E-01
      0.2361E-02  0.1748E-02  0.2776E-02 -0.5025E-03 -0.2041E-02
     -0.4722E-02 -0.8013E-02 -0.1006E-01 -0.1330E-01 -0.1735E-01
      0.6445E-02  0.5186E-02  0.5952E-02  0.8549E-03 -0.4958E-03
     -0.1034E-02 -0.1885E-02 -0.5047E-02 -0.9535E-02 -0.1037E-01
      0.1768E-02  0.2873E-02  0.1895E-02 -0.8445E-04 -0.2378E-03
     -0.4374E-02 -0.6457E-02 -0.6918E-02 -0.1184E-01 -0.1224E-01
      0.2252E-02  0.5540E-02  0.4183E-02  0.2607E-02  0.9439E-04
     -0.3738E-02 -0.3859E-02 -0.8420E-02 -0.1177E-01 -0.1156E-01
      0.7472E-02  0.5785E-02  0.6576E-02  0.3420E-02  0.1314E-02
     -0.3232E-02 -0.6515E-02 -0.1140E-01 -0.1308E-01 -0.1813E-01
     -0.3482E-04  0.1418E-02  0.1224E-02  0.1360E-02 -0.7355E-03
     -0.2852E-02 -0.4062E-02 -0.6916E-02 -0.1210E-01 -0.1544E-01
      0.8162E-03  0.1991E-02  0.1504E-02  0.3957E-02  0.3364E-03
     -0.1598E-02 -0.3986E-02 -0.6945E-02 -0.1114E-01 -0.1382E-01
      0.5374E-02  0.3511E-02  0.3341E-02  0.2039E-02 -0.2140E-02
     -0.5183E-02 -0.8485E-02 -0.8685E-02 -0.1248E-01 -0.1486E-01
      0.1757E-02  0.1779E-02 -0.1276E-04 -0.6579E-03 -0.5208E-03
     -0.4353E-02 -0.1043E-01 -0.1125E-01 -0.1273E-01 -0.1440E-01
      0.7446E-02  0.5044E-02  0.2425E-02  0.1340E-02  0.6739E-03
     -0.3740E-02 -0.5628E-02 -0.1004E-01 -0.1375E-01 -0.1338E-01
      0.4516E-02  0.6629E-02  0.3150E-02  0.6153E-03 -0.1721E-02
     -0.4147E-02 -0.6302E-02 -0.1140E-01 -0.1197E-01 -0.1579E-01
      0.3769E-02  0.3559E-02  0.2926E-02  0.1080E-02 -0.1855E-02
     -0.4986E-02 -0.6481E-02 -0.1031E-01 -0.1241E-01 -0.1621E-01
      0.5762E-02  0.1052E-01  0.6385E-02  0.1210E-02  0.4910E-02
      0.4199E-03 -0.2558E-02 -0.3223E-02 -0.7960E-02 -0.1493E-01
      0.7403E-02  0.3780E-02  0.1638E-02 -0.3205E-02 -0.5006E-02
     -0.6375E-02 -0.1073E-01 -0.1063E-01 -0.1538E-01 -0.1847E-01
      0.4369E-02  0.3756E-02 -0.1302E-02 -0.4339E-02 -0.6393E-02
     -0.8869E-02 -0.1261E-01 -0.1435E-01 -0.1723E-01 -0.1769E-01
      0.8953E-02  0.4747E-02  0.5167E-02  0.1287E-02  0.1399E-02
     -0.3071E-02 -0.5477E-02 -0.1018E-01 -0.1585E-01 -0.1691E-01
      0.5597E-02  0.5690E-02  0.3611E-02 -0.1706E-03  0.3095E-02
     -0.6555E-02 -0.6604E-02 -0.1242E-01 -0.1522E-01 -0.1580E-01
      0.1378E-02  0.3536E-02  0.4190E-02  0.2872E-02 -0.2352E-03
     -0.1677E-02 -0.7312E-02 -0.9708E-02 -0.1409E-01 -0.1688E-01
      0.7971E-02  0.3836E-02  0.5822E-03  0.2015E-03  0.2203E-02
      0.4026E-02 -0.2305E-02 -0.5180E-02 -0.7675E-02 -0.1717E-01
     -0.5000E+01  0.7992E-02  0.7043E-03 -0.4006E-02 -0.8293E-02
     -0.8341E-02 -0.9821E-02 -0.1402E-01 -0.1744E-01 -0.1863E-01
      0.7753E-02  0.3726E-02  0.9518E-04 -0.4518E-02 -0.8197E-02
     -0.1079E-01 -0.1669E-01 -0.1605E-01 -0.1930E-01 -0.2483E-01
     -0.5000E+01  0.4532E-02  0.2616E-02  0.2378E-02  0.1020E-03
     -0.3993E-02 -0.7282E-02 -0.1059E-01 -0.1374E-01 -0.1356E-01
     -0.5000E+01 -0.5000E+01 -0.5000E+01 -0.5000E+01 -0.5000E+01
     -0.5000E+01 -0.5000E+01 -0.5000E+01 -0.5000E+01 -0.5000E+01
     -0.5000E+01 -0.5000E+01 -0.5000E+01 -0.5000E+01 -0.5000E+01
     -0.5000E+01 -0.5000E+01 -0.5000E+01 -0.5000E+01 -0.5000E+01
     -0.5000E+01 -0.5000E+01 -0.5000E+01 -0.5000E+01 -0.5000E+01
     -0.5000E+01 -0.5000E+01 -0.5000E+01 -0.5000E+01 -0.5000E+01
     -0.5000E+01 -0.5000E+01 -0.5000E+01 -0.5000E+01 -0.5000E+01
     -0.5000E+01 -0.5000E+01 -0.5000E+01 -0.3655E-01 -0.5000E+01
     -0.5000E+01 -0.5000E+01 -0.5000E+01 -0.5000E+01 -0.5000E+01
     -0.5000E+01 -0.5000E+01 -0.5000E+01 -0.5000E+01 -0.5000E+01
     -0.5000E+01 -0.5000E+01 -0.5000E+01 -0.5000E+01 -0.5000E+01
     -0.5000E+01 -0.5000E+01 -0.5000E+01 -0.5000E+01 -0.5000E+01
     -0.5000E+01 -0.5000E+01 -0.5000E+01  0.8349E-02  0.6620E-03
      0.8155E-02 -0.1246E-03  0.2840E-02 -0.5000E+01 -0.5000E+01
     -0.5000E+01 -0.5000E+01 -0.1857E-01 -0.1183E-01 -0.6052E-02
     -0.7175E-02 -0.7953E-02 -0.6356E-02 -0.5000E+01 -0.5000E+01
     -0.5000E+01 -0.5000E+01 -0.5000E+01  0.8755E-02  0.7873E-02
      0.2825E-02 -0.7023E-02 -0.5000E+01 -0.5000E+01 -0.5000E+01
     -0.5000E+01 -0.5000E+01  0.2704E-03  0.3857E-02  0.4294E-02
      0.5248E-03 -0.6896E-02 -0.7260E-02 -0.5000E+01 -0.5000E+01
     -0.5000E+01 -0.5000E+01 -0.6181E-02  0.8057E-03  0.6299E-02
      0.1805E-02 -0.1369E-02  0.3066E-02 -0.5000E+01 -0.5000E+01
     -0.5000E+01 -0.5000E+01  0.8236E-02  0.2633E-02  0.8671E-02
      0.8972E-02 -0.6437E-02  0.3536E-02 -0.5000E+01 -0.5000E+01
     -0.5000E+01 -0.1704E-02  0.2114E-02  0.5561E-02  0.3093E-02
      0.1066E-02  0.8451E-03 -0.1820E-03 -0.4744E-02 -0.5000E+01
     -0.5000E+01 -0.8165E-02 -0.7931E-02 -0.3387E-02 -0.4782E-02
     -0.6360E-02 -0.3792E-02 -0.5264E-02 -0.8259E-02 -0.5000E+01
     -0.5000E+01  0.3394E-02  0.3717E-02  0.3636E-03  0.1655E-02
     -0.1442E-02 -0.2583E-02 -0.6636E-02 -0.8822E-02 -0.5000E+01
     -0.5000E+01  0.8854E-02  0.5089E-02  0.4703E-02  0.1441E-02
      0.2753E-02 -0.1220E-02 -0.1834E-02 -0.7217E-02 -0.5000E+01
     -0.5000E+01  0.1280E-02  0.2652E-02 -0.6797E-03  0.5375E-03
     -0.3010E-02 -0.1961E-02 -0.3607E-02 -0.6817E-02 -0.5000E+01
     -0.5000E+01  0.7855E-02  0.6293E-02  0.3641E-02 -0.1154E-02
      0.2926E-02 -0.7912E-03 -0.6354E-02 -0.1188E-01 -0.5000E+01
     -0.5000E+01  0.3345E-02  0.3705E-02  0.3037E-02  0.2462E-02
      0.1526E-02 -0.1156E-03 -0.4454E-02 -0.6413E-02 -0.5000E+01
     -0.5000E+01 -0.3103E-02 -0.1960E-02 -0.1003E-02 -0.2273E-02
     -0.4513E-02 -0.4383E-02 -0.4947E-02 -0.8882E-02 -0.5000E+01
     -0.5000E+01  0.2106E-02  0.4961E-03 -0.4391E-03 -0.1823E-02
     -0.2823E-02 -0.1898E-02 -0.4990E-02 -0.5103E-02 -0.5000E+01
     -0.5000E+01  0.5145E-02  0.4271E-02  0.4541E-02  0.3632E-02
      0.2964E-02 -0.4420E-03 -0.8201E-03 -0.6139E-02 -0.5000E+01
     -0.5000E+01 -0.1574E-02 -0.9573E-03 -0.1158E-02  0.4524E-03
     -0.2386E-02 -0.3625E-02 -0.3440E-02 -0.7456E-02 -0.5000E+01
     -0.5000E+01  0.6434E-02  0.6980E-02  0.5071E-02  0.3906E-02
      0.5665E-03 -0.1409E-02 -0.3751E-02 -0.9630E-02 -0.5000E+01
     -0.3751E-03  0.7010E-02  0.5784E-02  0.4928E-02  0.3138E-02
      0.1797E-02 -0.2785E-03 -0.4931E-02 -0.8280E-02 -0.1174E-01
      0.9135E-03  0.2110E-02 -0.5998E-03  0.8177E-03 -0.1199E-02
     -0.2557E-02 -0.4827E-02 -0.6879E-02 -0.8816E-02 -0.1066E-01
     -0.5000E+01  0.2112E-03 -0.9566E-04 -0.1936E-03 -0.2530E-02
     -0.7285E-02 -0.4802E-02 -0.6641E-02 -0.3208E-02 -0.5000E+01
      0.8218E-02  0.5352E-02  0.3591E-02  0.4578E-02  0.3504E-02
      0.3013E-02  0.1178E-02 -0.1615E-02 -0.3096E-02 -0.1036E-01
     -0.2773E-03  0.2942E-03 -0.6717E-03 -0.8000E-03 -0.2298E-02
     -0.2073E-02 -0.5185E-02 -0.6592E-02 -0.7431E-02 -0.1399E-01
      0.8596E-02  0.7906E-02  0.7140E-02  0.5684E-02  0.1248E-02
      0.1593E-02 -0.1919E-02 -0.5280E-02 -0.9661E-02 -0.1645E-01
      0.7008E-02  0.6401E-02  0.6545E-02  0.4508E-02 -0.1073E-02
     -0.2286E-02 -0.2551E-02 -0.9107E-02 -0.1160E-01 -0.1787E-01
      0.2718E-02  0.3336E-02  0.2198E-02  0.2043E-02 -0.1797E-02
     -0.6719E-02 -0.4924E-02 -0.6879E-02 -0.9897E-02 -0.1184E-01
      0.7436E-03  0.2880E-02  0.1167E-02 -0.7947E-03 -0.2178E-02
     -0.4379E-02 -0.9173E-02 -0.1068E-01 -0.1412E-01 -0.2075E-01
      0.5325E-02  0.3923E-02  0.2047E-02  0.4241E-02  0.1197E-03
      0.1301E-03 -0.3610E-02 -0.5787E-02 -0.5786E-02 -0.9525E-02
     -0.7235E-03  0.1782E-02  0.5806E-03 -0.2433E-02 -0.3123E-02
     -0.7086E-02 -0.3702E-02 -0.8827E-02 -0.1140E-01 -0.1208E-01
      0.8776E-02  0.5042E-02  0.5691E-02  0.6667E-03  0.5054E-03
     -0.4199E-02 -0.3752E-02 -0.7256E-02 -0.1048E-01 -0.1433E-01
      0.9705E-02  0.7880E-02  0.7999E-02  0.4498E-03 -0.2186E-03
     -0.1310E-02 -0.8690E-02 -0.1029E-01 -0.1437E-01 -0.2187E-01
      0.4799E-02  0.2288E-02  0.3526E-02 -0.7504E-03 -0.2035E-02
     -0.4994E-02 -0.6052E-02 -0.1078E-01 -0.9931E-02 -0.1468E-01
     -0.4368E-02  0.3003E-02  0.1077E-02 -0.1074E-02 -0.1132E-03
     -0.1596E-02 -0.7208E-02 -0.6758E-02 -0.1136E-01 -0.1276E-01
      0.4860E-02  0.4708E-02  0.3004E-02 -0.2146E-02 -0.3004E-02
     -0.5367E-02 -0.7308E-02 -0.8714E-02 -0.1116E-01 -0.1737E-01
      0.3797E-02  0.2883E-02 -0.1113E-02 -0.1421E-02 -0.6550E-02
     -0.7814E-02 -0.1153E-01 -0.1447E-01 -0.1378E-01 -0.1662E-01
      0.6280E-02  0.5742E-02  0.2182E-02 -0.3083E-03 -0.1613E-02
     -0.6353E-02 -0.8390E-02 -0.9970E-02 -0.1125E-01 -0.1714E-01
     -0.5000E+01  0.5091E-02  0.4094E-02  0.2208E-02 -0.3678E-02
     -0.2689E-02 -0.9603E-02 -0.1158E-01 -0.1637E-01 -0.1712E-01
      0.7958E-02  0.2322E-02  0.2327E-02  0.8672E-03 -0.1555E-02
     -0.8082E-02 -0.6385E-02 -0.8043E-02 -0.1376E-01 -0.1525E-01
     -0.5000E+01  0.1278E-01  0.7423E-02  0.4292E-02  0.1098E-02
      0.3583E-02 -0.2016E-02 -0.4128E-02 -0.9569E-02 -0.5000E+01
     -0.5000E+01  0.4178E-02  0.3134E-02 -0.2996E-02 -0.4458E-02
     -0.9987E-02 -0.9391E-02 -0.1344E-01 -0.1576E-01 -0.1760E-01
      0.4577E-02  0.2935E-02 -0.4211E-03 -0.4728E-02 -0.7702E-02
     -0.1208E-01 -0.1649E-01 -0.1672E-01 -0.1816E-01 -0.1980E-01
     -0.5000E+01  0.4465E-02  0.4774E-02  0.7545E-03 -0.2633E-02
     -0.1127E-02 -0.7511E-02 -0.9761E-02 -0.1355E-01 -0.1746E-01
     -0.5000E+01 -0.5000E+01 -0.5000E+01 -0.5000E+01 -0.5000E+01
     -0.5000E+01 -0.5000E+01 -0.5000E+01 -0.5000E+01 -0.5000E+01
     -0.5000E+01 -0.5000E+01 -0.5000E+01 -0.5000E+01 -0.5000E+01
     -0.5000E+01 -0.5000E+01 -0.5000E+01 -0.5000E+01 -0.5000E+01
     -0.5000E+01 -0.5000E+01 -0.5000E+01 -0.5000E+01 -0.5000E+01
     -0.5000E+01 -0.5000E+01 -0.5000E+01 -0.5000E+01 -0.5000E+01
     -0.5000E+01 -0.5000E+01 -0.5000E+01 -0.5000E+01 -0.5000E+01
     -0.5000E+01 -0.5000E+01 -0.5000E+01 -0.2379E-01 -0.5000E+01
     -0.5000E+01 -0.5000E+01 -0.5000E+01 -0.5000E+01 -0.5000E+01
     -0.5000E+01 -0.5000E+01 -0.5000E+01 -0.5000E+01 -0.5000E+01
     -0.5000E+01 -0.5000E+01 -0.5000E+01 -0.5000E+01 -0.5000E+01
     -0.5000E+01 -0.5000E+01 -0.5000E+01 -0.5000E+01 -0.5000E+01
     -0.5000E+01 -0.5000E+01 -0.5000E+01 -0.5000E+01 -0.5000E+01
     -0.5000E+01 -0.5000E+01 -0.5000E+01 -0.5000E+01 -0.5000E+01
     -0.5000E+01 -0.5000E+01 -0.5000E+01 -0.5000E+01 -0.5000E+01
     -0.5000E+01 -0.5000E+01 -0.5000E+01 -0.5000E+01 -0.5000E+01
     -0.5000E+01 -0.5000E+01 -0.5000E+01 -0.5000E+01 -0.5000E+01
     -0.5000E+01 -0.5000E+01 -0.5000E+01 -0.5000E+01 -0.5000E+01
     -0.5000E+01 -0.5000E+01 -0.5000E+01 -0.5000E+01 -0.5000E+01
     -0.5000E+01 -0.5000E+01 -0.5000E+01 -0.5000E+01 -0.5000E+01
     -0.5000E+01 -0.5000E+01 -0.5000E+01 -0.5000E+01 -0.5000E+01
     -0.5000E+01 -0.5000E+01 -0.5000E+01 -0.5000E+01 -0.5000E+01
     -0.5000E+01 -0.5000E+01 -0.5000E+01 -0.5000E+01 -0.5000E+01
     -0.5000E+01 -0.5000E+01 -0.5000E+01 -0.5000E+01 -0.5000E+01
     -0.5000E+01 -0.5000E+01 -0.5000E+01  0.2476E-02  0.2866E-01
     -0.7494E-01  0.1335E-01 -0.1124E-01 -0.5000E+01 -0.5000E+01
     -0.5000E+01 -0.5000E+01 -0.5000E+01 -0.1188E-01  0.2184E-01
     -0.2314E-01 -0.2673E-01 -0.2236E-01 -0.5000E+01 -0.5000E+01
     -0.5000E+01 -0.5000E+01 -0.5000E+01 -0.5000E+01 -0.5000E+01
     -0.5000E+01 -0.5000E+01 -0.5000E+01 -0.5000E+01 -0.5000E+01
     -0.5000E+01 -0.5000E+01  0.1218E-01  0.1883E-01 -0.9100E-03
     -0.2307E-01  0.2115E-01 -0.7739E-02 -0.5000E+01 -0.5000E+01
     -0.5000E+01 -0.5000E+01 -0.5000E+01 -0.1540E-01 -0.4621E-01
     -0.1153E-01 -0.2540E-01 -0.5000E+01 -0.5000E+01 -0.5000E+01
     -0.5000E+01 -0.5000E+01 -0.5000E+01  0.1468E-01 -0.1684E-01
     -0.1152E-01  0.2898E-01 -0.2372E-01 -0.5000E+01 -0.5000E+01
     -0.5000E+01  0.2824E-02 -0.2084E-02  0.3378E-02  0.2252E-02
      0.8952E-03  0.2327E-02 -0.2437E-02 -0.2198E-02 -0.5000E+01
     -0.5000E+01 -0.1026E-01 -0.3398E-02 -0.5526E-02 -0.3987E-02
     -0.3754E-02 -0.3012E-02 -0.7375E-02 -0.7659E-02 -0.5000E+01
     -0.5000E+01  0.7434E-02  0.3396E-02  0.2182E-02 -0.4150E-02
     -0.4524E-02 -0.3862E-02 -0.8783E-02 -0.1292E-01 -0.5000E+01
     -0.5000E+01  0.9305E-02  0.6285E-02  0.1112E-02  0.2228E-02
      0.3676E-02 -0.1875E-02 -0.2543E-02 -0.6070E-02 -0.5000E+01
     -0.5000E+01 -0.2891E-03 -0.2857E-02 -0.2149E-02 -0.3920E-03
      0.2163E-02 -0.8214E-02  0.8737E-03 -0.1531E-03 -0.5000E+01
     -0.5000E+01  0.6095E-02  0.7167E-02  0.5575E-02  0.3144E-02
      0.5768E-03 -0.1538E-02 -0.6971E-02 -0.1080E-01 -0.5000E+01
     -0.5000E+01  0.4812E-02  0.3461E-02  0.5080E-02  0.4141E-02
     -0.3878E-03 -0.3502E-03 -0.5016E-02 -0.9002E-02 -0.5000E+01
     -0.5000E+01 -0.8482E-03 -0.2140E-02 -0.1760E-02 -0.3588E-03
     -0.2593E-02 -0.6756E-02 -0.6468E-02 -0.8578E-02 -0.5000E+01
     -0.5000E+01  0.5048E-02  0.1083E-03 -0.6789E-03 -0.3733E-02
     -0.4741E-02 -0.2707E-02 -0.3625E-02 -0.5272E-02 -0.5000E+01
     -0.5000E+01  0.3821E-02  0.4402E-02  0.4284E-02  0.3008E-02
      0.9638E-03 -0.4203E-03 -0.1461E-02 -0.3675E-02 -0.5000E+01
     -0.5000E+01 -0.3223E-02 -0.3551E-02 -0.3255E-02 -0.2916E-02
     -0.8487E-02 -0.4345E-02 -0.8825E-02 -0.8671E-02 -0.5000E+01
     -0.5000E+01  0.7996E-02  0.5103E-02  0.4996E-02  0.3294E-02
      0.1540E-03 -0.1377E-02 -0.4232E-02 -0.8735E-02 -0.5000E+01
     -0.5000E+01  0.6066E-02  0.6119E-02  0.3069E-02  0.1780E-02
      0.2414E-02 -0.1164E-02 -0.4168E-02 -0.7317E-02 -0.1072E-01
      0.3862E-02  0.1625E-02  0.1446E-02  0.4599E-04 -0.1634E-03
     -0.1973E-02 -0.3809E-02 -0.6026E-02 -0.9579E-02 -0.1306E-01
     -0.5000E+01  0.2335E-02 -0.1674E-02 -0.1716E-02 -0.3835E-02
     -0.1200E-02 -0.4800E-02 -0.4065E-02 -0.5681E-02 -0.5000E+01
     -0.5000E+01  0.4120E-02  0.4154E-02  0.4481E-02  0.2399E-02
      0.1913E-02 -0.1127E-04 -0.1242E-02 -0.4436E-02 -0.7971E-02
      0.2666E-02  0.1101E-02  0.8142E-03 -0.6571E-03 -0.3982E-02
     -0.4269E-02 -0.4158E-02 -0.7950E-02 -0.9928E-02 -0.1330E-01
     -0.5000E+01  0.7132E-02  0.6195E-02  0.3434E-02 -0.9175E-03
     -0.7764E-03 -0.5259E-02 -0.5858E-02 -0.9691E-02 -0.1699E-01
     -0.5000E+01  0.8277E-02  0.3994E-02  0.7134E-02  0.2177E-02
     -0.1437E-02 -0.7432E-02 -0.1220E-01 -0.1450E-01 -0.5000E+01
      0.5198E-02  0.4356E-02  0.2224E-02  0.7599E-03 -0.2664E-03
     -0.9796E-03 -0.4507E-02 -0.5909E-02 -0.1179E-01 -0.1668E-01
     -0.5000E+01  0.4277E-02  0.8394E-04 -0.1427E-02 -0.2418E-02
     -0.7378E-02 -0.6299E-02 -0.1205E-01 -0.1570E-01 -0.5000E+01
      0.6252E-02  0.5381E-02  0.3923E-02  0.1665E-02 -0.8414E-03
      0.2748E-04 -0.5492E-02 -0.4425E-02 -0.6614E-02 -0.1046E-01
     -0.1355E-02  0.2902E-03 -0.4494E-03 -0.2039E-02 -0.3777E-02
     -0.5167E-02 -0.7193E-02 -0.1003E-01 -0.1404E-01 -0.5000E+01
     -0.5000E+01  0.6509E-02  0.5618E-02  0.4155E-02 -0.3422E-02
     -0.4932E-02 -0.6454E-02 -0.7781E-02 -0.1156E-01 -0.1395E-01
     -0.5000E+01  0.7636E-02  0.8573E-02  0.2154E-02  0.7321E-03
     -0.5000E+01 -0.1077E-01 -0.5000E+01 -0.1572E-01 -0.5000E+01
     -0.5000E+01  0.5475E-02  0.2644E-02  0.1067E-02 -0.1873E-02
     -0.5696E-02 -0.8867E-02 -0.6790E-02 -0.1342E-01 -0.5000E+01
     -0.5000E+01  0.2652E-02  0.3630E-02  0.1277E-02  0.1332E-02
     -0.1628E-02 -0.6072E-02 -0.1014E-01 -0.1297E-01 -0.5000E+01
     -0.5000E+01  0.3857E-02  0.4119E-02 -0.1773E-02 -0.5013E-02
     -0.4441E-02 -0.7354E-02 -0.8309E-02 -0.1111E-01 -0.1352E-01
     -0.5000E+01 -0.4811E-04 -0.2142E-02 -0.4418E-02 -0.7778E-02
     -0.9541E-02 -0.1241E-01 -0.1053E-01 -0.1651E-01 -0.5000E+01
     -0.5000E+01  0.6051E-02  0.3148E-02  0.2917E-02 -0.4503E-02
     -0.6854E-02 -0.6095E-02 -0.1247E-01 -0.1203E-01 -0.5000E+01
     -0.5000E+01 -0.5000E+01 -0.5000E+01 -0.5000E+01 -0.5000E+01
     -0.5000E+01 -0.5000E+01 -0.5000E+01 -0.5000E+01 -0.5000E+01
     -0.5000E+01 -0.5000E+01 -0.5000E+01 -0.5000E+01 -0.5000E+01
     -0.5000E+01 -0.5000E+01 -0.5000E+01 -0.1699E-01 -0.5000E+01
     -0.5000E+01 -0.5000E+01 -0.5000E+01 -0.5000E+01 -0.5000E+01
     -0.5000E+01 -0.5000E+01 -0.5000E+01 -0.5000E+01 -0.5000E+01
     -0.5000E+01 -0.5000E+01 -0.5000E+01 -0.5000E+01 -0.5000E+01
     -0.5000E+01 -0.5000E+01 -0.5000E+01 -0.2609E-01 -0.5000E+01
     -0.5000E+01 -0.2834E-02 -0.5000E+01 -0.5000E+01 -0.5000E+01
     -0.5000E+01 -0.5000E+01 -0.5000E+01 -0.5000E+01 -0.5000E+01
     -0.5000E+01 -0.5000E+01 -0.5000E+01 -0.5000E+01 -0.5000E+01
     -0.5000E+01 -0.5000E+01 -0.2269E-01 -0.5000E+01 -0.5000E+01
     -0.5000E+01 -0.5000E+01 -0.5000E+01 -0.5000E+01 -0.5000E+01
     -0.5000E+01 -0.5000E+01 -0.5000E+01 -0.5000E+01 -0.5000E+01
     -0.5000E+01 -0.5000E+01 -0.5000E+01 -0.5000E+01 -0.5000E+01
     -0.5000E+01 -0.5000E+01 -0.5000E+01 -0.5000E+01 -0.5000E+01
     -0.5000E+01 -0.5000E+01 -0.5000E+01 -0.5000E+01 -0.5000E+01
     -0.5000E+01 -0.5000E+01 -0.5000E+01 -0.5000E+01 -0.5000E+01
     -0.5000E+01 -0.5000E+01 -0.5000E+01 -0.5000E+01 -0.5000E+01
     -0.5000E+01 -0.5000E+01 -0.5000E+01 -0.5000E+01 -0.5000E+01
     -0.5000E+01 -0.5000E+01 -0.5000E+01 -0.5000E+01 -0.5000E+01
     -0.5000E+01 -0.5000E+01 -0.5000E+01 -0.5000E+01 -0.5000E+01
     -0.5000E+01 -0.5000E+01 -0.5000E+01 -0.5000E+01 -0.5000E+01
     -0.5000E+01 -0.5000E+01 -0.5000E+01 -0.5000E+01 -0.5000E+01
     -0.5000E+01 -0.5000E+01 -0.5000E+01 -0.5000E+01 -0.5000E+01
     -0.5000E+01 -0.5000E+01 -0.5000E+01 -0.5000E+01 -0.5000E+01
     -0.5000E+01 -0.5000E+01 -0.5000E+01 -0.5000E+01 -0.5000E+01
     -0.5000E+01 -0.5000E+01 -0.5000E+01 -0.5000E+01 -0.5000E+01
     -0.5000E+01 -0.5000E+01 -0.5000E+01 -0.5000E+01 -0.5000E+01
     -0.5000E+01 -0.5000E+01 -0.5000E+01 -0.5000E+01 -0.5000E+01
     -0.5000E+01 -0.5000E+01 -0.5000E+01 -0.5000E+01 -0.5000E+01
     -0.5000E+01 -0.5000E+01 -0.5000E+01 -0.5000E+01 -0.5000E+01
     -0.5000E+01 -0.5000E+01 -0.5000E+01 -0.5000E+01 -0.5000E+01
     -0.5000E+01 -0.5000E+01 -0.5000E+01 -0.5000E+01 -0.5000E+01
     -0.5000E+01 -0.5000E+01 -0.5000E+01 -0.5000E+01 -0.5000E+01
     -0.5000E+01 -0.5000E+01 -0.5000E+01 -0.5000E+01 -0.5000E+01
     -0.5000E+01 -0.5000E+01 -0.5000E+01 -0.5000E+01 -0.5000E+01
     -0.5000E+01 -0.5000E+01 -0.5000E+01 -0.5000E+01 -0.5000E+01
     -0.5000E+01 -0.5000E+01 -0.5000E+01  0.2258E-01 -0.1550E-01
     -0.5000E+01 -0.9360E-02 -0.5000E+01 -0.5000E+01 -0.5000E+01
     -0.5000E+01 -0.5000E+01 -0.5000E+01 -0.5000E+01 -0.5000E+01
     -0.5000E+01 -0.5000E+01 -0.5000E+01 -0.5000E+01 -0.5000E+01
     -0.5000E+01 -0.5000E+01 -0.5000E+01 -0.6458E-02  0.2488E-01
     -0.5000E+01  0.1552E-01 -0.5000E+01 -0.5000E+01 -0.5000E+01
     -0.5000E+01 -0.5000E+01 -0.5000E+01 -0.5000E+01 -0.5000E+01
     -0.5000E+01 -0.5000E+01 -0.5000E+01 -0.5000E+01 -0.5000E+01
     -0.5000E+01 -0.5000E+01 -0.5000E+01  0.2270E-01 -0.5537E-02
     -0.2927E-01  0.2731E-01 -0.2343E-01 -0.5000E+01 -0.5000E+01
     -0.5000E+01 -0.4032E-02  0.3526E-02  0.3294E-03  0.4920E-02
      0.1997E-02 -0.8534E-03 -0.1731E-02 -0.1859E-02 -0.5000E+01
     -0.5000E+01 -0.1637E-01 -0.7795E-02 -0.8528E-02 -0.3438E-02
     -0.1990E-02 -0.3246E-02 -0.6432E-02 -0.1448E-01 -0.5000E+01
     -0.5000E+01  0.3982E-02  0.7761E-02  0.8165E-02 -0.1397E-02
     -0.4688E-02 -0.1218E-01 -0.1150E-01 -0.1530E-01 -0.5000E+01
     -0.5000E+01  0.4668E-02  0.6495E-02  0.5725E-02  0.5562E-02
      0.3366E-02  0.7281E-03 -0.3750E-02 -0.5794E-02 -0.5000E+01
     -0.5000E+01 -0.5000E+01 -0.1781E-02  0.8052E-03 -0.1950E-02
     -0.3806E-02 -0.4137E-02 -0.4693E-02 -0.1314E-01 -0.5000E+01
     -0.5000E+01  0.5881E-02  0.9258E-02  0.4689E-02  0.3798E-02
     -0.8784E-04 -0.9183E-03 -0.5217E-02 -0.6798E-02 -0.5000E+01
     -0.5000E+01  0.4488E-02  0.1734E-02  0.1374E-02  0.1054E-02
      0.1380E-02 -0.9594E-03 -0.2702E-02 -0.5784E-02 -0.5000E+01
     -0.5000E+01 -0.1290E-02 -0.3695E-02 -0.7752E-04 -0.2099E-02
     -0.4636E-02 -0.3970E-02 -0.6694E-02 -0.9461E-02 -0.5000E+01
     -0.5000E+01  0.1958E-02  0.6250E-03  0.5817E-03 -0.3075E-02
     -0.4482E-02 -0.2652E-02 -0.7263E-02 -0.3599E-02 -0.5000E+01
     -0.5000E+01  0.6306E-02  0.3796E-02  0.3888E-02  0.4701E-02
      0.1776E-02  0.1679E-02 -0.2309E-02 -0.3878E-02 -0.5000E+01
     -0.5000E+01 -0.6010E-02 -0.4856E-03 -0.3176E-02 -0.1903E-02
     -0.4568E-02 -0.8911E-02 -0.7943E-02 -0.8298E-02 -0.5000E+01
     -0.5000E+01  0.8287E-02  0.6111E-02  0.6685E-02  0.3177E-02
      0.9011E-03 -0.5191E-02 -0.4173E-02 -0.9424E-02 -0.5000E+01
     -0.5000E+01  0.8818E-02  0.6238E-02  0.5918E-02  0.3837E-02
     -0.9994E-03 -0.3997E-02 -0.4049E-02 -0.5521E-02 -0.5000E+01
     -0.5000E+01  0.1554E-02  0.1711E-02  0.6140E-03 -0.1644E-02
     -0.2877E-02 -0.4123E-02 -0.6905E-02 -0.8781E-02 -0.5000E+01
     -0.5000E+01  0.2979E-02  0.1019E-02 -0.2334E-02 -0.4547E-02
     -0.6854E-02  0.4822E-03 -0.3521E-02 -0.6335E-02 -0.5000E+01
     -0.5000E+01  0.4914E-02  0.2360E-02  0.2047E-02  0.3079E-02
      0.2874E-02  0.8545E-03 -0.1326E-02 -0.3523E-02 -0.5566E-02
     -0.5000E+01 -0.5841E-03  0.8207E-04 -0.7149E-03 -0.3512E-02
     -0.2929E-02 -0.6955E-02 -0.7096E-02 -0.1027E-01 -0.5000E+01
     -0.5000E+01  0.7891E-02  0.6431E-02  0.4254E-02  0.2741E-02
     -0.2856E-02 -0.5810E-02 -0.8290E-02 -0.1064E-01 -0.5000E+01
     -0.5000E+01  0.8144E-02  0.7730E-02  0.1103E-02 -0.5000E+01
     -0.9005E-03 -0.2757E-02 -0.6265E-02 -0.1417E-01 -0.5000E+01
     -0.5000E+01  0.4206E-02  0.2848E-02  0.1501E-02 -0.3721E-02
     -0.5554E-02 -0.2613E-02 -0.8140E-02 -0.1070E-01 -0.5000E+01
     -0.5000E+01  0.3965E-02 -0.3429E-02 -0.4290E-02 -0.4653E-02
     -0.6984E-02 -0.1136E-01 -0.1327E-01 -0.9478E-02 -0.5000E+01
     -0.5000E+01  0.3321E-02  0.1312E-02  0.2592E-03  0.1715E-02
      0.7485E-03 -0.3554E-02 -0.4869E-02 -0.7553E-02 -0.1289E-01
     -0.5000E+01 -0.1204E-03 -0.1964E-02 -0.2172E-02 -0.8473E-02
     -0.1029E-01 -0.1187E-01 -0.1161E-01 -0.1192E-01 -0.5000E+01
     -0.5000E+01  0.4425E-02  0.5063E-02 -0.1138E-02 -0.1728E-02
     -0.3477E-02 -0.7945E-02 -0.8158E-02 -0.1299E-01 -0.5000E+01
     -0.5000E+01 -0.5000E+01 -0.5000E+01 -0.5000E+01 -0.5000E+01
     -0.5000E+01 -0.5000E+01 -0.5000E+01 -0.5000E+01 -0.5000E+01
     -0.5000E+01 -0.5000E+01 -0.5000E+01 -0.5000E+01 -0.5000E+01
     -0.5000E+01 -0.5000E+01 -0.5000E+01 -0.5000E+01 -0.5000E+01
     -0.5000E+01 -0.5000E+01 -0.5000E+01 -0.5000E+01 -0.5000E+01
     -0.5000E+01 -0.5000E+01 -0.5000E+01 -0.5000E+01 -0.5000E+01
     -0.5000E+01 -0.5000E+01 -0.5000E+01 -0.5000E+01 -0.5000E+01
     -0.5000E+01 -0.5000E+01 -0.5000E+01 -0.1362E-01 -0.5000E+01
     -0.5000E+01 -0.5000E+01 -0.5000E+01 -0.5000E+01 -0.5000E+01
     -0.5000E+01 -0.5000E+01 -0.5000E+01 -0.5000E+01 -0.5000E+01
     -0.5000E+01 -0.5000E+01 -0.5000E+01 -0.5000E+01 -0.5000E+01
     -0.5000E+01 -0.5000E+01 -0.5000E+01 -0.5000E+01 -0.5000E+01
     -0.5000E+01 -0.5000E+01 -0.5000E+01 -0.5000E+01 -0.5000E+01
     -0.5000E+01 -0.5000E+01 -0.5000E+01 -0.5000E+01 -0.5000E+01
     -0.5000E+01 -0.5000E+01 -0.5000E+01 -0.5000E+01 -0.5000E+01
     -0.5000E+01 -0.5000E+01 -0.5000E+01 -0.5000E+01 -0.5000E+01
     -0.5000E+01 -0.5000E+01 -0.5000E+01 -0.5000E+01 -0.5000E+01
     -0.5000E+01 -0.5000E+01 -0.5000E+01 -0.5000E+01 -0.5000E+01
     -0.5000E+01 -0.5000E+01 -0.5000E+01 -0.5000E+01 -0.5000E+01
     -0.5000E+01 -0.5000E+01 -0.5000E+01 -0.5000E+01 -0.5000E+01
     -0.5000E+01 -0.5000E+01 -0.5000E+01 -0.5000E+01 -0.5000E+01
     -0.5000E+01 -0.5000E+01 -0.5000E+01 -0.5000E+01 -0.5000E+01
     -0.5000E+01 -0.5000E+01 -0.5000E+01 -0.5000E+01 -0.5000E+01
     -0.5000E+01 -0.5000E+01 -0.5000E+01 -0.5000E+01 -0.5000E+01
     -0.5000E+01 -0.5000E+01 -0.5000E+01 -0.5000E+01 -0.5000E+01
     -0.5000E+01 -0.5000E+01 -0.5000E+01 -0.5000E+01 -0.5000E+01
     -0.5000E+01 -0.5000E+01 -0.5000E+01 -0.5000E+01 -0.5000E+01
     -0.5000E+01 -0.5000E+01 -0.5000E+01 -0.5000E+01 -0.5000E+01
     -0.5000E+01 -0.5000E+01 -0.5000E+01 -0.5000E+01 -0.5000E+01
     -0.5000E+01 -0.5000E+01 -0.5000E+01 -0.5000E+01 -0.5000E+01
     -0.5000E+01 -0.5000E+01 -0.5000E+01 -0.5000E+01 -0.5000E+01
     -0.5000E+01 -0.5000E+01 -0.5000E+01 -0.5000E+01 -0.5000E+01
     -0.5000E+01 -0.5000E+01 -0.5000E+01 -0.5000E+01 -0.5000E+01
     -0.5000E+01 -0.5000E+01 -0.5000E+01 -0.5000E+01 -0.5000E+01
     -0.5000E+01 -0.5000E+01 -0.5000E+01 -0.5000E+01 -0.5000E+01
     -0.5000E+01 -0.5000E+01 -0.5000E+01 -0.5000E+01 -0.5000E+01
     -0.5000E+01 -0.5000E+01 -0.5000E+01 -0.5000E+01 -0.5000E+01
     -0.5000E+01 -0.5000E+01 -0.5000E+01 -0.5000E+01 -0.5000E+01
     -0.5000E+01 -0.5000E+01 -0.5000E+01 -0.5000E+01 -0.5000E+01
     -0.5000E+01 -0.5000E+01 -0.5000E+01 -0.5000E+01 -0.5000E+01
     -0.5000E+01 -0.5000E+01 -0.5000E+01 -0.5000E+01 -0.5000E+01
     -0.5000E+01 -0.5000E+01 -0.5000E+01 -0.5000E+01 -0.5000E+01
     -0.5000E+01 -0.5000E+01 -0.5000E+01 -0.5000E+01 -0.5000E+01
     -0.5000E+01 -0.5000E+01 -0.5000E+01 -0.5000E+01 -0.5000E+01
     -0.5000E+01 -0.5000E+01 -0.5000E+01 -0.5000E+01 -0.5000E+01
     -0.5000E+01 -0.5000E+01 -0.5000E+01 -0.5000E+01 -0.5000E+01
     -0.5000E+01 -0.5000E+01 -0.5000E+01 -0.5000E+01 -0.5000E+01
     -0.5000E+01 -0.5000E+01 -0.5000E+01 -0.5000E+01 -0.5000E+01
     -0.5000E+01 -0.5000E+01 -0.5000E+01 -0.5000E+01 -0.5000E+01
     -0.5000E+01 -0.5000E+01 -0.5000E+01 -0.5000E+01 -0.5000E+01
     -0.5000E+01 -0.5000E+01 -0.5000E+01 -0.5000E+01 -0.5000E+01
     -0.5000E+01 -0.5000E+01 -0.5000E+01 -0.5000E+01 -0.5000E+01
     -0.5000E+01 -0.5000E+01 -0.5000E+01 -0.5000E+01 -0.5000E+01
     -0.5000E+01 -0.5000E+01 -0.5000E+01 -0.5000E+01 -0.5000E+01
     -0.5000E+01 -0.5000E+01 -0.5000E+01 -0.5000E+01 -0.5000E+01
     -0.5000E+01 -0.5000E+01 -0.5000E+01 -0.5000E+01 -0.5000E+01
     -0.5000E+01 -0.5000E+01 -0.5000E+01 -0.5000E+01 -0.5000E+01
     -0.5000E+01 -0.5000E+01 -0.5000E+01 -0.5000E+01 -0.5000E+01
     -0.5000E+01 -0.5000E+01 -0.5000E+01 -0.5000E+01 -0.5000E+01
     -0.5000E+01 -0.5000E+01 -0.5000E+01 -0.5000E+01 -0.5000E+01
     -0.5000E+01 -0.5000E+01 -0.6289E-03  0.1121E-02  0.4925E-02
     -0.2536E-02 -0.2811E-02  0.3811E-03  0.4627E-02 -0.5000E+01
     -0.5000E+01 -0.4994E-02 -0.6376E-02 -0.3477E-02 -0.4369E-03
     -0.6602E-02 -0.7267E-02 -0.1099E-01 -0.2473E-02 -0.5000E+01
     -0.5000E+01 -0.5000E+01  0.1959E-02 -0.9478E-03  0.1592E-02
     -0.2280E-02 -0.5023E-02 -0.8525E-02 -0.5000E+01 -0.5000E+01
     -0.5000E+01  0.5930E-02  0.6600E-02  0.9116E-02  0.4747E-02
     -0.6816E-03  0.2213E-02 -0.2748E-02 -0.6744E-02 -0.5000E+01
     -0.5000E+01 -0.5000E+01 -0.6187E-02  0.5313E-02  0.6925E-02
     -0.7146E-02 -0.6951E-02 -0.7829E-04 -0.3660E-02 -0.5000E+01
     -0.5000E+01 -0.5000E+01  0.6639E-02  0.3748E-02  0.2133E-02
      0.3936E-02 -0.5809E-02 -0.1037E-01 -0.6651E-02 -0.5000E+01
     -0.5000E+01 -0.7202E-03  0.2056E-02  0.2495E-02  0.1691E-02
     -0.8580E-05 -0.1010E-03 -0.2307E-02 -0.7080E-02 -0.5000E+01
     -0.5000E+01  0.1155E-02 -0.4227E-02 -0.4876E-02 -0.6046E-02
     -0.3862E-02 -0.4808E-02 -0.6684E-02 -0.7003E-02 -0.5000E+01
     -0.5000E+01  0.3302E-02  0.1322E-02 -0.1770E-02 -0.2400E-02
     -0.2864E-02 -0.6113E-02 -0.4459E-02 -0.5297E-02 -0.5000E+01
     -0.5000E+01  0.4534E-02  0.3757E-02  0.2115E-02  0.2038E-02
      0.1948E-02 -0.3463E-03 -0.7186E-03 -0.3255E-02 -0.5000E+01
     -0.5000E+01 -0.1079E-02 -0.5191E-02 -0.5500E-02 -0.5826E-02
     -0.4098E-02 -0.6810E-02 -0.9353E-02 -0.7192E-02 -0.5000E+01
     -0.5000E+01  0.1000E-01  0.8038E-02  0.5192E-02  0.6019E-03
      0.2871E-02 -0.2133E-02 -0.9684E-02 -0.1123E-01 -0.5000E+01
     -0.5000E+01  0.4436E-02  0.5472E-02  0.5628E-02  0.2835E-02
     -0.1033E-02 -0.2737E-02 -0.3659E-02 -0.2627E-02 -0.5000E+01
     -0.5000E+01 -0.1499E-02  0.1990E-02  0.1287E-02 -0.1550E-02
      0.1245E-02 -0.6088E-02 -0.5233E-02 -0.1054E-01 -0.5000E+01
     -0.5000E+01  0.3360E-02  0.1468E-02 -0.2096E-02 -0.3295E-02
     -0.3784E-02 -0.6092E-02 -0.1838E-02 -0.2114E-02 -0.5000E+01
     -0.5000E+01  0.4384E-02  0.4913E-02  0.2907E-02  0.2384E-02
      0.1202E-02 -0.3974E-03 -0.6491E-04 -0.1330E-02 -0.5000E+01
     -0.5000E+01  0.4860E-03 -0.1262E-02 -0.3028E-02 -0.5484E-02
     -0.5922E-02 -0.5072E-02 -0.7680E-02 -0.8670E-02 -0.5000E+01
     -0.5000E+01  0.8185E-02  0.6626E-02  0.6308E-02  0.3323E-03
     -0.2972E-02 -0.3178E-02 -0.7923E-02 -0.1169E-01 -0.5000E+01
     -0.5000E+01 -0.5000E+01 -0.5000E+01 -0.5000E+01 -0.5000E+01
     -0.5000E+01 -0.5000E+01 -0.5000E+01 -0.5000E+01 -0.5000E+01
     -0.5000E+01  0.1923E-02 -0.5000E+01 -0.5000E+01  0.1244E-01
     -0.5000E+01 -0.1724E-01  0.3840E-02 -0.2563E-02 -0.5000E+01
     -0.5000E+01 -0.5000E+01 -0.5000E+01 -0.5000E+01 -0.5000E+01
     -0.5000E+01 -0.5000E+01 -0.5000E+01 -0.5000E+01 -0.5000E+01
     -0.5000E+01  0.2113E-01 -0.5000E+01 -0.5000E+01 -0.5000E+01
     -0.5000E+01 -0.5000E+01 -0.5000E+01  0.4148E-02 -0.5000E+01
     -0.5000E+01  0.2890E-02 -0.7261E-02 -0.5000E+01 -0.5000E+01
     -0.5000E+01 -0.5000E+01 -0.5000E+01 -0.5000E+01 -0.5000E+01
     -0.5000E+01 -0.5000E+01 -0.5000E+01 -0.5000E+01 -0.5000E+01
     -0.5000E+01 -0.5000E+01 -0.5000E+01 -0.5000E+01 -0.5000E+01
     -0.5000E+01 -0.5000E+01 -0.5000E+01 -0.5000E+01 -0.5000E+01
     -0.5000E+01 -0.5000E+01 -0.5000E+01 -0.5000E+01 -0.5000E+01
     -0.5000E+01 -0.5000E+01 -0.5000E+01 -0.5000E+01 -0.5000E+01
     -0.5000E+01 -0.5000E+01 -0.5000E+01 -0.5000E+01 -0.5000E+01
     -0.5000E+01 -0.5000E+01 -0.5000E+01 -0.5000E+01 -0.5000E+01
     -0.5000E+01 -0.5000E+01 -0.5000E+01 -0.5000E+01 -0.5000E+01
     -0.5000E+01 -0.5000E+01 -0.5000E+01 -0.5000E+01 -0.5000E+01
     -0.5000E+01 -0.5000E+01 -0.5000E+01 -0.5000E+01 -0.5000E+01
     -0.5000E+01 -0.5000E+01 -0.5000E+01 -0.5000E+01 -0.5000E+01
     -0.5000E+01 -0.5000E+01 -0.5000E+01 -0.5000E+01 -0.5000E+01
     -0.5000E+01 -0.5000E+01 -0.5000E+01 -0.5000E+01 -0.5000E+01
     -0.5000E+01 -0.5000E+01 -0.5000E+01 -0.5000E+01 -0.5000E+01
     -0.5000E+01 -0.5000E+01 -0.5000E+01 -0.5000E+01 -0.5000E+01
     -0.5000E+01 -0.5000E+01 -0.5000E+01 -0.5000E+01 -0.5000E+01
     -0.5000E+01 -0.5000E+01 -0.5000E+01 -0.5000E+01 -0.5000E+01
     -0.5000E+01 -0.5000E+01 -0.5000E+01 -0.5000E+01 -0.5000E+01
     -0.5000E+01 -0.5000E+01 -0.5000E+01 -0.5000E+01 -0.5000E+01
     -0.5000E+01 -0.5000E+01 -0.5000E+01 -0.5000E+01 -0.5000E+01
     -0.5000E+01 -0.5000E+01 -0.5000E+01 -0.5000E+01 -0.5000E+01
     -0.5000E+01 -0.5000E+01 -0.5000E+01 -0.5000E+01 -0.5000E+01
     -0.5000E+01 -0.5000E+01 -0.5000E+01 -0.5000E+01 -0.5000E+01
     -0.5000E+01 -0.5000E+01 -0.5000E+01 -0.5000E+01 -0.5000E+01
     -0.5000E+01 -0.5000E+01 -0.5000E+01 -0.5000E+01 -0.5000E+01
     -0.5000E+01 -0.5000E+01 -0.5000E+01 -0.5000E+01 -0.5000E+01
     -0.5000E+01 -0.5000E+01 -0.5000E+01 -0.5000E+01 -0.5000E+01
     -0.5000E+01 -0.5000E+01 -0.5000E+01 -0.5000E+01 -0.5000E+01
     -0.5000E+01 -0.5000E+01 -0.5000E+01 -0.5000E+01 -0.5000E+01
     -0.5000E+01 -0.5000E+01 -0.5000E+01 -0.5000E+01 -0.5000E+01
     -0.5000E+01 -0.5000E+01 -0.5000E+01 -0.5000E+01 -0.5000E+01
     -0.5000E+01 -0.5000E+01 -0.5000E+01 -0.5000E+01 -0.5000E+01
     -0.5000E+01 -0.5000E+01 -0.5000E+01 -0.5000E+01 -0.5000E+01
     -0.5000E+01 -0.5000E+01 -0.5000E+01 -0.5000E+01 -0.5000E+01
     -0.5000E+01 -0.5000E+01 -0.5000E+01 -0.5000E+01 -0.5000E+01
     -0.5000E+01 -0.5000E+01 -0.5000E+01 -0.5000E+01 -0.5000E+01
     -0.5000E+01 -0.5000E+01 -0.5000E+01 -0.5000E+01 -0.5000E+01
     -0.5000E+01 -0.5000E+01 -0.5000E+01 -0.5000E+01 -0.5000E+01
     -0.5000E+01 -0.5000E+01 -0.5000E+01 -0.5000E+01 -0.5000E+01
     -0.5000E+01 -0.5000E+01 -0.5000E+01 -0.5000E+01 -0.5000E+01
     -0.5000E+01 -0.5000E+01 -0.5000E+01 -0.5000E+01 -0.5000E+01
     -0.5000E+01 -0.5000E+01 -0.5000E+01 -0.5000E+01 -0.5000E+01
     -0.5000E+01 -0.5000E+01 -0.5000E+01 -0.5000E+01 -0.5000E+01
     -0.5000E+01 -0.5000E+01 -0.5000E+01 -0.5000E+01 -0.5000E+01
     -0.5000E+01 -0.5000E+01 -0.5000E+01 -0.5000E+01 -0.5000E+01
     -0.5000E+01 -0.5000E+01 -0.5000E+01 -0.5000E+01 -0.5000E+01
     -0.5000E+01 -0.5000E+01 -0.5000E+01 -0.5000E+01 -0.5000E+01
     -0.5000E+01 -0.5000E+01 -0.5000E+01 -0.5000E+01 -0.5000E+01
     -0.5000E+01 -0.5000E+01 -0.5000E+01 -0.5000E+01 -0.5000E+01
     -0.5000E+01 -0.5000E+01 -0.5000E+01 -0.5000E+01 -0.5000E+01
     -0.5000E+01 -0.5000E+01 -0.5000E+01 -0.5000E+01 -0.5000E+01
     -0.5000E+01 -0.5000E+01 -0.5000E+01 -0.5000E+01 -0.5000E+01
     -0.5000E+01 -0.5000E+01 -0.5000E+01 -0.5000E+01 -0.5000E+01
     -0.5000E+01 -0.5000E+01 -0.5000E+01 -0.5000E+01 -0.5000E+01
     -0.5000E+01 -0.5000E+01 -0.5000E+01 -0.5000E+01 -0.5000E+01
     -0.5000E+01 -0.5000E+01 -0.5000E+01 -0.5000E+01 -0.5000E+01
     -0.5000E+01 -0.5000E+01 -0.5000E+01 -0.5000E+01 -0.5000E+01
     -0.5000E+01 -0.5000E+01 -0.5000E+01 -0.5000E+01 -0.5000E+01
     -0.5000E+01 -0.5000E+01 -0.5000E+01 -0.5000E+01 -0.5000E+01
     -0.5000E+01 -0.5000E+01 -0.5000E+01 -0.5000E+01 -0.5000E+01
     -0.5000E+01 -0.5000E+01 -0.5000E+01 -0.5000E+01 -0.5000E+01
     -0.5000E+01 -0.5000E+01 -0.5000E+01 -0.5000E+01 -0.5000E+01
     -0.5000E+01 -0.5000E+01 -0.5000E+01 -0.5000E+01 -0.1190E-02
     -0.5000E+01  0.1392E-01  0.1295E-01 -0.5000E+01 -0.5000E+01
     -0.5000E+01 -0.5000E+01 -0.1794E-01 -0.2076E-01 -0.1371E-01
      0.4291E-02 -0.4137E-02  0.1054E-01 -0.2491E-01 -0.5000E+01
     -0.5000E+01 -0.5000E+01 -0.5000E+01 -0.5000E+01 -0.5000E+01
     -0.5000E+01 -0.5000E+01 -0.5000E+01 -0.5000E+01 -0.5000E+01
     -0.5000E+01 -0.5000E+01 -0.5276E-02 -0.1173E-01  0.2579E-01
      0.1560E-01 -0.1911E-01 -0.1226E-01 -0.5000E+01 -0.5000E+01
     -0.5000E+01 -0.5000E+01 -0.5000E+01 -0.5000E+01 -0.5000E+01
     -0.5000E+01 -0.5000E+01 -0.1857E-01 -0.5000E+01 -0.5000E+01
     -0.5000E+01 -0.5000E+01  0.1451E-01  0.1240E-01 -0.1056E-01
     -0.8249E-02  0.1206E-01  0.1364E-02 -0.5000E+01 -0.5000E+01
     -0.5000E+01  0.1956E-03  0.4188E-02  0.5103E-02  0.3746E-02
      0.1782E-02  0.6041E-03 -0.9208E-02 -0.3552E-02 -0.5000E+01
     -0.5000E+01 -0.2702E-02 -0.5947E-02 -0.5516E-03 -0.5013E-03
     -0.1988E-02 -0.4577E-02 -0.5802E-02 -0.4203E-02 -0.5000E+01
     -0.5000E+01  0.7232E-03  0.1795E-02 -0.2051E-02 -0.2320E-02
     -0.6629E-02 -0.3074E-02 -0.6534E-02 -0.6348E-02 -0.5000E+01
     -0.5000E+01  0.4291E-02  0.6639E-02  0.5148E-02  0.1707E-02
      0.1603E-02  0.3132E-03 -0.2438E-02 -0.6228E-02 -0.5000E+01
     -0.5000E+01 -0.9501E-03 -0.3320E-02 -0.9435E-03 -0.9480E-02
     -0.5407E-02 -0.8210E-02 -0.6890E-02 -0.8790E-02 -0.5000E+01
     -0.5000E+01  0.1248E-01  0.3602E-02  0.6069E-02  0.1962E-02
     -0.1988E-02 -0.2422E-02 -0.5774E-02 -0.1061E-01 -0.5000E+01
     -0.5000E+01  0.7367E-02  0.4559E-02  0.6608E-02  0.4184E-02
      0.9950E-03 -0.5000E+01 -0.5000E+01 -0.8992E-02 -0.5000E+01
     -0.5000E+01 -0.4766E-03  0.1809E-02  0.4400E-03 -0.4258E-02
      0.1255E-02 -0.5538E-02 -0.5237E-02 -0.8483E-02 -0.5000E+01
     -0.5000E+01  0.3791E-02  0.4219E-02 -0.5000E+01 -0.5000E+01
     -0.5000E+01 -0.5000E+01 -0.2013E-02 -0.2252E-02 -0.5000E+01
     -0.5000E+01  0.5895E-02  0.1837E-02  0.4138E-02  0.3024E-02
      0.3557E-02 -0.1887E-02 -0.2542E-02 -0.5193E-04 -0.5000E+01
     -0.5000E+01  0.6256E-03 -0.3984E-03 -0.2493E-02 -0.2914E-02
     -0.3527E-02 -0.7848E-02 -0.1090E-01 -0.9551E-02 -0.5000E+01
     -0.5000E+01  0.9660E-02  0.5939E-02 -0.5000E+01 -0.5629E-03
     -0.4629E-02 -0.8391E-02 -0.6944E-02 -0.1339E-01 -0.5000E+01
     -0.5000E+01 -0.5000E+01 -0.5000E+01 -0.5000E+01 -0.5000E+01
     -0.5000E+01 -0.5000E+01 -0.5000E+01 -0.5000E+01 -0.5000E+01
     -0.5000E+01 -0.5000E+01 -0.5000E+01 -0.5000E+01 -0.5000E+01
     -0.5000E+01 -0.5000E+01 -0.5000E+01 -0.5000E+01 -0.5000E+01
     -0.5000E+01 -0.5000E+01 -0.5000E+01 -0.5000E+01 -0.5000E+01
     -0.5000E+01 -0.5000E+01 -0.5000E+01 -0.5000E+01 -0.5000E+01
     -0.5000E+01 -0.5000E+01 -0.5000E+01 -0.5000E+01 -0.5000E+01
     -0.5000E+01 -0.5000E+01 -0.5000E+01 -0.5000E+01 -0.5000E+01
     -0.5000E+01 -0.5000E+01 -0.5000E+01 -0.5000E+01 -0.5000E+01
     -0.5000E+01 -0.5000E+01 -0.5000E+01 -0.5000E+01 -0.5000E+01
     -0.5000E+01 -0.5000E+01 -0.5000E+01 -0.5000E+01 -0.5000E+01
     -0.5000E+01 -0.5000E+01 -0.5000E+01 -0.5000E+01 -0.5000E+01
     -0.5000E+01 -0.5000E+01 -0.5000E+01 -0.5000E+01 -0.5000E+01
     -0.5000E+01 -0.5000E+01 -0.5000E+01 -0.5000E+01 -0.5000E+01
     -0.5000E+01 -0.5000E+01 -0.5000E+01 -0.5000E+01 -0.5000E+01
     -0.5000E+01 -0.5000E+01 -0.5000E+01 -0.5000E+01 -0.5000E+01
     -0.5000E+01 -0.5000E+01 -0.5000E+01 -0.5000E+01 -0.5000E+01
     -0.5000E+01 -0.5000E+01 -0.5000E+01 -0.5000E+01 -0.5000E+01
     -0.5000E+01 -0.5000E+01 -0.5000E+01 -0.5000E+01 -0.5000E+01
     -0.5000E+01 -0.5000E+01 -0.5000E+01 -0.5000E+01 -0.5000E+01
     -0.5000E+01 -0.5000E+01 -0.5000E+01 -0.5000E+01 -0.5000E+01
     -0.5000E+01 -0.5000E+01 -0.5000E+01 -0.5000E+01 -0.5000E+01
     -0.5000E+01 -0.5000E+01 -0.5000E+01 -0.5000E+01 -0.5000E+01
     -0.5000E+01 -0.5000E+01 -0.5000E+01 -0.5000E+01 -0.5000E+01
     -0.5000E+01 -0.5000E+01 -0.5000E+01 -0.5000E+01 -0.5000E+01
     -0.5000E+01 -0.5000E+01 -0.5000E+01 -0.5000E+01 -0.5000E+01
     -0.5000E+01 -0.5000E+01 -0.5000E+01 -0.5000E+01 -0.5000E+01
     -0.5000E+01 -0.5000E+01 -0.5000E+01 -0.5000E+01 -0.5000E+01
     -0.5000E+01 -0.5000E+01 -0.5000E+01 -0.5000E+01 -0.5000E+01
     -0.5000E+01 -0.5000E+01 -0.5000E+01 -0.5000E+01 -0.5000E+01
     -0.5000E+01 -0.5000E+01 -0.5000E+01 -0.5000E+01 -0.5000E+01
     -0.5000E+01 -0.5000E+01 -0.5000E+01 -0.5000E+01 -0.5000E+01
     -0.5000E+01 -0.5000E+01 -0.5000E+01 -0.5000E+01 -0.5000E+01
     -0.5000E+01 -0.5000E+01 -0.5000E+01 -0.5000E+01 -0.5000E+01
     -0.5000E+01 -0.5000E+01 -0.5000E+01 -0.5000E+01 -0.5000E+01
     -0.5000E+01 -0.5000E+01 -0.5000E+01 -0.5000E+01 -0.5000E+01
     -0.5000E+01 -0.5000E+01 -0.5000E+01 -0.5000E+01 -0.5000E+01
     -0.5000E+01 -0.5000E+01 -0.5000E+01 -0.5000E+01 -0.5000E+01
     -0.5000E+01 -0.5000E+01 -0.5000E+01 -0.5000E+01 -0.5000E+01
     -0.5000E+01 -0.5000E+01 -0.5000E+01 -0.5000E+01 -0.5000E+01
     -0.5000E+01 -0.5000E+01 -0.5000E+01 -0.5000E+01 -0.5000E+01
     -0.5000E+01 -0.5000E+01 -0.5000E+01 -0.5000E+01 -0.5000E+01
     -0.5000E+01 -0.5000E+01 -0.5000E+01 -0.5000E+01 -0.5000E+01
     -0.5000E+01 -0.5000E+01 -0.5000E+01 -0.5000E+01 -0.5000E+01
     -0.5000E+01 -0.5000E+01 -0.5000E+01 -0.5000E+01 -0.5000E+01
     -0.5000E+01 -0.5000E+01 -0.5000E+01 -0.5000E+01 -0.5000E+01
     -0.5000E+01 -0.5000E+01 -0.5000E+01 -0.5000E+01 -0.5000E+01
     -0.5000E+01 -0.5000E+01 -0.5000E+01 -0.5000E+01 -0.5000E+01
     -0.5000E+01 -0.5000E+01 -0.5000E+01 -0.5000E+01 -0.5000E+01
     -0.5000E+01 -0.5000E+01 -0.5000E+01 -0.5000E+01 -0.5000E+01
     -0.5000E+01 -0.5000E+01 -0.5000E+01 -0.5000E+01 -0.5000E+01
     -0.5000E+01 -0.5000E+01 -0.5000E+01 -0.5000E+01 -0.5000E+01
     -0.5000E+01 -0.5000E+01 -0.5000E+01 -0.5000E+01 -0.5000E+01
     -0.5000E+01 -0.5000E+01 -0.5000E+01 -0.5000E+01 -0.5000E+01
     -0.5000E+01 -0.5000E+01 -0.5000E+01 -0.5000E+01 -0.5000E+01
     -0.5000E+01 -0.5000E+01 -0.5000E+01 -0.5000E+01 -0.5000E+01
     -0.5000E+01 -0.5000E+01 -0.5000E+01 -0.5000E+01 -0.5000E+01
     -0.5000E+01 -0.5000E+01 -0.5000E+01 -0.5000E+01 -0.5000E+01
     -0.5000E+01 -0.5000E+01 -0.5000E+01 -0.5000E+01 -0.5000E+01
     -0.5000E+01 -0.5000E+01 -0.5000E+01 -0.5000E+01 -0.5000E+01
