1.232 0.127 0.768  -1.0000 0.  11.98  0.39  10. 10. 10. 1 6
1.232 0.127 0.677  -0.6270 0.  26.39  0.50  10. 10. 10. 1 6
1.232 0.127 0.768  -0.0871 0.  35.04  0.93  10. 10. 10. 1 6
1.232 0.127 0.768   0.0000 0.  35.59  0.93  10. 10. 10. 1 6
1.232 0.127 0.768   0.0871 0.  35.37  0.92  10. 10. 10. 1 6
1.232 0.127 0.768  -0.0871 0. -18.53  1.13  10. 10. 10. 1 7
1.232 0.127 0.768   0.0000 0. -18.88  1.13  10. 10. 10. 1 7
1.232 0.127 0.768   0.0871 0. -18.58  1.12  10. 10. 10. 1 7
1.232 0.127 0.659  -0.9970 0.   0.298 0.196 10. 10. 10. 1 8
1.232 0.127 0.659  -0.9840 0.   0.754 0.175 10. 10. 10. 1 8
1.232 0.127 0.659  -0.9600 0.   1.227 0.189 10. 10. 10. 1 8
1.232 0.127 0.659  -0.9260 0.   1.715 0.215 10. 10. 10. 1 8
1.232 0.127 0.659  -0.8829 0.   1.939 0.271 10. 10. 10. 1 8
1.232 0.127 0.677  -0.6266 0.   2.830 0.260 10. 10. 10. 1 8
1.232 0.127 0.768  -0.0871 0.   1.50  0.41  10. 10. 10. 1 8
1.232 0.127 0.768   0.0000 0.   1.07  0.41  10. 10. 10. 1 8
1.232 0.127 0.768   0.0871 0.   0.68  0.41  10. 10. 10. 1 8
1.152 0.126 0.7078 -1.0000 0.   9.174 0.65  10. 10. 10. 1 15
1.162 0.126 0.6934 -1.0000 0.  10.572 0.64  10. 10. 10. 1 15
1.172 0.126 0.6783 -1.0000 0.  12.566 0.70  10. 10. 10. 1 15
1.182 0.126 0.6623 -1.0000 0.  15.634 0.85  10. 10. 10. 1 15
1.192 0.126 0.6454 -1.0000 0.  17.319 0.95  10. 10. 10. 1 15
1.202 0.126 0.6277 -1.0000 0.  19.404 1.14  10. 10. 10. 1 15
1.212 0.126 0.6497 -1.0000 0.  17.711 1.08  10. 10. 10. 1 15
1.222 0.126 0.6322 -1.0000 0.  15.118 0.86  10. 10. 10. 1 15
1.232 0.126 0.6138 -1.0000 0.  12.635 0.69  10. 10. 10. 1 15
1.242 0.126 0.5945 -1.0000 0.  10.197 0.56  10. 10. 10. 1 15
1.252 0.126 0.5744 -1.0000 0.   7.458 0.43  10. 10. 10. 1 15
1.262 0.126 0.5533 -1.0000 0.   5.714 0.38  10. 10. 10. 1 15
1.282 0.126 0.5652 -1.0000 0.   3.618 0.22  10. 10. 10. 1 15
1.292 0.126 0.5439 -1.0000 0.   2.701 0.17  10. 10. 10. 1 15
1.301 0.126 0.5217 -1.0000 0.   2.067 0.14  10. 10. 10. 1 15
1.312 0.126 0.4986 -1.0000 0.   1.373 0.11  10. 10. 10. 1 15
1.322 0.126 0.4746 -1.0000 0.   1.020 0.12  10. 10. 10. 1 15