1.221 0.2 0.617 180. 0  12.29 0.52 10. 10. 10. 1 6
1.221 0.2 0.617 153. 0  16.44 0.68 10. 10. 10. 1 6
1.221 0.2 0.617 147. 0  18.56 0.71 10. 10. 10. 1 6
1.221 0.2 0.617 140. 0  21.48 1.02 10. 10. 10. 1 6
1.221 0.2 0.617 123. 0  27.36 1.24 10. 10. 10. 1 6
1.221 0.2 0.617 153. 0  -2.90 0.35 10. 10. 10. 1 7
1.221 0.2 0.617 147. 0  -5.13 0.35 10. 10. 10. 1 7
1.221 0.2 0.617 140. 0  -8.08 0.62 10. 10. 10. 1 7
1.221 0.2 0.617 123. 0 -12.28 1.25 10. 10. 10. 1 7
1.221 0.2 0.617 153. 0   1.66 0.15 10. 10. 10. 1 8
1.221 0.2 0.617 147. 0   1.90 0.14 10. 10. 10. 1 8
1.221 0.2 0.617 140. 0   1.97 0.16 10. 10. 10. 1 8
1.221 0.2 0.617 123. 0   2.10 0.27 10. 10. 10. 1 8
