W= 1.08 Q2= 0.200
 SL+
   -0.39282E+01    0.18889E+00   -0.59318E-01   -0.28743E-03   -0.14228E-02    0.85844E-08
    0.24074E-04   -0.48608E-19   -0.10631E-05    0.17449E-21    0.31825E-07   -0.28718E-19
 SL-
    0.00000E+00    0.00000E+00    0.40403E+00   -0.64293E-03    0.26859E-01    0.17611E-08
   -0.65964E-03   -0.63278E-19    0.17684E-04    0.30825E-21   -0.56793E-06   -0.28917E-19
 EL+
    0.45832E+01    0.40629E+00   -0.68450E-01   -0.52027E-03    0.54448E-03    0.13107E-07
   -0.80180E-05    0.55221E-18    0.27549E-06    0.51429E-20   -0.88806E-08    0.25461E-18
 EL-
    0.00000E+00    0.00000E+00    0.00000E+00    0.00000E+00   -0.44132E-01   -0.23805E-08
    0.93025E-03    0.79124E-18   -0.25187E-04    0.59422E-20    0.77461E-06    0.46131E-18
 ML+
    0.00000E+00    0.00000E+00    0.27059E+01    0.53936E-02   -0.16151E-01    0.29921E-07
    0.50962E-03    0.60322E-18   -0.13511E-04    0.63785E-21    0.45247E-06    0.45354E-18
 ML-
    0.00000E+00    0.00000E+00   -0.15591E+01    0.88647E-03    0.57794E-02    0.40326E-09
    0.11086E-04   -0.72333E-18    0.14638E-05   -0.54112E-21   -0.12946E-07   -0.25891E-18
W= 1.09 Q2= 0.200
 SL+
   -0.35470E+01    0.40485E+00   -0.15191E+00   -0.59644E-02   -0.53470E-02    0.13217E-05
    0.15387E-03   -0.10252E-17   -0.15337E-04   -0.13778E-20    0.87368E-06   -0.61545E-18
 SL-
    0.00000E+00    0.00000E+00    0.77187E+00   -0.92815E-02    0.10280E+00    0.24533E-06
   -0.50859E-02   -0.13700E-17    0.26858E-03    0.26910E-20   -0.17319E-04   -0.61107E-18
 EL+
    0.42860E+01    0.82489E+00   -0.15347E+00   -0.99290E-02    0.20163E-02    0.20216E-05
   -0.52190E-04    0.11945E-16    0.36468E-05   -0.55874E-19   -0.23111E-06    0.51885E-17
 EL-
    0.00000E+00    0.00000E+00    0.00000E+00    0.00000E+00   -0.17552E+00    0.86824E-07
    0.73910E-02    0.16066E-16   -0.39801E-03    0.58646E-19    0.24417E-04    0.98858E-17
 ML+
    0.00000E+00    0.00000E+00    0.57923E+01    0.10653E+00   -0.61902E-01    0.40431E-05
    0.40365E-02    0.12509E-16   -0.20905E-03   -0.34499E-18    0.14120E-04    0.96988E-17
 ML-
    0.00000E+00    0.00000E+00   -0.29504E+01    0.13588E-01    0.24464E-01    0.87252E-07
    0.16339E-03   -0.15051E-16    0.25936E-04    0.17731E-18   -0.38855E-06   -0.55922E-17
W= 1.10 Q2= 0.200
 SL+
   -0.32201E+01    0.55085E+00   -0.23748E+00   -0.20567E-01   -0.83490E-02    0.89125E-05
    0.25171E-03   -0.36632E-17   -0.37860E-04    0.10030E-19    0.25952E-05   -0.21956E-17
 SL-
    0.00000E+00    0.00000E+00    0.96097E+00   -0.22161E-01    0.16138E+00    0.15401E-05
   -0.10321E-01   -0.48641E-17    0.68689E-03    0.48229E-20   -0.57090E-04   -0.21785E-17
 EL+
    0.40111E+01    0.10646E+01   -0.21847E+00   -0.31775E-01    0.31135E-02    0.13549E-04
   -0.89812E-04    0.41792E-16    0.81891E-05   -0.97498E-19   -0.65280E-06    0.19892E-16
 EL-
    0.00000E+00    0.00000E+00    0.00000E+00    0.00000E+00   -0.28608E+00    0.34774E-05
    0.15437E-01    0.57150E-16   -0.10594E-02   -0.12393E-17    0.83117E-04    0.34347E-16
 ML+
    0.00000E+00    0.00000E+00    0.79465E+01    0.35356E+00   -0.97211E-01    0.23968E-04
    0.84232E-02    0.45288E-16   -0.54478E-03   -0.14753E-18    0.47672E-04    0.34244E-16
 ML-
    0.00000E+00    0.00000E+00   -0.35829E+01    0.34913E-01    0.42445E-01    0.81816E-06
    0.52127E-03   -0.54543E-16    0.77042E-04   -0.26717E-18   -0.11551E-05   -0.20439E-16
W= 1.11 Q2= 0.200
 SL+
   -0.29379E+01    0.67095E+00   -0.32443E+00   -0.46571E-01   -0.10738E-01    0.29012E-04
    0.28928E-03   -0.86925E-17   -0.63030E-04   -0.24973E-19    0.46194E-05   -0.51909E-17
 SL-
    0.00000E+00    0.00000E+00    0.10948E+01   -0.34243E-01    0.20626E+00    0.47856E-05
   -0.15422E-01   -0.11347E-16    0.11657E-02   -0.34566E-19   -0.11297E-03   -0.51174E-17
 EL+
    0.37571E+01    0.12319E+01   -0.27770E+00   -0.67233E-01    0.39723E-02    0.43600E-04
   -0.11440E-03    0.98450E-16    0.12281E-04    0.12616E-17   -0.11111E-05    0.44602E-16
 EL-
    0.00000E+00    0.00000E+00    0.00000E+00    0.00000E+00   -0.37934E+00    0.20257E-04
    0.23708E-01    0.13908E-15   -0.18718E-02    0.10286E-17    0.16967E-03    0.79724E-16
 ML+
    0.00000E+00    0.00000E+00    0.98416E+01    0.77794E+00   -0.12417E+00    0.68751E-04
    0.12953E-01    0.10299E-15   -0.94219E-03    0.75025E-18    0.96699E-04    0.83037E-16
 ML-
    0.00000E+00    0.00000E+00   -0.39314E+01    0.59220E-01    0.59949E-01    0.35910E-05
    0.11106E-02   -0.13011E-15    0.15162E-03   -0.65710E-18   -0.18116E-05   -0.44824E-16
W= 1.12 Q2= 0.200
 SL+
   -0.26928E+01    0.77464E+00   -0.41312E+00   -0.86955E-01   -0.12719E-01    0.67660E-04
    0.26647E-03   -0.17304E-16   -0.88650E-04    0.26035E-19    0.65101E-05   -0.10153E-16
 SL-
    0.00000E+00    0.00000E+00    0.12039E+01   -0.42421E-01    0.24029E+00    0.10869E-04
   -0.20094E-01   -0.22536E-16    0.16444E-02    0.31929E-19   -0.17792E-03   -0.10123E-16
 EL+
    0.35229E+01    0.13533E+01   -0.33280E+00   -0.11790E+00    0.46769E-02    0.10014E-03
   -0.12794E-03    0.19331E-15    0.15389E-04   -0.16598E-18   -0.15109E-05    0.86949E-16
 EL-
    0.00000E+00    0.00000E+00    0.00000E+00    0.00000E+00   -0.45808E+00    0.67135E-04
    0.31710E-01    0.27056E-15   -0.27507E-02   -0.23073E-17    0.27533E-03    0.15666E-15
 ML+
    0.00000E+00    0.00000E+00    0.11635E+02    0.14232E+01   -0.14440E+00    0.14169E-03
    0.17383E-01    0.21430E-15   -0.13547E-02    0.38542E-18    0.15623E-03    0.15811E-15
 ML-
    0.00000E+00    0.00000E+00   -0.41221E+01    0.83030E-01    0.77166E-01    0.10921E-04
    0.19437E-02   -0.25802E-15    0.24806E-03   -0.17521E-17   -0.17165E-05   -0.90680E-16
W= 1.13 Q2= 0.200
 SL+
   -0.24786E+01    0.86568E+00   -0.50219E+00   -0.14534E+00   -0.14425E-01    0.13024E-03
    0.18954E-03   -0.31028E-16   -0.11414E-03   -0.17710E-18    0.80008E-05   -0.18169E-16
 SL-
    0.00000E+00    0.00000E+00    0.13005E+01   -0.44757E-01    0.26563E+00    0.20672E-04
   -0.24256E-01   -0.40391E-16    0.20899E-02   -0.14287E-18   -0.24666E-03   -0.18249E-16
 EL+
    0.33076E+01    0.14412E+01   -0.38252E+00   -0.18576E+00    0.52793E-02    0.18932E-03
   -0.13380E-03    0.33467E-15    0.17435E-04   -0.10439E-17   -0.18169E-05    0.15336E-15
 EL-
    0.00000E+00    0.00000E+00    0.00000E+00    0.00000E+00   -0.52452E+00    0.16598E-03
    0.39239E-01    0.46882E-15   -0.36440E-02    0.12942E-17    0.39282E-03    0.27410E-15
 ML+
    0.00000E+00    0.00000E+00    0.13383E+02    0.23486E+01   -0.15915E+00    0.24170E-03
    0.21627E-01    0.36541E-15   -0.17550E-02   -0.18129E-17    0.22235E-03    0.28079E-15
 ML-
    0.00000E+00    0.00000E+00   -0.42122E+01    0.10424E+00    0.94255E-01    0.26600E-04
    0.30253E-02   -0.45377E-15    0.36600E-03   -0.83541E-18   -0.20481E-06   -0.15120E-15
W= 1.14 Q2= 0.200
 SL+
   -0.22900E+01    0.94601E+00   -0.58879E+00   -0.22611E+00   -0.15949E-01    0.22126E-03
    0.65717E-04   -0.51108E-16   -0.13964E-03    0.15037E-18    0.89410E-05   -0.30151E-16
 SL-
    0.00000E+00    0.00000E+00    0.13901E+01   -0.40039E-01    0.28401E+00    0.35029E-04
   -0.27910E-01   -0.67593E-16    0.24851E-02   -0.18951E-18   -0.31571E-03   -0.29903E-16
 EL+
    0.31104E+01    0.15030E+01   -0.42372E+00   -0.27315E+00    0.58111E-02    0.31534E-03
   -0.13511E-03    0.56161E-15    0.18508E-04    0.54168E-17   -0.20292E-05    0.25587E-15
 EL-
    0.00000E+00    0.00000E+00    0.00000E+00    0.00000E+00   -0.58043E+00    0.34222E-03
    0.46225E-01    0.77342E-15   -0.45203E-02   -0.88130E-17    0.51672E-03    0.45708E-15
 ML+
    0.00000E+00    0.00000E+00    0.15094E+02    0.36326E+01   -0.16940E+00    0.36493E-03
    0.25662E-01    0.60720E-15   -0.21273E-02   -0.11847E-16    0.29236E-03    0.45325E-15
 ML-
    0.00000E+00    0.00000E+00   -0.42334E+01    0.12163E+00    0.11135E+00    0.55724E-04
    0.43560E-02   -0.74893E-15    0.50596E-03   -0.13383E-17    0.33727E-05   -0.25442E-15
W= 1.15 Q2= 0.200
 SL+
   -0.21230E+01    0.10169E+01   -0.66775E+00   -0.33434E+00   -0.17354E-01    0.34424E-03
   -0.98536E-04   -0.82252E-16   -0.16562E-03   -0.22928E-18    0.92478E-05   -0.48423E-16
 SL-
    0.00000E+00    0.00000E+00    0.14752E+01   -0.27521E-01    0.29675E+00    0.54649E-04
   -0.31096E-01   -0.10776E-15    0.28224E-02    0.33080E-20   -0.38294E-03   -0.48683E-16
 EL+
    0.29305E+01    0.15440E+01   -0.45104E+00   -0.38239E+00    0.62910E-02    0.48047E-03
   -0.13439E-03    0.87107E-15    0.18736E-04   -0.40626E-17   -0.21660E-05    0.39723E-15
 EL-
    0.00000E+00    0.00000E+00    0.00000E+00    0.00000E+00   -0.62726E+00    0.62340E-03
    0.52657E-01    0.12551E-14   -0.53609E-02   -0.11075E-16    0.64319E-03    0.70734E-15
 ML+
    0.00000E+00    0.00000E+00    0.16729E+02    0.53761E+01   -0.17593E+00    0.50602E-03
    0.29498E-01    0.96399E-15   -0.24628E-02    0.72436E-18    0.36451E-03    0.71681E-15
 ML-
    0.00000E+00    0.00000E+00   -0.42050E+01    0.13460E+00    0.12854E+00    0.10463E-03
    0.59343E-02   -0.11641E-14    0.66911E-03   -0.10077E-17    0.96426E-05   -0.39997E-15
W= 1.16 Q2= 0.200
 SL+
   -0.19740E+01    0.10791E+01   -0.73032E+00   -0.47521E+00   -0.18684E-01    0.50172E-03
   -0.29783E-03   -0.12712E-15   -0.19261E-03    0.23126E-18    0.88745E-05   -0.74040E-16
 SL-
    0.00000E+00    0.00000E+00    0.15569E+01   -0.67588E-02    0.30494E+00    0.80022E-04
   -0.33864E-01   -0.16333E-15    0.30996E-02    0.20982E-18   -0.44719E-03   -0.75057E-16
 EL+
    0.27668E+01    0.15681E+01   -0.45605E+00   -0.51498E+00    0.67297E-02    0.68527E-03
   -0.13356E-03    0.13052E-14    0.18239E-04   -0.73344E-17   -0.22529E-05    0.62087E-15
 EL-
    0.00000E+00    0.00000E+00    0.00000E+00    0.00000E+00   -0.66622E+00    0.10378E-02
    0.58558E-01    0.18753E-14   -0.61552E-02    0.52333E-17    0.76964E-03    0.11219E-14
 ML+
    0.00000E+00    0.00000E+00    0.18182E+02    0.76985E+01   -0.17937E+00    0.65902E-03
    0.33156E-01    0.14365E-14   -0.27570E-02   -0.16479E-16    0.43778E-03    0.10874E-14
 ML-
    0.00000E+00    0.00000E+00   -0.41397E+01    0.14296E+00    0.14593E+00    0.18074E-03
    0.77575E-02   -0.17322E-14    0.85705E-03    0.93015E-17    0.19214E-04   -0.64946E-15
W= 1.17 Q2= 0.200
 SL+
   -0.18402E+01    0.11335E+01   -0.76229E+00   -0.65225E+00   -0.19970E-01    0.69525E-03
   -0.52784E-03   -0.19267E-15   -0.22118E-03   -0.34734E-18    0.77904E-05   -0.11201E-15
 SL-
    0.00000E+00    0.00000E+00    0.16354E+01    0.22474E-01    0.30942E+00    0.11134E-03
   -0.36269E-01   -0.24851E-15    0.33175E-02   -0.11549E-17   -0.50798E-03   -0.11251E-15
 EL+
    0.26186E+01    0.15782E+01   -0.42639E+00   -0.66971E+00    0.71334E-02    0.92887E-03
   -0.13401E-03    0.19406E-14    0.17109E-04   -0.54009E-17   -0.23180E-05    0.88098E-15
 EL-
    0.00000E+00    0.00000E+00    0.00000E+00    0.00000E+00   -0.69829E+00    0.16133E-02
    0.63963E-01    0.27144E-14   -0.68978E-02   -0.14765E-16    0.89437E-03    0.16063E-14
 ML+
    0.00000E+00    0.00000E+00    0.19249E+02    0.10716E+02   -0.18021E+00    0.81801E-03
    0.36662E-01    0.19848E-14   -0.30079E-02   -0.51107E-17    0.51168E-03    0.16364E-14
 ML-
    0.00000E+00    0.00000E+00   -0.40460E+01    0.14680E+00    0.16355E+00    0.29242E-03
    0.98225E-02   -0.26122E-14    0.10717E-02    0.26617E-17    0.32684E-04   -0.91962E-15
W= 1.18 Q2= 0.200
 SL+
   -0.17191E+01    0.11807E+01   -0.74253E+00   -0.86315E+00   -0.21235E-01    0.92547E-03
   -0.78514E-03   -0.27579E-15   -0.25184E-03   -0.93512E-18    0.59699E-05   -0.16337E-15
 SL-
    0.00000E+00    0.00000E+00    0.17105E+01    0.60236E-01    0.31087E+00    0.14843E-03
   -0.38362E-01   -0.35885E-15    0.34787E-02    0.19833E-17   -0.56526E-03   -0.16448E-15
 EL+
    0.24849E+01    0.15770E+01   -0.34564E+00   -0.83887E+00    0.75051E-02    0.12092E-02
   -0.13676E-03    0.27942E-14    0.15407E-04   -0.27318E-16   -0.23888E-05    0.12950E-14
 EL-
    0.00000E+00    0.00000E+00    0.00000E+00    0.00000E+00   -0.72433E+00    0.23765E-02
    0.68912E-01    0.40420E-14   -0.75862E-02    0.46013E-16    0.10164E-02    0.23796E-14
 ML+
    0.00000E+00    0.00000E+00    0.19580E+02    0.14481E+02   -0.17884E+00    0.97748E-03
    0.40042E-01    0.28275E-14   -0.32148E-02   -0.15733E-16    0.58604E-03    0.23662E-14
 ML-
    0.00000E+00    0.00000E+00   -0.39299E+01    0.14647E+00    0.18147E+00    0.44872E-03
    0.12126E-01   -0.39003E-14    0.13150E-02   -0.51713E-16    0.50652E-04   -0.13169E-14
W= 1.19 Q2= 0.200
 SL+
   -0.16088E+01    0.12213E+01   -0.64452E+00   -0.10922E+01   -0.22493E-01    0.11922E-02
   -0.10670E-02   -0.38587E-15   -0.28504E-03   -0.77523E-20    0.33871E-05   -0.23006E-15
 SL-
    0.00000E+00    0.00000E+00    0.17814E+01    0.10644E+00    0.30987E+00    0.19073E-03
   -0.40188E-01   -0.50636E-15    0.35865E-02   -0.12933E-17   -0.61923E-03   -0.23168E-15
 EL+
    0.23647E+01    0.15664E+01   -0.19660E+00   -0.10026E+01    0.78465E-02    0.15234E-02
   -0.14247E-03    0.38849E-14    0.13169E-04    0.35749E-16   -0.24916E-05    0.18137E-14
 EL-
    0.00000E+00    0.00000E+00    0.00000E+00    0.00000E+00   -0.74505E+00    0.33517E-02
    0.73449E-01    0.56438E-14   -0.82203E-02   -0.19427E-16    0.11350E-02    0.33029E-14
 ML+
    0.00000E+00    0.00000E+00    0.18682E+02    0.18846E+02   -0.17561E+00    0.11326E-02
    0.43323E-01    0.43938E-14   -0.33779E-02    0.32656E-16    0.66097E-03    0.32216E-14
 ML-
    0.00000E+00    0.00000E+00   -0.37959E+01    0.14248E+00    0.19971E+00    0.65923E-03
    0.14665E-01   -0.52076E-14    0.15893E-02    0.11967E-16    0.73719E-04   -0.18133E-14
W= 1.20 Q2= 0.200
 SL+
   -0.15076E+01    0.12559E+01   -0.44649E+00   -0.13015E+01   -0.23757E-01    0.14944E-02
   -0.13714E-02   -0.52602E-15   -0.32120E-03   -0.17634E-17    0.12046E-07   -0.30842E-15
 SL-
    0.00000E+00    0.00000E+00    0.18474E+01    0.16086E+00    0.30685E+00    0.23725E-03
   -0.41789E-01   -0.68443E-15    0.36445E-02    0.34998E-17   -0.67027E-03   -0.30760E-15
 EL+
    0.22572E+01    0.15482E+01    0.28282E-01   -0.11244E+01    0.81585E-02    0.18677E-02
   -0.15159E-03    0.49212E-14    0.10409E-04   -0.51734E-16   -0.26509E-05    0.23564E-14
 EL-
    0.00000E+00    0.00000E+00    0.00000E+00    0.00000E+00   -0.76107E+00    0.45605E-02
    0.77614E-01    0.75205E-14   -0.88007E-02    0.37972E-16    0.12502E-02    0.42113E-14
 ML+
    0.00000E+00    0.00000E+00    0.16038E+02    0.23282E+02   -0.17079E+00    0.12791E-02
    0.46526E-01    0.57169E-14   -0.34980E-02    0.36291E-16    0.73672E-03    0.42922E-14
 ML-
    0.00000E+00    0.00000E+00   -0.36471E+01    0.13551E+00    0.21829E+00    0.93385E-03
    0.17436E-01   -0.69702E-14    0.18967E-02    0.40430E-16    0.10250E-03   -0.23798E-14
W= 1.21 Q2= 0.200
 SL+
   -0.14141E+01    0.12849E+01   -0.15317E+00   -0.14325E+01   -0.25035E-01    0.18305E-02
   -0.16965E-02   -0.65838E-15   -0.36066E-03    0.21404E-17   -0.41897E-05   -0.38480E-15
 SL-
    0.00000E+00    0.00000E+00    0.19075E+01    0.22312E+00    0.30221E+00    0.28661E-03
   -0.43200E-01   -0.85167E-15    0.36562E-02    0.19661E-17   -0.71887E-03   -0.38913E-15
 EL+
    0.21613E+01    0.15238E+01    0.30980E+00   -0.11583E+01    0.84419E-02    0.22382E-02
   -0.16438E-03    0.62049E-14    0.71259E-05   -0.51037E-18   -0.28895E-05    0.29718E-14
 EL-
    0.00000E+00    0.00000E+00    0.00000E+00    0.00000E+00   -0.77295E+00    0.60212E-02
    0.81445E-01    0.93138E-14   -0.93290E-02   -0.57278E-16    0.13617E-02    0.51127E-14
 ML+
    0.00000E+00    0.00000E+00    0.11481E+02    0.26803E+02   -0.16458E+00    0.14138E-02
    0.49673E-01    0.69628E-14   -0.35758E-02   -0.13578E-15    0.81364E-03    0.53652E-14
 ML-
    0.00000E+00    0.00000E+00   -0.34861E+01    0.12636E+00    0.23723E+00    0.12826E-02
    0.20436E-01   -0.85753E-14    0.22394E-02    0.19711E-16    0.13761E-03   -0.29351E-14
W= 1.22 Q2= 0.200
 SL+
   -0.13272E+01    0.13088E+01    0.18535E+00   -0.14329E+01   -0.26332E-01    0.21984E-02
   -0.20410E-02   -0.73949E-15   -0.40376E-03   -0.58663E-17   -0.92576E-05   -0.44325E-15
 SL-
    0.00000E+00    0.00000E+00    0.19609E+01    0.29266E+00    0.29625E+00    0.33708E-03
   -0.44452E-01   -0.98303E-15    0.36250E-02   -0.63476E-17   -0.76553E-03   -0.43871E-15
 EL+
    0.20761E+01    0.14943E+01    0.59385E+00   -0.10751E+01    0.86976E-02    0.26306E-02
   -0.18095E-03    0.70832E-14    0.33096E-05   -0.59023E-17   -0.32290E-05    0.32258E-14
 EL-
    0.00000E+00    0.00000E+00    0.00000E+00    0.00000E+00   -0.78114E+00    0.77484E-02
    0.84976E-01    0.10491E-13   -0.98070E-02   -0.21023E-15    0.14698E-02    0.59524E-14
 ML+
    0.00000E+00    0.00000E+00    0.56180E+01    0.28330E+02   -0.15718E+00    0.15340E-02
    0.52782E-01    0.78806E-14   -0.36120E-02   -0.11787E-15    0.89216E-03    0.58561E-14
 ML-
    0.00000E+00    0.00000E+00   -0.33146E+01    0.11593E+00    0.25652E+00    0.17157E-02
    0.23661E-01   -0.96427E-14    0.26197E-02    0.13924E-15    0.17971E-03   -0.33937E-14
W= 1.23 Q2= 0.200
 SL+
   -0.12459E+01    0.13282E+01    0.48959E+00   -0.12967E+01   -0.27653E-01    0.25954E-02
   -0.24037E-02   -0.79445E-15   -0.45075E-03   -0.32421E-19   -0.15236E-04   -0.46332E-15
 SL-
    0.00000E+00    0.00000E+00    0.20063E+01    0.36877E+00    0.28922E+00    0.38661E-03
   -0.45569E-01   -0.10229E-14    0.35542E-02    0.31651E-18   -0.81077E-03   -0.46617E-15
 EL+
    0.20010E+01    0.14609E+01    0.81491E+00   -0.89079E+00    0.89267E-02    0.30405E-02
   -0.20130E-03    0.73560E-14   -0.10581E-05   -0.30419E-16   -0.36895E-05    0.34687E-14
 EL-
    0.00000E+00    0.00000E+00    0.00000E+00    0.00000E+00   -0.78608E+00    0.97530E-02
    0.88241E-01    0.10511E-13   -0.10237E-01    0.31114E-16    0.15747E-02    0.59695E-14
 ML+
    0.00000E+00    0.00000E+00   -0.26044E+00    0.27428E+02   -0.14875E+00    0.16379E-02
    0.55869E-01    0.81004E-14   -0.36076E-02   -0.28232E-17    0.97276E-03    0.61150E-14
 ML-
    0.00000E+00    0.00000E+00   -0.31344E+01    0.10523E+00    0.27616E+00    0.22429E-02
    0.27110E-01   -0.98408E-14    0.30398E-02    0.12273E-15    0.22945E-03   -0.34392E-14
W= 1.24 Q2= 0.200
 SL+
   -0.11695E+01    0.13434E+01    0.69944E+00   -0.10720E+01   -0.29000E-01    0.30188E-02
   -0.27837E-02   -0.78149E-15   -0.50187E-03    0.29963E-17   -0.22174E-04   -0.45231E-15
 SL-
    0.00000E+00    0.00000E+00    0.20429E+01    0.45050E+00    0.28133E+00    0.43289E-03
   -0.46575E-01   -0.99945E-15    0.34465E-02    0.27729E-17   -0.85512E-03   -0.46591E-15
 EL+
    0.19349E+01    0.14242E+01    0.93713E+00   -0.65963E+00    0.91308E-02    0.34635E-02
   -0.22536E-03    0.71252E-14   -0.59978E-05    0.62594E-16   -0.42902E-05    0.32930E-14
 EL-
    0.00000E+00    0.00000E+00    0.00000E+00    0.00000E+00   -0.78813E+00    0.12042E-01
    0.91267E-01    0.98467E-14   -0.10620E-01    0.19332E-16    0.16767E-02    0.58784E-14
 ML+
    0.00000E+00    0.00000E+00   -0.49517E+01    0.24629E+02   -0.13942E+00    0.17242E-02
    0.58946E-01    0.76333E-14   -0.35631E-02   -0.13277E-15    0.10559E-02    0.59437E-14
 ML-
    0.00000E+00    0.00000E+00   -0.29469E+01    0.95306E-01    0.29614E+00    0.28742E-02
    0.30779E-01   -0.96542E-14    0.35018E-02   -0.19606E-16    0.28750E-03   -0.33474E-14
W= 1.25 Q2= 0.200
 SL+
   -0.10972E+01    0.13548E+01    0.80296E+00   -0.82304E+00   -0.30375E-01    0.34652E-02
   -0.31801E-02   -0.70639E-15   -0.55735E-03    0.38375E-17   -0.30123E-04   -0.41680E-15
 SL-
    0.00000E+00    0.00000E+00    0.20697E+01    0.53672E+00    0.27278E+00    0.47344E-03
   -0.47488E-01   -0.92785E-15    0.33048E-02    0.43500E-17   -0.89908E-03   -0.42078E-15
 EL+
    0.18772E+01    0.13850E+01    0.96773E+00   -0.43639E+00    0.93118E-02    0.38955E-02
   -0.25298E-03    0.62902E-14   -0.11531E-04    0.47031E-16   -0.50492E-05    0.29858E-14
 EL-
    0.00000E+00    0.00000E+00    0.00000E+00    0.00000E+00   -0.78763E+00    0.14619E-01
    0.94079E-01    0.90947E-14   -0.10960E-01    0.17156E-16    0.17760E-02    0.52750E-14
 ML+
    0.00000E+00    0.00000E+00   -0.79778E+01    0.20947E+02   -0.12929E+00    0.17925E-02
    0.62026E-01    0.66308E-14   -0.34792E-02    0.40263E-16    0.11422E-02    0.53070E-14
 ML-
    0.00000E+00    0.00000E+00   -0.27533E+01    0.87254E-01    0.31646E+00    0.36188E-02
    0.34665E-01   -0.85077E-14    0.40078E-02    0.65528E-16    0.35455E-03   -0.29874E-14
W= 1.26 Q2= 0.200
 SL+
   -0.10284E+01    0.13627E+01    0.82271E+00   -0.59487E+00   -0.31776E-01    0.39314E-02
   -0.35922E-02   -0.64968E-15   -0.61736E-03   -0.73054E-18   -0.39139E-04   -0.37354E-15
 SL-
    0.00000E+00    0.00000E+00    0.20859E+01    0.62607E+00    0.26370E+00    0.50567E-03
   -0.48323E-01   -0.83358E-15    0.31313E-02    0.28047E-17   -0.94313E-03   -0.37717E-15
 EL+
    0.18271E+01    0.13439E+01    0.93655E+00   -0.25131E+00    0.94720E-02    0.43325E-02
   -0.28393E-03    0.54419E-14   -0.17676E-04    0.10243E-16   -0.59840E-05    0.25873E-14
 EL-
    0.00000E+00    0.00000E+00    0.00000E+00    0.00000E+00   -0.78487E+00    0.17482E-01
    0.96701E-01    0.78666E-14   -0.11257E-01   -0.47700E-16    0.18730E-02    0.46368E-14
 ML+
    0.00000E+00    0.00000E+00   -0.95143E+01    0.17227E+02   -0.11845E+00    0.18426E-02
    0.65119E-01    0.57902E-14   -0.33562E-02    0.27104E-16    0.12320E-02    0.48258E-14
 ML-
    0.00000E+00    0.00000E+00   -0.25549E+01    0.82153E-01    0.33708E+00    0.44862E-02
    0.38764E-01   -0.75767E-14    0.45598E-02    0.67522E-17    0.43133E-03   -0.25024E-14
W= 1.27 Q2= 0.200
 SL+
   -0.96282E+00    0.13676E+01    0.78964E+00   -0.40621E+00   -0.33206E-01    0.44141E-02
   -0.40193E-02   -0.56083E-15   -0.68207E-03    0.28919E-17   -0.49280E-04   -0.33190E-15
 SL-
    0.00000E+00    0.00000E+00    0.20909E+01    0.71701E+00    0.25423E+00    0.52696E-03
   -0.49094E-01   -0.73691E-15    0.29283E-02    0.35847E-17   -0.98770E-03   -0.33068E-15
 EL+
    0.17840E+01    0.13014E+01    0.87331E+00   -0.11126E+00    0.96140E-02    0.47709E-02
   -0.31796E-03    0.48772E-14   -0.24450E-04   -0.59772E-16   -0.71109E-05    0.21704E-14
 EL-
    0.00000E+00    0.00000E+00    0.00000E+00    0.00000E+00   -0.78014E+00    0.20629E-01
    0.99153E-01    0.69777E-14   -0.11513E-01    0.15639E-16    0.19681E-02    0.40041E-14
 ML+
    0.00000E+00    0.00000E+00   -0.99894E+01    0.13913E+02   -0.10701E+00    0.18748E-02
    0.68233E-01    0.51364E-14   -0.31945E-02    0.86264E-17    0.13258E-02    0.40525E-14
 ML-
    0.00000E+00    0.00000E+00   -0.23532E+01    0.81020E-01    0.35800E+00    0.54849E-02
    0.43074E-01   -0.66124E-14    0.51597E-02   -0.65944E-17    0.51854E-03   -0.21042E-14
W= 1.28 Q2= 0.200
 SL+
   -0.89993E+00    0.13697E+01    0.72876E+00   -0.25877E+00   -0.34661E-01    0.49097E-02
   -0.44608E-02   -0.50279E-15   -0.75163E-03    0.25305E-17   -0.60605E-04   -0.29412E-15
 SL-
    0.00000E+00    0.00000E+00    0.20843E+01    0.80786E+00    0.24447E+00    0.53474E-03
   -0.49810E-01   -0.64859E-15    0.26976E-02    0.46848E-17   -0.10332E-02   -0.29493E-15
 EL+
    0.17472E+01    0.12579E+01    0.79848E+00   -0.11059E-01    0.97406E-02    0.52071E-02
   -0.35478E-03    0.39951E-14   -0.31866E-04   -0.39903E-16   -0.84458E-05    0.19394E-14
 EL-
    0.00000E+00    0.00000E+00    0.00000E+00    0.00000E+00   -0.77367E+00    0.24051E-01
    0.10145E+00    0.60970E-14   -0.11731E-01   -0.63271E-16    0.20616E-02    0.34263E-14
 ML+
    0.00000E+00    0.00000E+00   -0.98075E+01    0.11146E+02   -0.95010E-01    0.18900E-02
    0.71375E-01    0.48255E-14   -0.29944E-02    0.35795E-16    0.14243E-02    0.33994E-14
 ML-
    0.00000E+00    0.00000E+00   -0.21495E+01    0.84766E-01    0.37918E+00    0.66235E-02
    0.47591E-01   -0.55223E-14    0.58094E-02    0.59350E-16    0.61692E-03   -0.20637E-14
W= 1.29 Q2= 0.200
 SL+
   -0.83943E+00    0.13692E+01    0.65633E+00   -0.14704E+00   -0.36141E-01    0.54150E-02
   -0.49161E-02   -0.43571E-15   -0.82615E-03   -0.19843E-17   -0.73176E-04   -0.25847E-15
 SL-
    0.00000E+00    0.00000E+00    0.20661E+01    0.89681E+00    0.23452E+00    0.52655E-03
   -0.50482E-01   -0.56171E-15    0.24411E-02   -0.30689E-18   -0.10801E-02   -0.25806E-15
 EL+
    0.17162E+01    0.12137E+01    0.72360E+00    0.57998E-01    0.98550E-02    0.56381E-02
   -0.39407E-03    0.35574E-14   -0.39929E-04   -0.25624E-17   -0.10003E-04    0.16308E-14
 EL-
    0.00000E+00    0.00000E+00    0.00000E+00    0.00000E+00   -0.76568E+00    0.27739E-01
    0.10362E+00    0.50071E-14   -0.11911E-01   -0.15801E-17    0.21539E-02    0.29458E-14
 ML+
    0.00000E+00    0.00000E+00   -0.92604E+01    0.89074E+01   -0.82527E-01    0.18892E-02
    0.74551E-01    0.38996E-14   -0.27560E-02    0.37589E-16    0.15279E-02    0.29178E-14
 ML-
    0.00000E+00    0.00000E+00   -0.19452E+01    0.94135E-01    0.40061E+00    0.79099E-02
    0.52312E-01   -0.46961E-14    0.65106E-02    0.23195E-16    0.72721E-03   -0.17582E-14
W= 1.30 Q2= 0.200
 SL+
   -0.78105E+00    0.13665E+01    0.58171E+00   -0.63811E-01   -0.37643E-01    0.59265E-02
   -0.53846E-02   -0.38205E-15   -0.90575E-03   -0.75913E-18   -0.87054E-04   -0.22357E-15
 SL-
    0.00000E+00    0.00000E+00    0.20367E+01    0.98205E+00    0.22445E+00    0.50010E-03
   -0.51117E-01   -0.49795E-15    0.21604E-02   -0.39556E-18   -0.11286E-02   -0.22144E-15
 EL+
    0.16904E+01    0.11691E+01    0.65423E+00    0.10414E+00    0.99604E-02    0.60614E-02
   -0.43545E-03    0.30753E-14   -0.48640E-04    0.17767E-16   -0.11797E-04    0.13796E-14
 EL-
    0.00000E+00    0.00000E+00    0.00000E+00    0.00000E+00   -0.75638E+00    0.31679E-01
    0.10566E+00    0.42219E-14   -0.12055E-01    0.75466E-16    0.22453E-02    0.26016E-14
 ML+
    0.00000E+00    0.00000E+00   -0.85339E+01    0.71224E+01   -0.69611E-01    0.18738E-02
    0.77767E-01    0.32371E-14   -0.24794E-02    0.27243E-16    0.16370E-02    0.25337E-14
 ML-
    0.00000E+00    0.00000E+00   -0.17420E+01    0.10966E+00    0.42225E+00    0.93517E-02
    0.57232E-01   -0.41945E-14    0.72650E-02   -0.27662E-16    0.85017E-03   -0.14122E-14
W= 1.31 Q2= 0.200
 SL+
   -0.72458E+00    0.13618E+01    0.50983E+00   -0.24679E-02   -0.39166E-01    0.64412E-02
   -0.58656E-02   -0.33898E-15   -0.99051E-03    0.12677E-18   -0.10230E-03   -0.20167E-15
 SL-
    0.00000E+00    0.00000E+00    0.19967E+01    0.10618E+01    0.21434E+00    0.45337E-03
   -0.51720E-01   -0.44298E-15    0.18570E-02   -0.48133E-18   -0.11791E-02   -0.20084E-15
 EL+
    0.16693E+01    0.11244E+01    0.59254E+00    0.13394E+00    0.10060E-01    0.64743E-02
   -0.47856E-03    0.26657E-14   -0.57994E-04   -0.16172E-16   -0.13841E-04    0.12171E-14
 EL-
    0.00000E+00    0.00000E+00    0.00000E+00    0.00000E+00   -0.74594E+00    0.35856E-01
    0.10759E+00    0.38486E-14   -0.12165E-01   -0.33178E-16    0.23361E-02    0.22118E-14
 ML+
    0.00000E+00    0.00000E+00   -0.77384E+01    0.57055E+01   -0.56310E-01    0.18453E-02
    0.81026E-01    0.29127E-14   -0.21646E-02    0.18937E-16    0.17521E-02    0.22813E-14
 ML-
    0.00000E+00    0.00000E+00   -0.15415E+01    0.13161E+00    0.44408E+00    0.10956E-01
    0.62348E-01   -0.36344E-14    0.80741E-02   -0.29791E-16    0.98656E-03   -0.11931E-14
W= 1.32 Q2= 0.200
 SL+
   -0.66981E+00    0.13553E+01    0.44299E+00    0.42358E-01   -0.40707E-01    0.69560E-02
   -0.63588E-02   -0.29865E-15   -0.10805E-02   -0.14963E-17   -0.11898E-03   -0.17307E-15
 SL-
    0.00000E+00    0.00000E+00    0.19471E+01    0.11345E+01    0.20424E+00    0.38460E-03
   -0.52298E-01   -0.38427E-15    0.15322E-02    0.12556E-17   -0.12319E-02   -0.17662E-15
 EL+
    0.16524E+01    0.10796E+01    0.53893E+00    0.15228E+00    0.10157E-01    0.68751E-02
   -0.52300E-03    0.22624E-14   -0.67979E-04    0.23544E-17   -0.16146E-04    0.10730E-14
 EL-
    0.00000E+00    0.00000E+00    0.00000E+00    0.00000E+00   -0.73454E+00    0.40253E-01
    0.10942E+00    0.33827E-14   -0.12242E-01   -0.20429E-16    0.24266E-02    0.18669E-14
 ML+
    0.00000E+00    0.00000E+00   -0.69365E+01    0.45804E+01   -0.42665E-01    0.18054E-02
    0.84331E-01    0.25172E-14   -0.18115E-02   -0.40095E-17    0.18738E-02    0.19170E-14
 ML-
    0.00000E+00    0.00000E+00   -0.13451E+01    0.15999E+00    0.46607E+00    0.12729E-01
    0.67655E-01   -0.30812E-14    0.89395E-02   -0.12628E-16    0.11371E-02   -0.10964E-14
W= 1.33 Q2= 0.200
 SL+
   -0.61659E+00    0.13472E+01    0.38209E+00    0.74810E-01   -0.42262E-01    0.74681E-02
   -0.68633E-02   -0.26982E-15   -0.11758E-02   -0.15166E-17   -0.13715E-03   -0.15893E-15
 SL-
    0.00000E+00    0.00000E+00    0.18893E+01    0.11988E+01    0.19419E+00    0.29238E-03
   -0.52853E-01   -0.35107E-15    0.11874E-02   -0.76955E-18   -0.12873E-02   -0.15739E-15
 EL+
    0.16394E+01    0.10351E+01    0.49298E+00    0.16269E+00    0.10256E-01    0.72618E-02
   -0.56836E-03    0.20022E-14   -0.78575E-04    0.13391E-16   -0.18723E-04    0.89871E-15
 EL-
    0.00000E+00    0.00000E+00    0.00000E+00    0.00000E+00   -0.72231E+00    0.44850E-01
    0.11116E+00    0.29773E-14   -0.12287E-01    0.21666E-16    0.25171E-02    0.16593E-14
 ML+
    0.00000E+00    0.00000E+00   -0.61620E+01    0.36845E+01   -0.28716E-01    0.17560E-02
    0.87686E-01    0.22391E-14   -0.14201E-02    0.70140E-17    0.20025E-02    0.16559E-14
 ML-
    0.00000E+00    0.00000E+00   -0.11543E+01    0.19452E+00    0.48819E+00    0.14677E-01
    0.73150E-01   -0.26894E-14    0.98625E-02   -0.14335E-16    0.13027E-02   -0.94846E-15
W= 1.34 Q2= 0.200
 SL+
   -0.56480E+00    0.13376E+01    0.32725E+00    0.98015E-01   -0.43829E-01    0.79749E-02
   -0.73788E-02   -0.24042E-15   -0.12765E-02    0.16537E-17   -0.15688E-03   -0.14249E-15
 SL-
    0.00000E+00    0.00000E+00    0.18247E+01    0.12535E+01    0.18425E+00    0.17567E-03
   -0.53389E-01   -0.31097E-15    0.82365E-03    0.20845E-17   -0.13455E-02   -0.14233E-15
 EL+
    0.16299E+01    0.99090E+00    0.45394E+00    0.16765E+00    0.10358E-01    0.76331E-02
   -0.61421E-03    0.17076E-14   -0.89757E-04    0.60021E-17   -0.21580E-04    0.80226E-15
 EL-
    0.00000E+00    0.00000E+00    0.00000E+00    0.00000E+00   -0.70940E+00    0.49628E-01
    0.11282E+00    0.24384E-14   -0.12301E-01   -0.70470E-17    0.26078E-02    0.14345E-14
 ML+
    0.00000E+00    0.00000E+00   -0.54315E+01    0.29682E+01   -0.14494E-01    0.16990E-02
    0.91091E-01    0.19846E-14   -0.99018E-03    0.87106E-17    0.21387E-02    0.14366E-14
 ML-
    0.00000E+00    0.00000E+00   -0.97043E+00    0.23465E+00    0.51040E+00    0.16805E-01
    0.78828E-01   -0.23115E-14    0.10844E-01    0.20334E-16    0.14839E-02   -0.85601E-15
W= 1.35 Q2= 0.200
 SL+
   -0.51431E+00    0.13268E+01    0.27819E+00    0.11431E+00   -0.45405E-01    0.84739E-02
   -0.79046E-02   -0.21730E-15   -0.13826E-02    0.64538E-18   -0.17823E-03   -0.12681E-15
 SL-
    0.00000E+00    0.00000E+00    0.17552E+01    0.12981E+01    0.17444E+00    0.33836E-04
   -0.53910E-01   -0.27965E-15    0.44214E-03    0.12803E-17   -0.14067E-02   -0.12622E-15
 EL+
    0.16235E+01    0.94712E+00    0.42095E+00    0.16893E+00    0.10468E-01    0.79879E-02
   -0.66013E-03    0.15581E-14   -0.10149E-03   -0.17632E-17   -0.24727E-04    0.71958E-15
 EL-
    0.00000E+00    0.00000E+00    0.00000E+00    0.00000E+00   -0.69592E+00    0.54564E-01
    0.11441E+00    0.21871E-14   -0.12285E-01    0.90671E-17    0.26991E-02    0.13079E-14
 ML+
    0.00000E+00    0.00000E+00   -0.47524E+01    0.23931E+01   -0.31674E-04    0.16363E-02
    0.94550E-01    0.16704E-14   -0.52172E-03   -0.75868E-17    0.22827E-02    0.13217E-14
 ML-
    0.00000E+00    0.00000E+00   -0.79463E+00    0.27963E+00    0.53268E+00    0.19119E-01
    0.84683E-01   -0.21424E-14    0.11886E-01    0.47342E-17    0.16816E-02   -0.71478E-15
W= 1.36 Q2= 0.200
 SL+
   -0.46505E+00    0.13148E+01    0.23449E+00    0.12543E+00   -0.46987E-01    0.89629E-02
   -0.84400E-02   -0.19704E-15   -0.14941E-02   -0.10801E-18   -0.20124E-03   -0.11543E-15
 SL-
    0.00000E+00    0.00000E+00    0.16824E+01    0.13321E+01    0.16480E+00   -0.13334E-03
   -0.54415E-01   -0.25515E-15    0.43921E-04    0.86771E-18   -0.14712E-02   -0.11676E-15
 EL+
    0.16199E+01    0.90388E+00    0.39320E+00    0.16777E+00    0.10589E-01    0.83253E-02
   -0.70566E-03    0.13611E-14   -0.11374E-03    0.51914E-17   -0.28169E-04    0.62942E-15
 EL-
    0.00000E+00    0.00000E+00    0.00000E+00    0.00000E+00   -0.68200E+00    0.59637E-01
    0.11594E+00    0.19216E-14   -0.12241E-01   -0.28212E-16    0.27911E-02    0.11282E-14
 ML+
    0.00000E+00    0.00000E+00   -0.41263E+01    0.19294E+01    0.14644E-01    0.15700E-02
    0.98062E-01    0.14365E-14   -0.14531E-04   -0.15889E-16    0.24350E-02    0.11355E-14
 ML-
    0.00000E+00    0.00000E+00   -0.62774E+00    0.32851E+00    0.55499E+00    0.21621E-01
    0.90711E-01   -0.18026E-14    0.12989E-01    0.14487E-16    0.18965E-02   -0.63125E-15
W= 1.37 Q2= 0.200
 SL+
   -0.41694E+00    0.13019E+01    0.19564E+00    0.13269E+00   -0.48570E-01    0.94398E-02
   -0.89846E-02   -0.17754E-15   -0.16110E-02    0.12157E-17   -0.22599E-03   -0.10428E-15
 SL-
    0.00000E+00    0.00000E+00    0.16082E+01    0.13555E+01    0.15536E+00   -0.32565E-03
   -0.54908E-01   -0.23302E-15   -0.37000E-03    0.41108E-18   -0.15391E-02   -0.10528E-15
 EL+
    0.16188E+01    0.86123E+00    0.36994E+00    0.16502E+00    0.10723E-01    0.86446E-02
   -0.75037E-03    0.12270E-14   -0.12645E-03    0.11537E-17   -0.31912E-04    0.56439E-15
 EL-
    0.00000E+00    0.00000E+00    0.00000E+00    0.00000E+00   -0.66772E+00    0.64823E-01
    0.11740E+00    0.17350E-14   -0.12168E-01   -0.22175E-16    0.28841E-02    0.98358E-15
 ML+
    0.00000E+00    0.00000E+00   -0.35522E+01    0.15541E+01    0.29507E-01    0.15020E-02
    0.10163E+00    0.12952E-14    0.53153E-03   -0.21651E-16    0.25961E-02    0.10043E-14
 ML-
    0.00000E+00    0.00000E+00   -0.47035E+00    0.38026E+00    0.57730E+00    0.24316E-01
    0.96908E-01   -0.15967E-14    0.14153E-01    0.48865E-17    0.21293E-02   -0.59178E-15
W= 1.38 Q2= 0.200
 SL+
   -0.36991E+00    0.12881E+01    0.16114E+00    0.13706E+00   -0.50153E-01    0.99030E-02
   -0.95376E-02   -0.16540E-15   -0.17333E-02   -0.11241E-18   -0.25252E-03   -0.96187E-16
 SL-
    0.00000E+00    0.00000E+00    0.15340E+01    0.13688E+01    0.14614E+00   -0.54244E-03
   -0.55390E-01   -0.21324E-15   -0.79867E-03    0.32528E-19   -0.16105E-02   -0.95629E-16
 EL+
    0.16199E+01    0.81923E+00    0.35049E+00    0.16130E+00    0.10873E-01    0.89454E-02
   -0.79381E-03    0.11055E-14   -0.13958E-03   -0.18843E-17   -0.35958E-04    0.48858E-15
 EL-
    0.00000E+00    0.00000E+00    0.00000E+00    0.00000E+00   -0.65318E+00    0.70100E-01
    0.11881E+00    0.15812E-14   -0.12069E-01   -0.13512E-16    0.29783E-02    0.91596E-15
 ML+
    0.00000E+00    0.00000E+00   -0.30271E+01    0.12494E+01    0.44533E-01    0.14342E-02
    0.10525E+00    0.11563E-14    0.11166E-02   -0.12529E-16    0.27663E-02    0.91566E-15
 ML-
    0.00000E+00    0.00000E+00   -0.32281E+00    0.43379E+00    0.59957E+00    0.27205E-01
    0.10327E+00   -0.14816E-14    0.15380E-01    0.10409E-16    0.23809E-02   -0.49931E-15
