 Q2 (GeV)= 0.496 W (GeV)= 1.125
  csthcm        Sigma0     Sigmae     Sigmat    Sigmaet
   0.90           20.438255      -0.183118       0.063097      -7.780682
   0.90           30.714895      -0.270536      -0.294867       2.044844
   0.90           41.128220      -0.296893      -0.716860      11.496973
   0.90           50.698048      -0.297035      -1.095495      18.756880
   0.90           58.915810      -0.282353      -1.382990      23.436272
   0.90           65.403740      -0.258001      -1.552037      25.484091
   0.90           69.785568      -0.226311      -1.584929      24.890305
   0.90           71.548500      -0.187813      -1.466655      21.511549
   0.90           69.725014      -0.141023      -1.174572      14.823895
   0.90           61.361305      -0.077731      -0.636274       2.928773
