      1.0000000      0.9978700
      2.0000000      0.9979240
      3.0000000      0.9976360
      4.0000000      0.9972190
      5.0000000      0.9980650
      6.0000000      0.9978100
      7.0000000      0.9976640
      8.0000000      0.9982120
      9.0000000      0.9979310
     10.0000000      0.9981280
     11.0000000      0.9979200
     12.0000000      0.9976520
     13.0000000      0.9978800
     14.0000000      0.9979800
     15.0000000      0.9980330
     16.0000000      0.9975980
     17.0000000      0.9980440
     18.0000000      0.9986810
     19.0000000      0.9982120
     20.0000000      0.9978640
     21.0000000      0.9983280
     22.0000000      0.9983370
     23.0000000      0.9982590
     24.0000000      0.9990170
     25.0000000      0.9988200
     26.0000000      0.9991090
     27.0000000      0.9987500
     28.0000000      0.9985920
     29.0000000      0.9987810
     30.0000000      0.9988790
     31.0000000      0.9988160
     32.0000000      0.9987910
     33.0000000      0.9989200
     34.0000000      0.9989670
     35.0000000      0.9991190
     36.0000000      0.9987170
     37.0000000      0.9994200
     38.0000000      0.9988430
     39.0000000      0.9993260
     40.0000000      0.9994090
     41.0000000      0.9991110
     42.0000000      0.9996980
     43.0000000      0.9988570
     44.0000000      0.9991180
     45.0000000      0.9996480
     46.0000000      0.9990660
     47.0000000      0.9991790
     48.0000000      0.9992900
     49.0000000      0.9996770
     50.0000000      0.9995300
     51.0000000      0.9994140
     52.0000000      0.9992690
     53.0000000      0.9993200
     54.0000000      0.9996550
     55.0000000      0.9998250
     56.0000000      0.9997410
     57.0000000      0.9997840
     58.0000000      0.9995300
     59.0000000      1.0000000
     60.0000000      1.0002000
     61.0000000      0.9991710
     62.0000000      1.0002100
     63.0000000      0.9996190
     64.0000000      0.9995760
     65.0000000      0.9995060
     66.0000000      0.9998460
     67.0000000      0.9997870
     68.0000000      0.9999820
     69.0000000      0.9997350
     70.0000000      0.9995660
     71.0000000      0.9998490
     72.0000000      1.0001100
     73.0000000      0.9997570
     74.0000000      1.0000600
     75.0000000      0.9998930
     76.0000000      0.9996780
     77.0000000      1.0003500
     78.0000000      0.9997220
     79.0000000      1.0002300
     80.0000000      1.0001400
     81.0000000      1.0000600
     82.0000000      1.0002000
     83.0000000      1.0000900
     84.0000000      1.0004100
     85.0000000      0.9999660
     86.0000000      1.0002100
     87.0000000      0.9999990
     88.0000000      1.0002600
     89.0000000      1.0003901
     90.0000000      1.0004200
     91.0000000      0.9998890
     92.0000000      0.9999750
     93.0000000      1.0001000
     94.0000000      0.9999850
     95.0000000      1.0000800
     96.0000000      1.0004200
     97.0000000      1.0001700
     98.0000000      0.9999660
     99.0000000      1.0004100
    100.0000000      1.0004400
    101.0000000      1.0006200
    102.0000000      1.0005100
    103.0000000      1.0007900
    104.0000000      1.0007200
    105.0000000      1.0005701
    106.0000000      1.0004300
    107.0000000      1.0003099
    108.0000000      1.0003000
    109.0000000      1.0006100
    110.0000000      1.0002300
    111.0000000      1.0003400
    112.0000000      1.0005100
    113.0000000      1.0005300
    114.0000000      1.0003500
    115.0000000      1.0005400
    116.0000000      1.0007401
    117.0000000      1.0008399
    118.0000000      1.0005500
    119.0000000      1.0006599
    121.0000000      0.9960640
    122.0000000      0.9983500
    123.0000000      1.0004600
    124.0000000      1.0026200
    125.0000000      1.0051800
    127.0000000      1.0009600
    128.0000000      1.0009700
    129.0000000      1.0008399
    130.0000000      1.0008600
    131.0000000      1.0007300
    132.0000000      1.0007401
    133.0000000      1.0008900
    134.0000000      1.0006700
    135.0000000      1.0006400
    136.0000000      1.0006800
    137.0000000      1.0003500
    138.0000000      1.0009500
    139.0000000      1.0007499
    140.0000000      1.0011100
    141.0000000      1.0012800
    142.0000000      1.0009500
    143.0000000      1.0008900
    144.0000000      1.0010500
    145.0000000      1.0009400
    146.0000000      1.0010700
    147.0000000      1.0007900
    148.0000000      1.0008100
    149.0000000      1.0014600
    150.0000000      1.0010999
    151.0000000      1.0011200
    152.0000000      1.0012900
    153.0000000      1.0007000
    154.0000000      1.0010600
    155.0000000      1.0010300
    156.0000000      1.0007300
    157.0000000      1.0010500
    158.0000000      1.0012900
    159.0000000      1.0011400
    160.0000000      1.0009600
    161.0000000      1.0013500
    162.0000000      1.0011899
    163.0000000      1.0012400
    164.0000000      1.0013100
    165.0000000      1.0010800
    166.0000000      1.0011801
    167.0000000      1.0013100
    168.0000000      1.0012900
    169.0000000      1.0012500
    170.0000000      1.0012600
    171.0000000      1.0009900
    172.0000000      1.0011400
    173.0000000      1.0012900
    174.0000000      1.0014000
    175.0000000      1.0013800
    176.0000000      1.0010400
    177.0000000      1.0013300
    179.0000000      1.0011100
    181.0000000      1.0022300
    182.0000000      1.0017300
    183.0000000      1.0009400
    184.0000000      1.0010400
    186.0000000      1.0017000
    187.0000000      1.0013000
    188.0000000      1.0012400
    189.0000000      1.0013200
    190.0000000      1.0010099
    191.0000000      1.0011400
    192.0000000      1.0012800
    193.0000000      1.0010700
    194.0000000      1.0010900
    195.0000000      1.0012200
    196.0000000      1.0016900
    197.0000000      1.0013700
    198.0000000      1.0013400
    199.0000000      1.0011801
    200.0000000      1.0013200
    201.0000000      1.0013601
    202.0000000      1.0014200
    203.0000000      1.0015200
    204.0000000      1.0014800
    205.0000000      1.0015600
    206.0000000      1.0013300
    207.0000000      1.0014100
    208.0000000      1.0015700
    209.0000000      1.0015700
    210.0000000      1.0013000
    211.0000000      1.0014900
    212.0000000      1.0014300
    213.0000000      1.0011899
    214.0000000      1.0013100
    215.0000000      1.0014600
    216.0000000      1.0012000
    217.0000000      1.0011400
    218.0000000      1.0012200
    219.0000000      1.0014200
    220.0000000      1.0012800
    221.0000000      1.0013601
    222.0000000      1.0012600
    223.0000000      1.0013000
    224.0000000      1.0012600
    225.0000000      1.0013601
    226.0000000      1.0009400
    227.0000000      1.0014400
    228.0000000      1.0012600
    229.0000000      1.0015600
    230.0000000      1.0011899
    231.0000000      1.0013500
    232.0000000      1.0013601
    233.0000000      1.0012500
    234.0000000      1.0011600
    235.0000000      1.0012200
    236.0000000      1.0013300
    237.0000000      1.0016201
    238.0000000      1.0012400
    239.0000000      1.0019900
    240.0000000      1.0014800
    241.0000000      1.0014800
    242.0000000      1.0011100
    243.0000000      1.0011500
    244.0000000      1.0010500
    245.0000000      1.0007900
    246.0000000      1.0012100
    247.0000000      1.0013400
    248.0000000      1.0011600
    249.0000000      1.0008600
    250.0000000      1.0009300
    251.0000000      1.0011100
    252.0000000      1.0007401
    253.0000000      1.0009900
    254.0000000      1.0012000
    255.0000000      1.0009000
    256.0000000      1.0009700
    257.0000000      1.0009000
    258.0000000      1.0009600
    259.0000000      1.0010800
    260.0000000      1.0009000
    261.0000000      1.0008500
    262.0000000      1.0010500
    263.0000000      1.0008200
    264.0000000      1.0010000
    265.0000000      1.0007800
    266.0000000      1.0005701
    267.0000000      1.0005400
    268.0000000      1.0003099
    269.0000000      0.9999820
    270.0000000      1.0001800
    271.0000000      1.0001800
    272.0000000      1.0001000
    273.0000000      1.0001200
    274.0000000      1.0002500
    275.0000000      1.0001400
    276.0000000      1.0002800
    277.0000000      1.0002500
    278.0000000      1.0003700
    279.0000000      1.0003400
    280.0000000      1.0002300
    281.0000000      1.0001800
    282.0000000      0.9999980
    283.0000000      1.0003500
    284.0000000      1.0003700
    285.0000000      1.0001600
    286.0000000      1.0002900
    287.0000000      1.0002800
    288.0000000      1.0001800
    289.0000000      1.0003000
    290.0000000      1.0003800
    291.0000000      1.0004300
    292.0000000      1.0004500
    293.0000000      1.0003600
    294.0000000      1.0003300
    295.0000000      1.0003099
    296.0000000      1.0004100
    297.0000000      1.0006599
    298.0000000      1.0006000
    299.0000000      1.0006800
    300.0000000      1.0008500
    301.0000000      1.0007600
    302.0000000      1.0007100
    303.0000000      1.0007100
    304.0000000      1.0005000
    305.0000000      1.0007300
    306.0000000      1.0007600
    307.0000000      1.0005500
    308.0000000      1.0007900
    309.0000000      1.0007600
    310.0000000      1.0005500
    311.0000000      1.0008399
    312.0000000      1.0007499
    313.0000000      1.0008200
    314.0000000      1.0009900
    315.0000000      1.0010000
    316.0000000      1.0009600
    317.0000000      1.0009900
    318.0000000      1.0007800
    319.0000000      1.0009600
    320.0000000      1.0007401
    321.0000000      1.0011100
    322.0000000      1.0009201
    323.0000000      1.0009400
    324.0000000      1.0008500
    325.0000000      1.0010000
    326.0000000      1.0011801
    327.0000000      1.0009900
    328.0000000      1.0010300
    329.0000000      1.0013200
    330.0000000      1.0013800
    331.0000000      1.0011600
    332.0000000      1.0011500
    333.0000000      1.0012100
    334.0000000      1.0013000
    335.0000000      1.0011899
    336.0000000      1.0010400
    337.0000000      1.0011899
    338.0000000      1.0010900
    339.0000000      1.0011899
    340.0000000      1.0013100
    341.0000000      1.0011899
    342.0000000      1.0014499
    343.0000000      1.0012500
    344.0000000      1.0010400
    345.0000000      1.0010000
    346.0000000      1.0011300
    347.0000000      1.0011600
    348.0000000      1.0010099
    349.0000000      1.0012500
    350.0000000      1.0013500
    351.0000000      1.0013500
    352.0000000      1.0014000
    353.0000000      1.0013200
    354.0000000      1.0014700
    355.0000000      1.0015500
    356.0000000      1.0013300
    357.0000000      1.0013900
    358.0000000      1.0013100
    359.0000000      1.0014100
    360.0000000      1.0012900
    361.0000000      1.0014300
    362.0000000      1.0014700
    363.0000000      1.0014400
    364.0000000      1.0014000
    365.0000000      1.0015900
    366.0000000      1.0015100
    367.0000000      1.0015200
    368.0000000      1.0013200
    369.0000000      1.0015399
    370.0000000      1.0013400
    371.0000000      1.0014600
    372.0000000      1.0016700
    373.0000000      1.0015800
    374.0000000      1.0019900
    375.0000000      1.0015900
    376.0000000      1.0015399
    377.0000000      1.0016400
    378.0000000      1.0014700
    379.0000000      1.0016900
    380.0000000      1.0016400
    381.0000000      1.0017200
    382.0000000      1.0017500
    383.0000000      1.0017999
    384.0000000      1.0017400
    385.0000000      1.0017000
    386.0000000      1.0015700
    387.0000000      1.0017600
    388.0000000      1.0017300
    389.0000000      1.0017800
    390.0000000      1.0019500
    391.0000000      1.0017600
    392.0000000      1.0017101
    393.0000000      1.0017600
    394.0000000      1.0017500
    395.0000000      1.0017600
    396.0000000      1.0016000
    397.0000000      1.0019100
    398.0000000      1.0019000
    399.0000000      1.0018400
    400.0000000      1.0019600
    401.0000000      1.0018400
    402.0000000      1.0016201
    403.0000000      1.0017900
    404.0000000      1.0016600
    405.0000000      1.0018300
    406.0000000      1.0019500
    407.0000000      1.0017900
    408.0000000      1.0019400
    409.0000000      1.0018700
    410.0000000      1.0016000
    411.0000000      1.0017700
    412.0000000      1.0020100
    413.0000000      1.0018600
    414.0000000      1.0020000
    415.0000000      1.0018100
    416.0000000      1.0018600
    417.0000000      1.0017300
    418.0000000      1.0018300
    419.0000000      1.0018500
    420.0000000      1.0017200
    421.0000000      1.0017900
    422.0000000      1.0016400
    423.0000000      1.0016500
    424.0000000      1.0016201
    425.0000000      1.0014200
    426.0000000      1.0014499
    427.0000000      1.0015399
    428.0000000      1.0015399
    429.0000000      1.0015900
    430.0000000      1.0015200
    431.0000000      1.0015900
    432.0000000      1.0015500
    433.0000000      1.0013300
    434.0000000      1.0015600
    435.0000000      1.0014000
    436.0000000      1.0013400
    437.0000000      1.0015900
    438.0000000      1.0014800
    439.0000000      1.0015301
    440.0000000      1.0016600
    441.0000000      1.0016000
    442.0000000      1.0013900
    443.0000000      1.0016500
    444.0000000      1.0015399
    445.0000000      1.0002600
    446.0000000      0.9940820
    447.0000000      0.9977880
    448.0000000      1.0015399
    449.0000000      1.0053800
    450.0000000      1.0092200
    451.0000000      1.0102700
    452.0000000      1.0013000
    453.0000000      1.0012800
    454.0000000      1.0013200
    455.0000000      1.0013500
    456.0000000      1.0015500
    457.0000000      1.0014100
    458.0000000      1.0014000
    459.0000000      1.0013601
    460.0000000      1.0012100
    461.0000000      1.0013400
    462.0000000      1.0011500
    463.0000000      1.0012000
    464.0000000      1.0011899
    465.0000000      1.0012600
    466.0000000      1.0010000
    467.0000000      1.0010099
    468.0000000      1.0009700
    469.0000000      1.0011300
    470.0000000      1.0012701
    471.0000000      1.0010000
    472.0000000      1.0009600
    473.0000000      1.0009700
    474.0000000      1.0008600
    475.0000000      1.0008900
    476.0000000      1.0008100
    477.0000000      1.0009000
    478.0000000      1.0007499
    479.0000000      1.0007499
    480.0000000      1.0008200
    481.0000000      1.0006800
    482.0000000      1.0005400
    483.0000000      1.0008900
    484.0000000      1.0007600
    485.0000000      1.0008900
    486.0000000      1.0009201
    487.0000000      1.0007300
    488.0000000      1.0007800
    489.0000000      1.0006100
    490.0000000      1.0007300
    491.0000000      1.0006100
    492.0000000      1.0004900
    493.0000000      1.0006500
    494.0000000      1.0006200
    495.0000000      1.0006100
    496.0000000      1.0005100
    497.0000000      1.0005200
    498.0000000      1.0005500
    499.0000000      1.0004200
    500.0000000      1.0002199
    501.0000000      1.0003600
    502.0000000      1.0001800
    503.0000000      1.0003300
    504.0000000      1.0005400
    505.0000000      1.0004900
    506.0000000      1.0006300
    507.0000000      1.0005000
    508.0000000      1.0003200
    509.0000000      1.0004400
    510.0000000      1.0002700
    511.0000000      1.0002100
    512.0000000      1.0002500
    513.0000000      0.9999890
    514.0000000      0.9995370
    515.0000000      0.9998450
    516.0000000      1.0001100
    517.0000000      1.0001700
    518.0000000      1.0004801
    519.0000000      1.0001700
    520.0000000      1.0000000
    521.0000000      1.0001000
    522.0000000      1.0000100
    523.0000000      0.9999830
    524.0000000      1.0001400
    525.0000000      1.0001700
    526.0000000      0.9997990
    527.0000000      1.0000200
    528.0000000      1.0001000
    529.0000000      0.9997420
    530.0000000      0.9998360
    531.0000000      0.9999350
    532.0000000      0.9996410
    533.0000000      0.9998520
    534.0000000      0.9996290
    535.0000000      0.9996020
    536.0000000      0.9996750
    537.0000000      0.9994180
    538.0000000      0.9989970
    539.0000000      0.9996100
    540.0000000      0.9995040
    541.0000000      0.9997590
    542.0000000      0.9997510
    543.0000000      0.9994100
    544.0000000      0.9994840
    545.0000000      0.9993290
    546.0000000      0.9992250
    547.0000000      0.9991960
    548.0000000      0.9993140
    549.0000000      0.9991620
    550.0000000      0.9988850
    551.0000000      0.9991320
    552.0000000      0.9988640
    553.0000000      0.9988950
    554.0000000      0.9992680
    555.0000000      0.9989260
    556.0000000      0.9991560
    557.0000000      0.9990320
    558.0000000      0.9989360
    559.0000000      0.9988780
    560.0000000      0.9989050
    561.0000000      0.9988440
    562.0000000      0.9986460
    563.0000000      0.9987620
    564.0000000      0.9982540
    565.0000000      0.9987060
    566.0000000      0.9987900
    567.0000000      0.9985750
    568.0000000      0.9986300
    569.0000000      0.9982700
    570.0000000      0.9981210
    571.0000000      0.9981550
    572.0000000      0.9979260
    573.0000000      0.9977850
    574.0000000      0.9980370
    575.0000000      0.9976570
    576.0000000      0.9977730
    577.0000000      0.9978780
    578.0000000      0.9972400
    579.0000000      0.9978750
    580.0000000      0.9976100
    581.0000000      0.9979380
    582.0000000      0.9980420
    583.0000000      0.9975870
    584.0000000      0.9977910
    585.0000000      0.9974110
    586.0000000      0.9987210
    587.0000000      0.9986600
    588.0000000      0.9989610
    589.0000000      0.9993150
    590.0000000      0.9993910
    591.0000000      0.9992960
    592.0000000      0.9996360
    593.0000000      0.9995400
    594.0000000      0.9994680
    595.0000000      0.9995660
    596.0000000      0.9995050
    597.0000000      0.9996010
    598.0000000      0.9995310
    599.0000000      0.9997750
    600.0000000      0.9996400
    601.0000000      0.9997280
    602.0000000      0.9997250
    603.0000000      0.9995080
    604.0000000      0.9997120
    605.0000000      0.9994910
    606.0000000      0.9996280
    607.0000000      0.9998500
    608.0000000      0.9996250
    609.0000000      0.9998450
    610.0000000      0.9997890
    611.0000000      0.9994160
    612.0000000      0.9994700
    613.0000000      0.9996580
    614.0000000      0.9994540
    615.0000000      0.9995360
    616.0000000      0.9998370
    617.0000000      0.9995640
    618.0000000      0.9995280
    619.0000000      0.9997780
    620.0000000      0.9994030
    621.0000000      0.9997310
    622.0000000      0.9998790
    623.0000000      0.9996910
    624.0000000      0.9999170
    625.0000000      0.9997840
    626.0000000      0.9996170
    627.0000000      0.9996290
    628.0000000      0.9997400
    629.0000000      0.9999250
    630.0000000      1.0000200
    631.0000000      0.9999240
    632.0000000      0.9998820
    633.0000000      1.0000600
    634.0000000      1.0000200
    635.0000000      1.0000499
    636.0000000      1.0001100
    637.0000000      0.9999130
    638.0000000      0.9997560
    639.0000000      0.9998200
    640.0000000      0.9999900
    641.0000000      0.9999740
    642.0000000      1.0001800
    643.0000000      1.0002700
    644.0000000      1.0003500
    645.0000000      1.0001200
    646.0000000      1.0002000
    647.0000000      1.0001301
    648.0000000      1.0000600
    649.0000000      1.0001000
    650.0000000      1.0002100
    651.0000000      1.0001400
    652.0000000      0.9996560
    653.0000000      1.0000800
    654.0000000      1.0001900
    655.0000000      1.0001000
    656.0000000      0.9999810
    657.0000000      0.9999450
    658.0000000      1.0000499
    659.0000000      0.9999010
    660.0000000      1.0001600
    661.0000000      1.0000600
    662.0000000      1.0002700
    663.0000000      1.0000600
    664.0000000      1.0001301
    665.0000000      1.0003800
    666.0000000      1.0003400
    667.0000000      1.0005400
    668.0000000      1.0007401
    669.0000000      1.0005600
    670.0000000      1.0003300
    671.0000000      1.0003999
    672.0000000      1.0003700
    673.0000000      0.9999950
    674.0000000      0.9997170
    675.0000000      1.0001600
    676.0000000      1.0001400
    677.0000000      1.0002400
    678.0000000      1.0003300
    679.0000000      1.0000100
    680.0000000      1.0001900
    681.0000000      0.9997920
    682.0000000      0.9993850
    683.0000000      0.9999390
    684.0000000      0.9998270
    685.0000000      1.0003200
    686.0000000      1.0002800
    687.0000000      0.9999330
    688.0000000      0.9999660
    689.0000000      0.9994970
    690.0000000      0.9997200
    691.0000000      0.9997710
    692.0000000      0.9997130
    693.0000000      0.9997930
    694.0000000      1.0000100
    695.0000000      0.9997060
    696.0000000      0.9993690
    697.0000000      0.9994270
    698.0000000      0.9993340
    699.0000000      0.9994530
    700.0000000      0.9992440
    701.0000000      0.9997820
    702.0000000      0.9998010
    703.0000000      0.9996680
    704.0000000      0.9998470
    705.0000000      0.9995870
    706.0000000      0.9993060
    707.0000000      0.9993370
    708.0000000      0.9989600
    709.0000000      0.9991510
    710.0000000      0.9995100
    711.0000000      0.9993990
    712.0000000      0.9994880
    713.0000000      0.9993380
    714.0000000      0.9993290
    715.0000000      0.9992560
    716.0000000      0.9987220
    717.0000000      0.9992940
    718.0000000      0.9992350
    719.0000000      0.9992360
    720.0000000      0.9996840
    721.0000000      0.9994200
    722.0000000      0.9997550
    723.0000000      0.9994030
    724.0000000      0.9999850
    725.0000000      0.9997950
    726.0000000      0.9992700
    727.0000000      0.9995340
    728.0000000      0.9994210
    729.0000000      0.9994830
    730.0000000      0.9999250
    731.0000000      0.9996080
    732.0000000      0.9995290
    733.0000000      0.9994600
    734.0000000      0.9990960
    735.0000000      0.9989390
    736.0000000      0.9986800
    737.0000000      0.9988040
    738.0000000      0.9987700
    739.0000000      0.9992050
    740.0000000      0.9990980
    741.0000000      0.9990730
    742.0000000      0.9985600
    743.0000000      0.9986410
    744.0000000      0.9983950
    745.0000000      0.9982610
    746.0000000      0.9977510
    747.0000000      0.9984280
    748.0000000      0.9984960
    749.0000000      0.9988790
    750.0000000      0.9994510
    751.0000000      0.9988560
    752.0000000      0.9991380
    753.0000000      0.9988300
    754.0000000      0.9977070
    755.0000000      0.9980030
    756.0000000      0.9972610
    757.0000000      0.9965800
    758.0000000      0.9983400
    759.0000000      0.9977880
    760.0000000      0.9989680
    761.0000000      0.9985100
    762.0000000      0.9988160
    763.0000000      0.9995490
    764.0000000      1.0016299
    765.0000000      1.0018899
    766.0000000      0.9992880
    767.0000000      0.9975330
