1.4125
1.00095
-0.238065
0.16528
1.4375
1.00111
-0.278516
0.194216
1.4625
1.00105
-0.264456
0.221422
1.4875
1.00204
-0.512989
0.460457
1.5125
1.00241
-0.604675
0.561578
1.5375
1.00152
-0.382202
0.40079
1.5625
1.00032
-0.0795895
0.101942
1.5875
1.00035
-0.0885045
0.117239
1.6125
1.00035
-0.0878472
0.0989032
1.6375
1.00046
-0.116219
0.109417
1.6625
1.00026
-0.0642019
0.0530257
1.6875
1.00066
-0.165733
0.180936
1.7125
1.00091
-0.228673
0.284168
1.7375
1.0011
-0.276599
0.322918
1.7625
1.00119
-0.29807
0.332901
1.7875
1.00097
-0.24393
0.275099
1.8125
1.00068
-0.170317
0.196441
