1.4125
16.43
0.603281
10.2691
10.2123
-1.04732
-0.000498908
4.03028
-0.000247141
1.44
19.5676
0.54484
13.0886
11.8916
-1.59188
-5.87588e-06
4.01007
1.9419e-05
1.46
22.5908
0.506132
15.0467
14.9052
-1.44474
1.01803e-06
3.43248
2.34841e-05
1.49
23.8235
0.453357
14.004
21.6596
-2.46867
9.0154e-06
0.469975
9.46099e-06
1.51
24.731
0.421328
13.7465
26.0713
-2.71598
-3.75324e-06
0.237147
4.8097e-06
1.54
24.4445
0.377465
14.1091
27.3811
-1.47187
-9.09729e-06
-0.251179
-1.42851e-06
1.56
23.3385
0.35073
14.3377
25.6632
-0.16558
-5.49637e-06
-0.786074
-5.35814e-06
1.59
21.9903
0.313966
13.3189
27.6189
-0.148396
-4.6402e-06
-0.0998464
-4.59298e-06
1.61
23.0797
0.291468
14.5616
29.2247
-0.309296
-1.09421e-05
-0.13111
-1.68361e-06
1.64
24.0758
0.260417
16.2641
29.9969
-0.689443
-8.44184e-06
-1.36291
-2.28285e-06
1.66
25.026
0.241347
18.7728
25.9094
-0.529211
-1.88676e-05
-2.36584
-8.87212e-06
1.69
27.2144
0.214938
21.2053
27.9571
-1.02195
-1.49796e-05
-3.73371
-2.28854e-05
1.7125
27.6428
0.196703
22.8685
24.2714
-1.03759
-8.32265e-06
-3.54245
-2.18645e-05
1.7375
25.8826
0.177872
20.9506
27.7276
-1.493
-1.10383e-05
-0.514772
-1.51392e-05
1.7625
21.8862
0.160416
16.7074
32.2837
-1.51752
-8.51487e-06
-1.12852
-1.03304e-05
1.7875
20.9219
0.144215
15.5866
36.9955
-1.18168
-5.2958e-06
-1.32436
-4.27377e-06
1.8125
20.0677
0.129162
14.4284
43.6606
-0.753762
-1.35481e-06
-0.779574
6.08915e-08
