1.4125
0.994042
1.49317
-0.901215
1.4375
0.994496
1.38029
-1.09447
1.4625
0.99514
1.21958
-1.13826
1.4875
1.00052
-0.130229
0.303751
1.5125
0.99959
0.102928
-0.107895
1.5375
1.00126
-0.315801
0.437986
1.5625
1.00254
-0.639271
0.840064
1.5875
1.00211
-0.530568
0.799993
1.6125
1.00229
-0.575919
0.867051
1.6375
1.00269
-0.675796
0.853649
1.6625
1.00383
-0.963012
1.21269
1.6875
1.00309
-0.776889
0.842001
1.7125
1.00289
-0.726909
0.822837
1.7375
1.00107
-0.268176
0.369085
1.7625
1.00136
-0.342593
0.412723
1.7875
1.00087
-0.21879
0.200458
1.8125
1.00008
-0.019498
-0.0517374
