1.4125
0.500397
-1.80109
20.6082
-5.75571
1.4375
0.60342
-1.89285
32.3314
-7.99538
1.4625
0.652502
-2.1305
33.8786
-4.24619
1.4875
0.404745
-2.19571
10.4227
4.73231
1.5125
0.640465
-2.99877
19.6344
4.61251
1.5375
0.272162
-1.6096
9.13875
3.69712
1.5625
0.354929
-1.58385
15.1793
-0.723869
1.5875
0.260977
-1.405
12.0971
-0.471456
1.6125
0.297779
-1.25098
17.3866
-4.03188
1.6375
0.380436
-1.39222
19.9009
-2.8239
1.6625
0.530477
-1.46567
30.7679
-5.35338
1.6875
0.410749
-1.20459
25.965
-2.98084
1.7125
0.590208
-1.82505
24.4772
6.34403
1.7375
0.595541
-1.82554
23.2447
5.38173
1.7625
0.0516297
-0.475226
15.2214
-1.3057
1.7875
0.065523
-0.615035
10.3441
2.88054
1.8125
0.13849
-0.939852
8.33388
3.99998
