1 31 4 1
1 36 8 1
1 23 9 1
1 15 13 1
1 22 17 1
1 12 18 1
1 9 19 1
1 2 20 1
1 10 20 1
1 12 20 1
1 25 20 1
1 8 21 1
1 9 21 1
1 22 21 1
1 12 22 1
1 9 23 1
1 3 24 1
1 12 24 1
1 9 25 1
1 11 25 1
1 4 26 1
1 12 26 1
1 19 26 1
1 31 26 1
1 33 26 1
1 9 27 1
1 4 28 1
1 10 29 1
1 31 30 1
1 33 30 1
1 12 33 1
1 15 33 1
1 15 34 1
1 15 35 1
1 15 36 1
1 15 37 1
1 1 38 1
1 15 38 1
1 12 39 1
1 15 39 1
1 15 40 1
1 15 41 1
1 15 42 1
1 15 43 1
1 32 43 1
1 15 44 1
1 15 45 1
1 15 46 1
1 36 46 1
1 15 47 1
1 15 48 1
1 10 51 1
1 11 54 1
1 32 54 1
1 10 58 1
1 10 59 1
1 11 59 1
1 13 59 1
1 3 63 1
1 7 63 1
1 13 63 1
1 1 64 1
1 19 67 1
1 20 71 1
1 22 74 1
1 23 75 1
1 24 75 1
1 27 81 1
1 35 82 1
1 9 83 1
1 3 84 1
1 24 84 100
1 3 87 1
1 11 87 1
1 29 87 1
1 33 90 1
1 13 92 1
1 11 96 1
1 10 97 1
1 12 97 1
1 32 97 1
1 36 97 1
1 11 98 1
1 33 98 1
1 36 98 1
1 10 99 1
1 32 99 1
1 36 99 1
1 8 100 1
1 9 100 1
1 4 102 1
1 7 102 1
1 3 103 1
1 7 103 1
1 1 105 1
1 4 108 1
1 15 108 1
1 19 108 1
1 3 109 1
1 27 110 1
1 1 111 1
1 11 112 1
1 12 113 1
1 8 115 1
1 9 115 1
1 1 116 1
1 7 116 1
1 12 116 1
1 8 117 1
1 9 118 1
1 34 120 1
1 2 121 1
1 20 121 1
1 33 121 1
1 2 123 1
1 7 128 1
1 9 135 1
1 17 137 1
1 36 142 1
1 33 145 1
1 20 146 1
1 22 146 1
1 23 146 1
1 24 146 1
1 29 146 1
1 19 147 1
1 21 147 1
1 23 147 1
1 24 147 1
1 25 147 1
1 36 148 1
1 26 149 1
1 29 149 1
1 25 150 1
1 16 151 1
1 28 151 1
1 29 151 1
1 30 151 1
1 27 152 1
1 29 152 1
1 30 152 1
1 13 153 1
1 14 153 1
1 15 153 1
1 16 153 1
1 17 153 1
1 18 153 1
1 13 154 1
1 14 154 1
1 15 154 1
1 16 154 1
1 17 154 1
1 18 154 1
1 20 154 1
1 22 154 1
1 28 154 1
1 29 154 1
1 13 155 1
1 14 155 1
1 15 155 1
1 16 155 1
1 17 155 1
1 18 155 1
1 19 155 1
1 20 155 1
1 21 155 1
1 22 155 1
1 23 155 1
1 24 155 1
1 13 156 1
1 14 156 1
1 15 156 1
1 16 156 1
1 17 156 1
1 18 156 1
1 13 157 1
1 14 157 1
1 15 157 1
1 16 157 1
1 17 157 1
1 18 157 1
1 28 157 1
1 29 157 1
1 13 158 1
1 14 158 1
1 15 158 1
1 16 158 1
1 17 158 1
1 18 158 1
1 20 158 1
1 22 158 1
1 28 158 1
1 29 158 1
1 13 159 1
1 14 159 1
1 15 159 1
1 16 159 1
1 17 159 1
1 18 159 1
1 19 159 1
1 20 159 1
1 21 159 1
1 22 159 1
1 23 159 1
1 24 159 1
1 13 160 1
1 14 160 1
1 15 160 1
1 16 160 1
1 17 160 1
1 18 160 1
1 19 160 1
1 20 160 1
1 21 160 1
1 22 160 1
1 23 160 1
1 24 160 1
1 28 160 1
1 19 161 1
1 20 161 1
1 21 161 1
1 22 161 1
1 23 161 1
1 24 161 1
1 19 162 1
1 20 162 1
1 21 162 1
1 22 162 1
1 23 162 1
1 24 162 1
1 19 163 1
1 20 163 1
1 21 163 1
1 22 163 1
1 23 163 1
1 24 163 1
1 20 171 1
1 36 174 1
1 13 179 1
1 20 184 1
1 22 184 1
1 23 184 1
1 24 184 1
1 26 184 1
1 19 185 1
1 20 185 1
1 21 185 1
1 22 185 1
1 23 185 1
1 24 185 1
1 19 186 1
1 21 186 1
1 23 186 1
1 24 186 1
1 29 187 1
2 13 1 1
2 22 1 1
2 35 2 1
2 20 3 1
2 17 6 1
2 15 15 1
2 21 17 1
2 25 17 1
2 26 17 1
2 27 17 1
2 32 17 1
2 11 18 1
2 25 18 1
2 26 18 1
2 27 18 1
2 18 19 1
2 25 19 1
2 26 19 1
2 27 19 1
2 36 19 1
2 25 20 1
2 26 20 1
2 27 20 1
2 25 21 1
2 26 21 1
2 27 21 1
2 25 22 1
2 26 22 1
2 27 22 1
2 32 22 1
2 36 22 1
2 25 23 1
2 26 23 1
2 27 23 1
2 4 24 1
2 25 24 1
2 26 24 1
2 27 24 1
2 29 24 1
2 32 24 1
2 25 25 1
2 26 25 1
2 27 25 1
2 30 25 1
2 3 26 1
2 25 26 1
2 26 26 1
2 27 26 1
2 16 27 1
2 25 27 1
2 26 27 1
2 27 27 1
2 35 27 1
2 25 28 1
2 26 28 1
2 27 28 1
2 3 29 1
2 25 29 1
2 26 29 1
2 27 29 1
2 25 30 1
2 26 30 1
2 27 30 1
2 36 30 1
2 14 31 1
2 25 31 1
2 26 31 1
2 32 31 1
2 7 32 1
2 15 32 1
2 25 32 1
2 26 32 1
2 27 32 1
2 34 32 1
2 27 35 1
2 7 38 1
2 14 43 1
2 13 44 1
2 14 44 1
2 15 44 1
2 16 44 1
2 17 44 1
2 18 44 1
2 14 47 1
2 9 48 1
2 11 48 1
2 13 48 1
2 14 48 1
2 15 48 1
2 16 48 1
2 17 48 1
2 18 48 1
2 7 49 1
2 15 50 1
2 14 51 1
2 29 51 1
2 3 52 1
2 31 55 1
2 31 56 1
2 2 57 1
2 31 57 1
2 32 57 1
2 33 57 1
2 34 57 1
2 35 57 1
2 36 57 1
2 2 58 1
2 3 58 1
2 31 58 1
2 32 58 1
2 33 58 1
2 34 58 1
2 36 58 1
2 31 59 1
2 32 59 1
2 33 59 1
2 34 59 1
2 35 59 1
2 36 59 1
2 31 60 1
2 32 60 1
2 33 60 1
2 34 60 1
2 35 60 1
2 36 60 1
2 31 61 1
2 32 61 1
2 33 61 1
2 34 61 1
2 35 61 1
2 36 61 1
2 31 62 1
2 32 62 1
2 33 62 1
2 34 62 1
2 36 62 1
2 31 63 1
2 32 63 1
2 33 63 1
2 34 63 1
2 35 63 1
2 36 63 1
2 31 64 1
2 32 64 1
2 33 64 1
2 34 64 1
2 35 64 1
2 36 64 1
2 35 65 1
2 24 69 1
2 24 70 1
2 24 71 1
2 24 72 100
2 18 73 100
2 24 73 1
2 24 74 1
2 24 75 1
2 12 76 1
2 24 76 100
2 24 77 1
2 33 77 1
2 24 78 1
2 24 79 1
2 10 80 1
2 24 80 1
2 9 81 1
2 10 81 1
2 14 81 1
2 24 81 1
2 3 82 1
2 9 82 1
2 10 82 1
2 24 82 1
2 9 83 1
2 13 83 100
2 24 83 1
2 2 84 1
2 13 84 100
2 14 84 100
2 24 84 1
2 13 85 100
2 14 85 1
2 24 85 1
2 13 86 100
2 24 86 1
2 7 87 1
2 13 87 100
2 24 87 1
2 14 88 100
2 24 88 1
2 14 89 100
2 24 89 1
2 11 90 1
2 13 90 100
2 24 90 1
2 33 90 100
2 7 91 1
2 13 91 100
2 24 91 1
2 13 92 100
2 24 92 1
2 13 93 100
2 24 93 1
2 12 94 1
2 13 94 100
2 24 94 1
2 12 95 1
2 13 95 100
2 22 95 1
2 24 95 1
2 13 96 100
2 19 96 1
2 24 96 100
2 24 97 1
2 24 98 1
2 8 99 1
2 24 99 1
2 8 100 1
2 24 100 100
2 24 101 1
2 24 102 1
2 24 103 1
2 33 103 1
2 36 104 1
2 2 105 1
2 24 105 100
2 24 106 100
2 24 107 100
2 14 109 1
2 24 109 100
2 36 110 1
2 24 111 100
2 21 112 1
2 24 112 1
2 12 113 1
2 24 113 1
2 31 113 1
2 7 114 1
2 24 114 1
2 31 114 1
2 21 115 1
2 24 115 1
2 31 115 1
2 2 116 1
2 24 116 1
2 31 116 1
2 24 117 1
2 31 117 1
2 24 118 1
2 31 118 1
2 24 119 1
2 31 119 1
2 20 120 1
2 23 120 1
2 24 120 1
2 31 120 1
2 24 121 1
2 31 121 1
2 24 122 1
2 31 122 1
2 24 123 1
2 31 123 1
2 36 123 1
2 24 124 1
2 31 124 1
2 1 125 1
2 31 125 1
2 32 125 100
2 31 126 1
2 24 127 1
2 31 127 1
2 24 128 100
2 31 128 1
2 24 129 1
2 32 129 1
2 15 130 1
2 24 130 1
2 24 131 100
2 24 132 100
2 24 133 1
2 24 134 1
2 24 135 100
2 24 136 1
2 24 137 100
2 24 138 100
2 24 139 100
2 24 140 1
2 36 140 1
2 14 144 1
2 22 144 1
2 14 145 1
2 24 145 1
2 36 145 1
2 15 146 1
2 24 146 1
2 14 147 1
2 24 147 1
2 33 147 1
2 14 148 1
2 15 148 1
2 18 148 1
2 24 148 1
2 24 150 1
2 24 151 1
2 24 152 1
2 24 153 100
2 33 153 1
2 21 154 1
2 23 154 1
2 24 154 1
2 33 154 1
2 24 155 1
2 24 156 1
2 21 158 1
2 23 158 1
2 24 158 1
2 21 159 1
2 24 159 1
2 24 160 1
2 24 161 1
2 24 162 1
2 24 163 1
2 31 168 1
2 20 169 1
2 24 170 1
2 21 172 1
2 24 172 1
2 31 172 1
2 20 175 1
2 21 175 1
2 14 177 1
2 17 177 1
2 18 177 1
2 33 177 1
2 13 178 1
2 15 178 1
2 16 178 1
2 17 178 1
2 18 178 1
2 13 179 1
2 14 179 1
2 15 179 1
2 16 179 1
2 17 179 1
2 13 180 1
2 14 180 1
2 17 180 1
2 18 180 1
2 17 181 1
2 13 182 1
2 14 182 1
2 16 182 1
2 17 182 1
2 18 182 1
2 25 182 1
2 32 182 1
2 36 182 1
2 17 183 1
2 18 183 1
2 36 183 1
2 13 184 1
2 15 184 1
2 16 184 1
2 17 185 1
2 18 185 1
2 15 186 1
2 16 186 1
2 18 186 1
2 20 186 1
2 16 187 1
2 18 187 1
2 24 187 1
2 33 187 1
2 21 188 1
2 20 189 1
2 22 189 1
2 32 189 1
2 34 189 1
2 21 190 1
2 22 190 1
2 23 190 1
2 24 190 1
2 22 191 1
2 23 191 1
2 24 191 1
2 23 192 1
2 24 192 1
2 34 192 100
3 27 1 1
3 30 1 1
3 22 7 1
3 20 9 1
3 22 9 1
3 23 9 1
3 24 9 1
3 19 10 1
3 21 10 1
3 7 14 100
3 8 14 1
3 21 14 1
3 26 17 100
3 31 17 1
3 32 17 1
3 33 17 1
3 34 17 1
3 35 17 1
3 36 17 1
3 31 18 1
3 33 18 1
3 35 18 1
3 36 18 100
3 27 20 1
3 35 23 1
3 32 24 1
3 35 25 1
3 17 26 1
3 20 26 1
3 22 26 1
3 23 26 1
3 24 26 1
3 2 27 1
3 19 27 1
3 21 27 1
3 23 27 1
3 35 27 1
3 2 28 1
3 17 28 100
3 20 28 1
3 1 29 100
3 2 29 1
3 1 30 100
3 2 30 1
3 3 30 100
3 2 31 1
3 2 32 1
3 30 32 1
3 2 33 1
3 10 33 1
3 30 33 1
3 2 34 1
3 22 34 100
3 30 34 1
3 2 35 1
3 30 35 1
3 2 36 1
3 26 36 1
3 30 36 1
3 2 37 1
3 19 37 1
3 21 37 1
3 22 37 1
3 23 37 1
3 24 37 1
3 30 37 1
3 2 38 1
3 30 38 1
3 2 39 1
3 24 39 1
3 25 39 1
3 30 39 1
3 2 40 1
3 30 40 1
3 2 41 1
3 30 41 1
3 2 42 1
3 30 42 1
3 2 43 1
3 4 43 1
3 30 43 1
3 2 44 1
3 10 44 1
3 17 44 100
3 18 44 100
3 30 44 1
3 2 45 1
3 30 45 1
3 30 46 1
3 2 47 1
3 30 47 1
3 2 48 1
3 30 48 1
3 2 49 1
3 14 49 1
3 25 49 1
3 26 49 1
3 27 49 1
3 28 49 1
3 29 49 1
3 30 49 1
3 36 49 1
3 2 50 1
3 25 50 1
3 26 50 1
3 27 50 1
3 28 50 1
3 29 50 1
3 30 50 1
3 2 51 1
3 7 51 1
3 25 51 1
3 26 51 1
3 27 51 1
3 28 51 1
3 29 51 1
3 30 51 1
3 2 52 1
3 25 52 1
3 26 52 1
3 27 52 1
3 28 52 1
3 29 52 1
3 30 52 1
3 34 52 1
3 2 53 1
3 25 53 1
3 26 53 1
3 27 53 1
3 28 53 1
3 29 53 1
3 30 53 1
3 34 53 1
3 13 54 100
3 25 54 1
3 26 54 1
3 27 54 1
3 28 54 1
3 29 54 1
3 30 54 1
3 36 54 1
3 17 55 1
3 25 55 1
3 26 55 1
3 27 55 1
3 28 55 1
3 29 55 1
3 30 55 1
3 15 56 100
3 25 56 1
3 26 56 1
3 27 56 1
3 28 56 1
3 29 56 1
3 30 56 1
3 36 56 1
3 13 57 1
3 14 57 1
3 15 57 1
3 16 57 1
3 17 57 1
3 18 57 1
3 25 57 1
3 26 57 1
3 27 57 1
3 28 57 1
3 29 57 1
3 30 57 1
3 34 57 1
3 4 58 1
3 13 58 1
3 14 58 1
3 15 58 1
3 16 58 1
3 17 58 1
3 18 58 1
3 25 58 1
3 26 58 1
3 27 58 1
3 28 58 1
3 29 58 1
3 30 58 1
3 33 58 1
3 4 59 1
3 13 59 1
3 14 59 1
3 15 59 1
3 16 59 1
3 17 59 1
3 18 59 1
3 25 59 1
3 26 59 1
3 27 59 1
3 28 59 1
3 29 59 1
3 30 59 1
3 4 60 1
3 13 60 1
3 14 60 1
3 15 60 1
3 16 60 1
3 17 60 1
3 18 60 1
3 24 60 100
3 25 60 1
3 26 60 1
3 27 60 1
3 28 60 1
3 29 60 1
3 30 60 1
3 4 61 1
3 13 61 1
3 14 61 1
3 15 61 1
3 16 61 1
3 17 61 1
3 18 61 1
3 19 61 1
3 20 61 1
3 21 61 1
3 22 61 1
3 23 61 1
3 24 61 1
3 25 61 1
3 26 61 1
3 27 61 1
3 28 61 1
3 29 61 1
3 30 61 1
3 4 62 1
3 13 62 1
3 14 62 1
3 15 62 1
3 16 62 1
3 17 62 1
3 18 62 1
3 19 62 1
3 20 62 1
3 21 62 1
3 22 62 1
3 23 62 1
3 24 62 1
3 25 62 1
3 26 62 1
3 27 62 100
3 28 62 1
3 29 62 1
3 30 62 1
3 4 63 1
3 13 63 1
3 14 63 1
3 15 63 1
3 16 63 1
3 17 63 1
3 18 63 1
3 19 63 1
3 20 63 1
3 21 63 1
3 22 63 1
3 23 63 1
3 24 63 1
3 27 63 1
3 28 63 100
3 29 63 1
3 30 63 1
3 4 64 1
3 13 64 1
3 14 64 1
3 15 64 1
3 16 64 1
3 17 64 1
3 18 64 1
3 19 64 1
3 20 64 1
3 21 64 1
3 22 64 1
3 23 64 1
3 24 64 1
3 27 64 1
3 28 64 1
3 29 64 100
3 30 64 1
3 4 65 1
3 19 65 1
3 20 65 1
3 21 65 1
3 22 65 1
3 23 65 1
3 24 65 1
3 30 65 1
3 4 66 1
3 19 66 1
3 20 66 1
3 21 66 1
3 22 66 1
3 23 66 1
3 24 66 1
3 30 66 1
3 4 67 1
3 19 67 1
3 20 67 1
3 21 67 1
3 22 67 1
3 23 67 1
3 24 67 100
3 30 67 1
3 4 68 1
3 19 68 1
3 20 68 1
3 21 68 1
3 22 68 1
3 23 68 1
3 24 68 1
3 30 68 1
3 36 68 1
3 4 69 1
3 24 69 1
3 25 69 1
3 30 69 1
3 4 70 1
3 23 70 100
3 24 70 100
3 30 70 1
3 4 71 1
3 24 71 100
3 30 71 1
3 4 72 1
3 12 72 1
3 19 72 100
3 24 72 100
3 30 72 1
3 4 73 1
3 18 73 1
3 30 73 1
3 4 74 1
3 24 74 1
3 30 74 1
3 4 75 1
3 7 75 1
3 30 75 1
3 4 76 1
3 24 76 100
3 30 76 1
3 4 77 1
3 24 77 100
3 30 77 1
3 4 78 1
3 24 78 100
3 30 78 1
3 4 79 1
3 30 79 1
3 4 80 1
3 30 80 1
3 4 81 1
3 30 81 1
3 31 81 1
3 32 81 1
3 33 81 1
3 34 81 1
3 4 82 1
3 16 82 1
3 30 82 1
3 31 82 1
3 32 82 1
3 34 82 100
3 2 83 1
3 3 83 1
3 4 83 1
3 24 83 1
3 31 83 1
3 32 83 1
3 33 83 1
3 34 83 1
3 35 83 1
3 36 83 1
3 1 84 1
3 2 84 1
3 3 84 1
3 4 84 1
3 14 84 1
3 16 84 1
3 17 84 1
3 18 84 1
3 25 84 1
3 27 84 1
3 31 84 1
3 32 84 1
3 33 84 1
3 34 84 1
3 1 85 1
3 2 85 1
3 3 85 1
3 4 85 1
3 24 85 1
3 25 85 1
3 31 85 1
3 32 85 1
3 33 85 1
3 34 85 1
3 1 86 1
3 2 86 1
3 3 86 1
3 4 86 1
3 7 86 100
3 13 86 100
3 15 86 1
3 24 86 1
3 29 86 1
3 31 86 1
3 32 86 1
3 34 86 100
3 1 87 1
3 2 87 1
3 3 87 1
3 4 87 1
3 25 87 1
3 31 87 1
3 32 87 1
3 33 87 1
3 34 87 1
3 35 87 1
3 36 87 1
3 1 88 1
3 2 88 1
3 3 88 1
3 4 88 1
3 24 88 1
3 25 88 1
3 31 88 1
3 32 88 1
3 33 88 1
3 34 88 1
3 1 89 1
3 2 89 1
3 3 89 1
3 4 89 1
3 12 89 1
3 15 89 1
3 17 89 1
3 18 89 1
3 24 89 100
3 25 89 1
3 31 89 1
3 32 89 1
3 33 89 1
3 34 89 1
3 1 90 1
3 2 90 1
3 3 90 1
3 4 90 1
3 10 90 1
3 11 90 1
3 12 90 1
3 24 90 100
3 25 90 1
3 31 90 1
3 32 90 1
3 33 90 1
3 34 90 1
3 1 91 1
3 2 91 1
3 3 91 1
3 4 91 1
3 8 91 1
3 9 91 1
3 10 91 1
3 11 91 1
3 12 91 1
3 25 91 1
3 31 91 1
3 32 91 1
3 33 91 1
3 34 91 1
3 1 92 1
3 2 92 1
3 3 92 1
3 4 92 1
3 7 92 1
3 8 92 1
3 9 92 1
3 10 92 1
3 11 92 1
3 12 92 1
3 18 92 100
3 25 92 1
3 31 92 1
3 32 92 1
3 33 92 1
3 34 92 1
3 1 93 1
3 2 93 1
3 3 93 1
3 4 93 1
3 7 93 1
3 8 93 1
3 9 93 1
3 10 93 1
3 11 93 1
3 12 93 1
3 24 93 100
3 25 93 1
3 31 93 1
3 32 93 1
3 33 93 1
3 34 93 1
3 1 94 1
3 2 94 1
3 3 94 1
3 4 94 1
3 7 94 1
3 8 94 1
3 9 94 1
3 10 94 1
3 11 94 1
3 12 94 1
3 18 94 1
3 24 94 100
3 25 94 1
3 31 94 1
3 32 94 1
3 33 94 1
3 34 94 1
3 1 95 1
3 2 95 1
3 3 95 1
3 4 95 1
3 7 95 1
3 8 95 1
3 9 95 1
3 10 95 1
3 11 95 1
3 12 95 1
3 25 95 1
3 31 95 1
3 32 95 1
3 33 95 1
3 34 95 1
3 1 96 1
3 2 96 1
3 3 96 1
3 4 96 1
3 7 96 1
3 8 96 1
3 9 96 1
3 10 96 1
3 11 96 1
3 12 96 1
3 24 96 100
3 25 96 1
3 31 96 1
3 32 96 1
3 33 96 1
3 1 97 1
3 2 97 1
3 3 97 1
3 4 97 1
3 7 97 1
3 8 97 1
3 9 97 1
3 10 97 1
3 11 97 1
3 12 97 1
3 24 97 100
3 26 97 100
3 27 97 100
3 28 97 100
3 29 97 100
3 30 97 100
3 1 98 1
3 2 98 1
3 3 98 1
3 7 98 1
3 8 98 1
3 9 98 1
3 10 98 1
3 11 98 1
3 12 98 1
3 19 98 1
3 24 98 100
3 25 98 100
3 26 98 100
3 27 98 100
3 28 98 100
3 29 98 100
3 30 98 100
3 1 99 1
3 7 99 1
3 8 99 1
3 9 99 1
3 10 99 1
3 11 99 1
3 12 99 1
3 25 99 100
3 27 99 100
3 29 99 100
3 30 99 100
3 7 100 1
3 8 100 1
3 9 100 1
3 10 100 1
3 11 100 1
3 12 100 1
3 15 100 100
3 24 100 100
3 7 101 1
3 8 101 1
3 9 101 1
3 10 101 1
3 11 101 1
3 12 101 1
3 24 101 100
3 25 101 100
3 7 102 1
3 8 102 1
3 9 102 1
3 10 102 1
3 11 102 1
3 12 102 1
3 24 102 100
3 7 103 1
3 8 103 1
3 9 103 1
3 10 103 1
3 11 103 1
3 12 103 1
3 24 103 1
3 7 104 1
3 8 104 1
3 9 104 1
3 10 104 1
3 11 104 1
3 12 104 1
3 24 104 100
3 36 104 1
3 7 105 1
3 8 105 1
3 9 105 1
3 10 105 1
3 11 105 1
3 24 105 100
3 32 105 1
3 7 106 1
3 8 106 1
3 9 106 1
3 12 106 100
3 24 106 100
3 27 106 1
3 31 106 1
3 32 106 1
3 7 107 1
3 24 107 1
3 24 108 100
3 24 109 100
3 24 110 100
3 24 112 1
3 14 113 1
3 24 113 100
3 24 114 100
3 24 115 100
3 26 115 1
3 28 115 1
3 34 115 1
3 25 116 1
3 26 116 1
3 27 116 1
3 28 116 1
3 29 116 1
3 30 116 1
3 20 117 1
3 24 117 100
3 25 117 1
3 26 117 1
3 27 117 1
3 28 117 1
3 29 117 1
3 30 117 1
3 20 118 1
3 24 118 100
3 25 118 1
3 26 118 1
3 27 118 1
3 28 118 1
3 29 118 1
3 30 118 1
3 20 119 1
3 24 119 100
3 25 119 1
3 27 119 1
3 29 119 1
3 30 119 1
3 20 120 1
3 20 121 1
3 24 121 100
3 25 121 1
3 20 122 1
3 24 122 100
3 14 123 1
3 20 123 1
3 32 123 1
3 14 124 1
3 15 124 1
3 18 124 1
3 20 124 1
3 32 124 1
3 34 124 1
3 20 125 1
3 22 125 1
3 23 125 1
3 24 125 100
3 14 126 1
3 20 126 1
3 24 126 100
3 26 126 1
3 15 127 1
3 18 127 1
3 20 127 1
3 20 128 1
3 20 129 1
3 33 129 1
3 35 129 1
3 20 130 1
3 27 130 1
3 35 130 1
3 20 131 1
3 35 131 1
3 20 132 1
3 35 132 1
3 24 133 1
3 35 133 1
3 24 134 1
3 35 134 1
3 24 135 1
3 35 135 1
3 24 136 1
3 35 136 1
3 24 137 100
3 35 137 1
3 21 138 100
3 24 138 100
3 35 138 1
3 24 139 1
3 29 139 1
3 32 139 100
3 35 139 1
3 24 140 1
3 31 140 100
3 35 140 1
3 24 141 100
3 24 142 100
3 25 142 1
3 26 142 100
3 28 142 100
3 29 142 100
3 30 142 100
3 35 142 1
3 24 143 1
3 25 143 100
3 27 143 100
3 28 143 100
3 29 143 100
3 30 143 100
3 35 143 1
3 24 144 1
3 25 144 100
3 26 144 100
3 27 144 100
3 28 144 100
3 29 144 100
3 30 144 100
3 35 144 1
3 13 145 1
3 24 145 1
3 30 145 1
3 31 145 1
3 35 145 1
3 24 146 1
3 30 146 1
3 31 146 1
3 32 146 1
3 34 146 1
3 14 147 1
3 24 147 1
3 30 147 1
3 35 147 1
3 24 148 1
3 30 148 1
3 31 148 1
3 24 149 1
3 31 149 1
3 32 149 1
3 24 150 1
3 30 150 1
3 31 150 1
3 32 150 1
3 24 151 1
3 30 151 1
3 24 152 1
3 30 152 1
3 31 152 1
3 24 153 1
3 30 153 1
3 24 154 1
3 27 154 100
3 24 155 1
3 30 155 1
3 24 156 1
3 30 156 1
3 32 156 1
3 24 157 1
3 28 157 1
3 29 157 1
3 30 157 1
3 16 158 1
3 19 158 1
3 21 158 1
3 24 158 1
3 31 158 1
3 13 159 100
3 14 159 1
3 17 159 1
3 24 159 1
3 13 160 1
3 14 160 1
3 15 160 1
3 16 160 1
3 17 160 1
3 18 160 1
3 24 160 1
3 30 160 1
3 31 160 1
3 18 161 1
3 24 161 1
3 32 161 1
3 33 161 1
3 35 161 1
3 19 162 1
3 24 162 1
3 34 162 1
3 16 163 1
3 24 163 1
3 32 163 1
3 33 163 1
3 36 164 1
3 22 165 1
3 32 165 1
3 17 166 1
3 35 166 1
3 36 166 1
3 33 167 1
3 31 168 1
3 35 168 1
3 33 169 1
3 34 169 1
3 28 171 1
3 25 175 1
3 25 176 1
3 31 177 1
3 33 177 1
3 24 185 1
3 32 192 1
4 12 1 1
4 26 2 1
4 25 3 1
4 27 3 1
4 29 3 1
4 30 3 1
4 10 6 1
4 26 6 1
4 21 7 1
4 25 7 1
4 27 7 1
4 29 7 1
4 30 7 1
4 19 9 100
4 31 9 1
4 32 9 1
4 33 9 1
4 34 9 1
4 35 9 1
4 36 9 1
4 15 11 100
4 32 11 1
4 34 11 1
4 18 12 1
4 31 12 1
4 33 12 1
4 35 12 1
4 8 14 1
4 24 14 1
4 11 22 1
4 8 26 1
4 13 26 1
4 17 27 100
4 19 28 1
4 33 28 1
4 35 28 1
4 15 29 1
4 13 33 100
4 17 33 1
4 15 40 100
4 18 41 100
4 32 44 1
4 2 46 1
4 2 47 1
4 31 47 1
4 25 49 1
4 8 53 1
4 13 55 1
4 15 60 100
4 22 62 1
4 15 63 1
4 8 68 1
4 26 69 1
4 32 70 1
4 3 71 1
4 10 71 1
4 20 71 1
4 24 71 100
4 9 72 1
4 11 73 100
4 17 74 100
4 10 76 1
4 22 76 1
4 26 77 1
4 31 78 1
4 13 81 100
4 13 83 100
4 8 85 1
4 13 85 100
4 30 86 1
4 21 87 1
4 23 87 1
4 4 88 1
4 13 88 100
4 16 88 100
4 32 89 1
4 9 90 1
4 24 90 1
4 16 93 100
4 24 93 100
4 21 96 1
4 31 96 1
4 1 97 1
4 13 97 100
4 15 98 1
4 20 103 1
4 10 106 1
4 7 107 1
4 16 107 1
4 32 112 1
4 33 112 1
4 34 112 1
4 35 112 1
4 36 112 1
4 26 115 1
4 28 115 1
4 25 116 1
4 27 116 1
4 32 116 1
4 33 116 1
4 31 119 1
4 32 119 1
4 32 120 1
4 33 120 1
4 34 120 1
4 35 120 1
4 36 120 1
4 33 122 1
4 24 125 100
4 24 126 100
4 24 128 100
4 24 129 100
4 27 131 1
4 24 132 100
4 36 132 1
4 27 134 1
4 32 136 1
4 33 136 1
4 34 136 1
4 35 136 1
4 36 136 1
4 32 137 1
4 13 138 1
4 28 138 1
4 33 138 1
4 21 140 1
4 33 144 1
4 22 146 1
4 17 150 1
4 22 150 1
4 19 151 1
4 19 152 1
4 20 152 1
4 21 152 1
4 22 152 1
4 23 152 1
4 24 152 1
4 14 153 1
4 19 153 1
4 21 153 1
4 36 153 1
4 18 154 1
4 15 158 1
4 17 164 1
4 23 164 1
4 21 167 1
4 23 169 1
4 31 169 1
4 33 169 1
4 24 172 1
4 23 173 100
4 31 173 1
4 33 173 1
4 13 177 1
4 14 177 1
4 15 177 1
4 16 177 1
4 17 177 1
4 18 177 1
4 13 178 1
4 14 178 1
4 15 178 1
4 16 178 1
4 17 178 1
4 18 178 1
4 13 179 1
4 14 179 1
4 15 179 1
4 16 179 1
4 17 179 1
4 18 179 1
4 13 180 1
4 14 180 1
4 15 180 1
4 16 180 1
4 17 180 1
4 18 180 1
4 14 181 1
4 15 181 1
4 16 181 1
4 17 181 1
4 18 181 1
4 13 182 1
4 14 182 1
4 15 182 1
4 16 182 1
4 17 182 1
4 18 182 1
4 13 183 1
4 14 183 1
4 15 183 1
4 16 183 1
4 17 183 1
4 18 183 1
4 13 184 1
4 14 184 1
4 15 184 1
4 16 184 1
4 17 184 1
4 18 184 1
4 21 184 1
4 15 185 1
4 16 185 1
4 17 185 1
4 15 186 100
4 16 186 100
4 17 186 1
4 32 186 1
4 16 187 1
4 17 187 100
4 18 187 100
4 17 188 1
4 18 188 1
4 18 189 1
4 24 189 1
5 19 1 1
5 20 1 1
5 21 1 1
5 22 1 1
5 23 1 1
5 24 1 1
5 19 2 1
5 20 2 1
5 21 2 1
5 22 2 1
5 23 2 1
5 24 2 1
5 4 3 1
5 19 3 1
5 20 3 100
5 21 3 1
5 22 3 100
5 23 3 1
5 24 3 1
5 2 4 1
5 19 4 100
5 20 4 100
5 21 4 100
5 22 4 100
5 23 4 100
5 24 4 100
5 33 4 1
5 1 5 1
5 19 5 1
5 20 5 1
5 21 5 1
5 22 5 1
5 23 5 1
5 24 5 1
5 8 6 1
5 19 6 1
5 20 6 100
5 21 6 1
5 22 6 100
5 23 6 100
5 24 6 100
5 2 7 1
5 7 7 1
5 19 7 100
5 20 7 1
5 21 7 100
5 23 7 100
5 24 7 100
5 19 8 1
5 20 8 1
5 22 8 1
5 19 9 1
5 20 9 1
5 22 9 1
5 25 9 1
5 26 9 1
5 27 9 1
5 28 9 1
5 29 9 1
5 30 9 1
5 4 10 1
5 19 10 1
5 20 10 1
5 22 10 1
5 25 10 1
5 26 10 1
5 27 10 1
5 28 10 1
5 29 10 1
5 30 10 1
5 12 11 1
5 19 11 1
5 20 11 1
5 22 11 1
5 25 11 1
5 26 11 1
5 27 11 1
5 28 11 1
5 29 11 1
5 30 11 1
5 32 11 1
5 19 12 1
5 20 12 1
5 22 12 1
5 25 12 1
5 26 12 1
5 27 12 1
5 28 12 1
5 29 12 1
5 30 12 1
5 10 13 1
5 19 13 1
5 20 13 1
5 25 13 1
5 26 13 1
5 27 13 1
5 28 13 1
5 29 13 1
5 30 13 1
5 11 14 1
5 19 14 1
5 20 14 1
5 22 14 1
5 25 14 1
5 26 14 1
5 27 14 1
5 28 14 1
5 29 14 1
5 30 14 1
5 19 15 1
5 20 15 1
5 22 15 1
5 25 15 1
5 26 15 1
5 27 15 1
5 28 15 1
5 29 15 1
5 30 15 1
5 19 16 1
5 20 16 1
5 22 16 1
5 25 16 1
5 26 16 1
5 27 16 1
5 28 16 1
5 29 16 1
5 30 16 1
5 20 17 1
5 22 17 1
5 31 17 1
5 35 17 1
5 20 18 1
5 22 18 1
5 19 19 1
5 20 19 1
5 22 19 1
5 19 20 1
5 20 20 1
5 22 20 1
5 17 23 1
5 9 27 1
5 8 28 1
5 9 28 1
5 8 29 1
5 9 29 1
5 8 30 1
5 9 30 1
5 11 30 1
5 8 31 1
5 8 32 1
5 9 32 1
5 10 32 1
5 8 33 1
5 9 33 1
5 8 34 1
5 9 34 1
5 8 35 1
5 9 35 1
5 8 36 1
5 9 36 1
5 8 37 1
5 9 37 1
5 30 37 1
5 8 38 1
5 9 38 1
5 8 39 1
5 9 39 1
5 12 39 1
5 21 39 1
5 22 39 1
5 8 40 1
5 9 40 1
5 8 41 1
5 9 41 1
5 33 41 1
5 8 42 1
5 9 42 1
5 10 42 1
5 8 43 1
5 9 43 1
5 10 43 1
5 7 44 1
5 8 44 1
5 9 44 1
5 23 44 100
5 8 45 1
5 9 45 1
5 8 46 1
5 9 46 1
5 8 47 1
5 9 47 1
5 8 48 1
5 9 48 1
5 8 49 1
5 9 49 1
5 27 49 1
5 8 50 1
5 9 50 1
5 8 51 1
5 9 51 1
5 21 51 1
5 8 52 1
5 9 52 1
5 8 53 100
5 9 53 1
5 8 54 1
5 9 54 1
5 8 55 1
5 9 55 1
5 8 56 1
5 9 56 1
5 11 56 1
5 8 57 1
5 9 57 1
5 12 57 1
5 8 58 1
5 9 58 1
5 18 63 1
5 22 64 1
5 23 64 1
5 36 64 1
5 13 65 1
5 14 65 1
5 15 65 1
5 16 65 1
5 17 65 1
5 18 65 1
5 9 66 1
5 7 68 1
5 24 71 100
5 32 75 1
5 33 78 100
5 1 79 1
5 17 79 100
5 28 80 100
5 30 82 1
5 32 84 1
5 7 86 1
5 19 87 100
5 27 87 1
5 14 88 1
5 35 88 1
5 16 93 1
5 20 95 1
5 22 95 1
5 19 96 1
5 20 96 1
5 21 96 1
5 22 96 1
5 23 96 1
5 24 96 1
5 13 97 100
5 19 97 1
5 20 97 1
5 21 97 1
5 22 97 1
5 23 97 1
5 24 97 1
5 31 97 1
5 3 98 1
5 19 98 1
5 20 98 1
5 21 98 1
5 22 98 1
5 23 98 1
5 24 98 1
5 12 99 1
5 19 99 1
5 20 99 1
5 21 99 1
5 22 99 1
5 23 99 1
5 24 99 1
5 19 100 1
5 20 100 1
5 21 100 1
5 22 100 1
5 23 100 1
5 24 100 1
5 19 101 1
5 20 101 1
5 21 101 1
5 22 101 1
5 23 101 1
5 24 101 1
5 19 102 1
5 20 102 1
5 21 102 1
5 22 102 1
5 23 102 1
5 24 102 1
5 14 103 100
5 19 103 1
5 20 103 1
5 21 103 1
5 22 103 1
5 23 103 1
5 24 103 1
5 9 104 1
5 19 104 1
5 20 104 1
5 21 104 1
5 22 104 1
5 23 104 1
5 24 104 1
5 32 104 1
5 19 105 1
5 20 105 1
5 21 105 1
5 22 105 1
5 23 105 1
5 24 105 1
5 8 106 1
5 13 106 100
5 19 106 1
5 20 106 1
5 21 106 1
5 22 106 1
5 23 106 1
5 24 106 1
5 12 107 1
5 19 107 1
5 20 107 1
5 21 107 1
5 22 107 1
5 23 107 1
5 24 107 1
5 19 108 1
5 20 108 1
5 21 108 1
5 22 108 1
5 23 108 1
5 24 108 1
5 19 109 1
5 20 109 1
5 21 109 1
5 22 109 1
5 23 109 1
5 24 109 1
5 19 110 1
5 20 110 1
5 21 110 1
5 22 110 1
5 23 110 1
5 24 110 1
5 19 111 1
5 20 111 1
5 21 111 1
5 23 111 1
5 24 111 1
5 9 112 1
5 20 112 1
5 21 112 1
5 23 112 1
5 25 112 1
5 17 113 1
5 18 113 1
5 21 113 1
5 8 114 1
5 17 114 100
5 18 114 1
5 20 114 100
5 21 114 100
5 35 114 1
5 17 115 100
5 18 115 100
5 19 115 100
5 20 115 1
5 21 115 1
5 30 115 1
5 9 116 1
5 12 116 1
5 17 116 1
5 18 116 100
5 20 116 1
5 21 116 1
5 33 116 1
5 17 117 1
5 18 117 1
5 19 117 1
5 20 117 1
5 21 117 1
5 17 118 100
5 18 118 1
5 19 118 1
5 21 118 100
5 12 119 1
5 17 119 100
5 18 119 100
5 19 119 100
5 20 119 1
5 21 119 1
5 26 119 1
5 32 119 1
5 34 119 1
5 8 120 1
5 17 120 1
5 19 120 1
5 20 120 1
5 21 120 1
5 26 120 1
5 32 120 1
5 33 120 1
5 9 121 1
5 17 121 1
5 18 121 1
5 20 121 1
5 21 121 1
5 4 122 1
5 18 122 1
5 19 122 1
5 20 122 1
5 21 122 1
5 2 123 1
5 3 123 1
5 4 123 1
5 17 123 1
5 18 123 1
5 20 123 1
5 21 123 1
5 1 124 1
5 17 124 1
5 18 124 1
5 19 124 1
5 20 124 1
5 21 124 1
5 17 125 1
5 18 125 1
5 19 125 100
5 20 125 1
5 21 125 1
5 1 126 1
5 17 126 1
5 18 126 1
5 19 126 1
5 20 126 1
5 21 126 1
5 17 127 1
5 18 127 1
5 19 127 100
5 20 127 1
5 21 127 1
5 28 127 1
5 17 128 1
5 18 128 1
5 19 128 1
5 20 128 1
5 21 128 1
5 19 129 100
5 20 129 1
5 21 129 1
5 19 130 1
5 20 130 100
5 21 130 1
5 19 131 1
5 20 131 1
5 21 131 1
5 19 132 1
5 20 132 1
5 21 132 1
5 14 137 1
5 31 137 1
5 32 137 1
5 33 137 1
5 34 137 1
5 35 137 1
5 36 137 1
5 31 138 1
5 32 138 1
5 33 138 1
5 34 138 1
5 35 138 1
5 36 138 1
5 31 139 1
5 33 139 1
5 35 139 1
5 36 139 1
5 13 145 100
5 16 150 1
5 35 150 100
5 36 150 100
5 27 151 1
5 20 155 1
5 25 157 1
5 19 162 100
5 23 162 100
5 29 163 1
5 35 169 1
5 14 171 1
5 16 171 1
5 13 172 1
5 14 172 1
5 15 172 1
5 16 172 1
5 17 172 1
5 18 172 1
5 28 172 1
5 33 174 1
5 17 175 1
5 32 175 1
5 13 177 1
5 15 177 1
5 26 178 1
5 18 179 1
5 19 179 1
5 20 179 1
5 21 179 1
5 22 179 1
5 23 179 1
5 24 179 1
5 29 179 1
5 19 180 1
5 20 180 1
5 21 180 1
5 22 180 1
5 23 180 1
5 24 180 1
5 19 181 1
5 21 181 1
5 23 181 1
5 24 181 1
5 27 183 1
5 23 189 1
6 3 4 1
6 19 4 1
6 27 5 1
6 33 5 1
6 1 6 100
6 22 6 1
6 13 7 1
6 24 7 1
6 29 8 1
6 35 8 1
6 14 9 1
6 36 9 1
6 17 10 1
6 1 11 100
6 1 12 100
6 1 13 100
6 2 13 100
6 10 13 1
6 1 14 100
6 2 14 100
6 1 15 100
6 2 15 100
6 1 16 100
6 2 16 100
6 4 16 1
6 30 16 1
6 1 17 100
6 2 17 100
6 1 18 100
6 2 18 100
6 1 19 100
6 2 19 100
6 25 19 1
6 1 20 100
6 2 20 100
6 26 20 1
6 1 21 100
6 2 21 100
6 25 21 1
6 1 22 100
6 2 22 100
6 27 22 1
6 1 23 100
6 2 23 100
6 30 23 1
6 1 24 100
6 2 24 100
6 30 24 1
6 2 25 100
6 27 25 1
6 1 26 100
6 2 26 100
6 26 26 1
6 1 27 100
6 2 27 100
6 26 27 1
6 29 27 1
6 1 28 100
6 2 28 100
6 26 28 1
6 29 28 1
6 1 29 100
6 2 29 100
6 11 29 1
6 1 30 100
6 2 30 100
6 1 31 100
6 2 31 100
6 1 32 100
6 2 32 100
6 1 33 100
6 2 33 100
6 1 34 100
6 2 34 100
6 1 35 100
6 2 35 100
6 1 36 100
6 2 36 100
6 21 36 100
6 28 36 1
6 29 36 1
6 1 37 100
6 2 37 100
6 26 37 1
6 30 37 1
6 1 38 100
6 2 38 100
6 1 39 100
6 2 39 100
6 1 40 100
6 2 40 100
6 1 41 100
6 2 41 100
6 1 42 100
6 2 42 100
6 1 43 100
6 2 43 100
6 1 44 100
6 2 44 100
6 21 44 1
6 1 45 100
6 2 45 100
6 1 46 100
6 2 46 100
6 1 47 100
6 20 48 1
6 1 50 100
6 2 50 100
6 20 50 1
6 1 51 100
6 2 51 1
6 4 52 1
6 19 53 1
6 21 53 1
6 24 53 1
6 11 57 1
6 13 57 100
6 18 58 1
6 23 62 1
6 31 64 1
6 4 65 1
6 21 74 1
6 3 76 100
6 34 80 1
6 36 83 1
6 2 88 1
6 9 88 1
6 1 91 1
6 29 94 100
6 1 95 1
6 2 95 1
6 25 95 100
6 29 95 100
6 34 95 1
6 1 96 1
6 25 96 100
6 26 96 100
6 27 96 100
6 28 96 100
6 1 97 1
6 2 97 1
6 18 97 1
6 1 98 1
6 18 98 1
6 27 98 1
6 1 99 1
6 18 99 1
6 25 99 1
6 28 99 1
6 30 99 1
6 18 100 1
6 1 101 1
6 2 101 1
6 18 101 1
6 2 102 1
6 18 102 1
6 13 103 1
6 18 103 1
6 30 103 1
6 2 104 1
6 18 104 1
6 1 105 1
6 18 105 1
6 31 105 1
6 1 106 1
6 18 106 1
6 18 107 1
6 18 108 1
6 26 108 1
6 2 109 1
6 18 109 1
6 18 110 1
6 2 111 1
6 18 111 1
6 20 111 1
6 22 111 1
6 2 112 1
6 18 112 1
6 26 112 1
6 4 114 1
6 2 115 1
6 3 115 1
6 4 115 1
6 1 116 1
6 2 116 1
6 3 116 1
6 4 116 1
6 1 117 1
6 2 117 1
6 3 117 1
6 4 117 1
6 1 118 1
6 2 118 1
6 3 118 1
6 4 118 1
6 1 119 1
6 2 119 1
6 3 119 1
6 4 119 1
6 1 120 1
6 2 120 1
6 3 120 1
6 4 120 1
6 1 121 1
6 2 121 1
6 3 121 1
6 4 121 1
6 1 122 1
6 2 122 1
6 3 122 1
6 4 122 1
6 8 122 1
6 1 123 1
6 2 123 1
6 3 123 1
6 4 123 1
6 1 124 1
6 2 124 1
6 3 124 1
6 4 124 1
6 1 125 1
6 2 125 1
6 3 125 1
6 4 125 1
6 1 126 1
6 2 126 1
6 3 126 1
6 4 126 1
6 27 126 1
6 1 127 1
6 2 127 1
6 3 127 1
6 4 127 1
6 1 128 1
6 2 128 1
6 3 128 1
6 4 128 1
6 1 129 1
6 2 129 1
6 3 129 1
6 4 129 1
6 17 129 1
6 32 129 1
6 33 129 1
6 1 130 1
6 2 130 1
6 3 130 1
6 4 130 1
6 26 130 1
6 33 130 1
6 25 134 1
6 33 136 1
6 13 140 100
6 28 141 1
6 34 145 1
6 34 148 1
6 36 149 1
6 13 150 1
6 20 150 1
6 22 150 1
6 32 150 1
6 34 150 1
6 19 151 1
6 20 151 1
6 21 151 1
6 22 151 1
6 23 151 1
6 24 151 1
6 19 152 1
6 21 152 1
6 23 152 1
6 24 152 100
6 31 152 1
6 13 153 1
6 29 154 1
6 17 157 1
6 32 158 1
6 34 158 1
6 35 158 1
6 36 158 1
6 26 160 1
6 19 166 1
6 19 169 1
6 23 171 1
6 26 172 1
6 25 177 1
6 28 180 1
6 21 182 1
6 31 192 1
6 32 192 1
6 33 192 1
6 34 192 1
6 35 192 1
6 36 192 1
