    1.100    0.400    0.854   -0.875   22.500    0.0000    0.0000    3.0000    2.0000    1.2400  2  2
    1.100    0.400    0.854   -0.875   67.500    0.0000    0.0000    5.0000    6.0000    1.7000  2  2
    1.100    0.400    0.854   -0.875  112.500   -0.3070    0.2580   13.0000   20.0000    1.9700  2  2
    1.100    0.400    0.854   -0.875  157.500    0.0000    0.0000    6.0000    3.0000    1.9100  2  2
    1.100    0.400    0.854   -0.875  202.500    0.0000    0.0000    7.0000    7.0000    1.9100  2  2
    1.100    0.400    0.854   -0.875  247.500   -0.1810    0.2580   14.0000   18.0000    1.9700  2  2
    1.100    0.400    0.854   -0.875  292.500    0.0000    0.0000    8.0000    8.0000    1.7000  2  2
    1.100    0.400    0.854   -0.875  337.500    0.0000    0.0000    2.0000    3.0000    1.2400  2  2
    1.100    0.400    0.854   -0.625   22.500    0.0630    0.3030   12.0000   11.0000    1.0600  2  2
    1.100    0.400    0.854   -0.625   67.500    0.1700    0.1330   67.0000   53.0000    2.0700  2  2
    1.100    0.400    0.854   -0.625  112.500    0.1270    0.1010  112.0000   94.0000    2.5900  2  2
    1.100    0.400    0.854   -0.625  157.500    0.1490    0.1170   86.0000   70.0000    2.3200  2  2
    1.100    0.400    0.854   -0.625  202.500    0.0619    0.1340   61.0000   56.0000    2.3200  2  2
    1.100    0.400    0.854   -0.625  247.500    0.0000    0.0986  108.0000  108.0000    2.5900  2  2
    1.100    0.400    0.854   -0.625  292.500   -0.1220    0.1410   49.0000   58.0000    2.0700  2  2
    1.100    0.400    0.854   -0.625  337.500    0.0000    0.0000    7.0000   13.0000    1.0600  2  2
    1.100    0.400    0.854   -0.375   22.500    0.0000    0.0000    8.0000   11.0000    0.9460  2  2
    1.100    0.400    0.854   -0.375   67.500   -0.1290    0.0904  118.0000  141.0000    2.3100  2  2
    1.100    0.400    0.854   -0.375  112.500    0.0404    0.0767  184.0000  174.0000    3.0100  2  2
    1.100    0.400    0.854   -0.375  157.500    0.0174    0.0796  168.0000  164.0000    2.6500  2  2
    1.100    0.400    0.854   -0.375  202.500    0.1540    0.0790  188.0000  152.0000    2.6500  2  2
    1.100    0.400    0.854   -0.375  247.500   -0.0243    0.0767  176.0000  182.0000    3.0100  2  2
    1.100    0.400    0.854   -0.375  292.500   -0.0093    0.0823  154.0000  156.0000    2.3100  2  2
    1.100    0.400    0.854   -0.375  337.500    0.0000    0.0000    6.0000   12.0000    0.9460  2  2
    1.100    0.400    0.854   -0.125   22.500    0.0371    0.2320   20.0000   19.0000    0.8830  2  2
    1.100    0.400    0.854   -0.125   67.500    0.1640    0.0714  232.0000  185.0000    2.4400  2  2
    1.100    0.400    0.854   -0.125  112.500    0.0296    0.0690  225.0000  216.0000    3.2900  2  2
    1.100    0.400    0.854   -0.125  157.500   -0.0416    0.0633  254.0000  269.0000    2.9500  2  2
    1.100    0.400    0.854   -0.125  202.500    0.0030    0.0664  239.0000  238.0000    2.9500  2  2
    1.100    0.400    0.854   -0.125  247.500    0.0601    0.0696  226.0000  208.0000    3.2900  2  2
    1.100    0.400    0.854   -0.125  292.500   -0.0133    0.0694  216.0000  220.0000    2.4400  2  2
    1.100    0.400    0.854   -0.125  337.500    0.0925    0.2120   25.0000   22.0000    0.8830  2  2
    1.100    0.400    0.854    0.125   22.500    0.1290    0.1450   55.0000   46.0000    0.9010  2  2
    1.100    0.400    0.854    0.125   67.500   -0.0032    0.0678  228.0000  229.0000    2.5000  2  2
    1.100    0.400    0.854    0.125  112.500    0.0623    0.0730  206.0000  189.0000    3.4600  2  2
    1.100    0.400    0.854    0.125  157.500    0.0148    0.0554  347.0000  340.0000    3.2200  2  2
    1.100    0.400    0.854    0.125  202.500   -0.1050    0.0559  313.0000  362.0000    3.2200  2  2
    1.100    0.400    0.854    0.125  247.500    0.0303    0.0662  244.0000  234.0000    3.4600  2  2
    1.100    0.400    0.854    0.125  292.500    0.0000    0.0667  236.0000  236.0000    2.5000  2  2
    1.100    0.400    0.854    0.125  337.500    0.1580    0.1450   56.0000   45.0000    0.9010  2  2
    1.100    0.400    0.854    0.375   22.500   -0.1640    0.1270   59.0000   74.0000    1.0400  2  2
    1.100    0.400    0.854    0.375   67.500    0.0752    0.0722  213.0000  192.0000    2.5200  2  2
    1.100    0.400    0.854    0.375  112.500   -0.1130    0.0717  189.0000  221.0000    3.5200  2  2
    1.100    0.400    0.854    0.375  157.500    0.0691    0.0536  384.0000  349.0000    3.4600  2  2
    1.100    0.400    0.854    0.375  202.500   -0.0148    0.0517  388.0000  396.0000    3.4600  2  2
    1.100    0.400    0.854    0.375  247.500    0.0335    0.0697  221.0000  211.0000    3.5200  2  2
    1.100    0.400    0.854    0.375  292.500    0.0115    0.0746  190.0000  187.0000    2.5200  2  2
    1.100    0.400    0.854    0.375  337.500    0.0245    0.1330   60.0000   58.0000    1.0400  2  2
    1.100    0.400    0.854    0.625   22.500    0.0806    0.0987  114.0000  102.0000    1.3500  2  2
    1.100    0.400    0.854    0.625   67.500    0.0841    0.0848  155.0000  138.0000    2.5500  2  2
    1.100    0.400    0.854    0.625  112.500   -0.0190    0.0677  226.0000  232.0000    3.5000  2  2
    1.100    0.400    0.854    0.625  157.500   -0.0362    0.0541  351.0000  369.0000    3.6200  2  2
    1.100    0.400    0.854    0.625  202.500    0.0019    0.0526  381.0000  380.0000    3.6200  2  2
    1.100    0.400    0.854    0.625  247.500    0.0707    0.0716  215.0000  195.0000    3.5000  2  2
    1.100    0.400    0.854    0.625  292.500    0.0050    0.0855  144.0000  143.0000    2.5500  2  2
    1.100    0.400    0.854    0.625  337.500   -0.0696    0.0917  119.0000  131.0000    1.3500  2  2
    1.100    0.400    0.854    0.875   22.500    0.0054    0.0887  134.0000  133.0000    2.0000  2  2
    1.100    0.400    0.854    0.875   67.500    0.0193    0.0836  152.0000  148.0000    2.6700  2  2
    1.100    0.400    0.854    0.875  112.500   -0.0425    0.0688  215.0000  228.0000    3.3200  2  2
    1.100    0.400    0.854    0.875  157.500    0.1040    0.0587  329.0000  285.0000    3.5800  2  2
    1.100    0.400    0.854    0.875  202.500   -0.0120    0.0590  300.0000  305.0000    3.5800  2  2
    1.100    0.400    0.854    0.875  247.500   -0.0154    0.0668  233.0000  238.0000    3.3200  2  2
    1.100    0.400    0.854    0.875  292.500   -0.0496    0.0849  141.0000  151.0000    2.6700  2  2
    1.100    0.400    0.854    0.875  337.500   -0.2040    0.0928  107.0000  142.0000    2.0000  2  2
    1.140    0.400    0.839   -0.875   22.500   -0.0112    0.1350   57.0000   58.0000    3.4000  2  2
    1.140    0.400    0.839   -0.875   67.500   -0.0500    0.0904  124.0000  133.0000    4.5100  2  2
    1.140    0.400    0.839   -0.875  112.500   -0.0704    0.1440   48.0000   53.0000    4.7500  2  2
    1.140    0.400    0.839   -0.875  157.500    0.0000    0.0000    1.0000    3.0000    3.9700  2  2
    1.140    0.400    0.839   -0.875  202.500    0.0000    0.0000    0.0000    0.0000    3.9700  2  2
    1.140    0.400    0.839   -0.875  247.500    0.1590    0.1460   55.0000   44.0000    4.7500  2  2
    1.140    0.400    0.839   -0.875  292.500   -0.0899    0.0900  122.0000  138.0000    4.5100  2  2
    1.140    0.400    0.839   -0.875  337.500   -0.2060    0.1290   55.0000   73.0000    3.4000  2  2
    1.140    0.400    0.839   -0.625   22.500    0.0513    0.0723  208.0000  194.0000    3.1400  2  2
    1.140    0.400    0.839   -0.625   67.500   -0.0057    0.0516  393.0000  396.0000    5.9000  2  2
    1.140    0.400    0.839   -0.625  112.500    0.0060    0.0386  708.0000  702.0000    6.5400  2  2
    1.140    0.400    0.839   -0.625  157.500    0.0014    0.0719  203.0000  203.0000    4.6900  2  2
    1.140    0.400    0.839   -0.625  202.500   -0.0939    0.0706  198.0000  225.0000    4.6900  2  2
    1.140    0.400    0.839   -0.625  247.500   -0.0019    0.0387  699.0000  701.0000    6.5400  2  2
    1.140    0.400    0.839   -0.625  292.500    0.0459    0.0549  359.0000  337.0000    5.9000  2  2
    1.140    0.400    0.839   -0.625  337.500   -0.0075    0.0696  216.0000  218.0000    3.1400  2  2
    1.140    0.400    0.839   -0.375   22.500   -0.0361    0.0649  243.0000  256.0000    2.7200  2  2
    1.140    0.400    0.839   -0.375   67.500    0.0629    0.0417  630.0000  577.0000    6.5400  2  2
    1.140    0.400    0.839   -0.375  112.500    0.0371    0.0304 1161.0000 1104.0000    7.5900  2  2
    1.140    0.400    0.839   -0.375  157.500   -0.0175    0.0426  570.0000  584.0000    5.2600  2  2
    1.140    0.400    0.839   -0.375  202.500   -0.1160    0.0430  525.0000  616.0000    5.2600  2  2
    1.140    0.400    0.839   -0.375  247.500   -0.0188    0.0307 1095.0000 1123.0000    7.5900  2  2
    1.140    0.400    0.839   -0.375  292.500   -0.0365    0.0425  569.0000  599.0000    6.5400  2  2
    1.140    0.400    0.839   -0.375  337.500   -0.1070    0.0672  217.0000  251.0000    2.7200  2  2
    1.140    0.400    0.839   -0.125   22.500    0.1130    0.0917  135.0000  116.0000    2.2500  2  2
    1.140    0.400    0.839   -0.125   67.500    0.0543    0.0349  896.0000  831.0000    6.6100  2  2
    1.140    0.400    0.839   -0.125  112.500    0.0186    0.0306 1138.0000 1109.0000    8.0600  2  2
    1.140    0.400    0.839   -0.125  157.500    0.0210    0.0375  758.0000  737.0000    5.7600  2  2
    1.140    0.400    0.839   -0.125  202.500   -0.0096    0.0362  798.0000  808.0000    5.7600  2  2
    1.140    0.400    0.839   -0.125  247.500   -0.0167    0.0300 1149.0000 1176.0000    8.0600  2  2
    1.140    0.400    0.839   -0.125  292.500    0.0272    0.0345  898.0000  865.0000    6.6100  2  2
    1.140    0.400    0.839   -0.125  337.500   -0.0090    0.0926  122.0000  123.0000    2.2500  2  2
    1.140    0.400    0.839    0.125   22.500    0.0020    0.0880  135.0000  136.0000    1.8400  2  2
    1.140    0.400    0.839    0.125   67.500    0.0248    0.0309 1125.0000 1087.0000    6.2900  2  2
    1.140    0.400    0.839    0.125  112.500    0.0767    0.0316 1113.0000 1001.0000    8.1000  2  2
    1.140    0.400    0.839    0.125  157.500    0.0239    0.0329  984.0000  952.0000    6.2000  2  2
    1.140    0.400    0.839    0.125  202.500   -0.0212    0.0325  981.0000 1010.0000    6.2000  2  2
    1.140    0.400    0.839    0.125  247.500   -0.0254    0.0316 1036.0000 1073.0000    8.1000  2  2
    1.140    0.400    0.839    0.125  292.500   -0.0106    0.0303 1135.0000 1152.0000    6.2900  2  2
    1.140    0.400    0.839    0.125  337.500   -0.0335    0.0871  136.0000  141.0000    1.8400  2  2
    1.140    0.400    0.839    0.375   22.500   -0.0081    0.0714  203.0000  209.0000    1.6000  2  2
    1.140    0.400    0.839    0.375   67.500   -0.0174    0.0328  969.0000  993.0000    5.7200  2  2
    1.140    0.400    0.839    0.375  112.500   -0.0413    0.0345  860.0000  911.0000    7.7900  2  2
    1.140    0.400    0.839    0.375  157.500   -0.0118    0.0309 1095.0000 1114.0000    6.6100  2  2
    1.140    0.400    0.839    0.375  202.500   -0.0630    0.0310 1044.0000 1138.0000    6.6100  2  2
    1.140    0.400    0.839    0.375  247.500   -0.0426    0.0354  818.0000  867.0000    7.7900  2  2
    1.140    0.400    0.839    0.375  292.500   -0.0374    0.0328  951.0000 1001.0000    5.7200  2  2
    1.140    0.400    0.839    0.375  337.500   -0.0759    0.0677  220.0000  240.0000    1.6000  2  2
    1.140    0.400    0.839    0.625   22.500    0.0032    0.0714  204.0000  207.0000    1.7200  2  2
    1.140    0.400    0.839    0.625   67.500    0.0122    0.0438  553.0000  544.0000    5.0400  2  2
    1.140    0.400    0.839    0.625  112.500    0.0474    0.0380  754.0000  706.0000    7.1700  2  2
    1.140    0.400    0.839    0.625  157.500    0.0487    0.0297 1227.0000 1147.0000    6.8700  2  2
    1.140    0.400    0.839    0.625  202.500    0.0326    0.0301 1186.0000 1134.0000    6.8700  2  2
    1.140    0.400    0.839    0.625  247.500   -0.0712    0.0387  666.0000  735.0000    7.1700  2  2
    1.140    0.400    0.839    0.625  292.500   -0.0031    0.0446  527.0000  529.0000    5.0400  2  2
    1.140    0.400    0.839    0.625  337.500   -0.0467    0.0728  194.0000  203.0000    1.7200  2  2
    1.140    0.400    0.839    0.875   22.500   -0.0378    0.0552  335.0000  356.0000    2.6800  2  2
    1.140    0.400    0.839    0.875   67.500    0.0055    0.0497  424.0000  424.0000    4.5000  2  2
    1.140    0.400    0.839    0.875  112.500    0.0397    0.0401  670.0000  636.0000    6.1100  2  2
    1.140    0.400    0.839    0.875  157.500    0.0053    0.0335  939.0000  933.0000    6.5800  2  2
    1.140    0.400    0.839    0.875  202.500    0.0084    0.0329  974.0000  962.0000    6.5800  2  2
    1.140    0.400    0.839    0.875  247.500   -0.0214    0.0397  659.0000  677.0000    6.1100  2  2
    1.140    0.400    0.839    0.875  292.500    0.0219    0.0533  377.0000  363.0000    4.5000  2  2
    1.140    0.400    0.839    0.875  337.500   -0.0275    0.0587  301.0000  310.0000    2.6800  2  2
    1.180    0.400    0.821   -0.875   22.500    0.0667    0.0504  432.0000  394.0000    7.1200  2  2
    1.180    0.400    0.821   -0.875   67.500    0.0820    0.0378  780.0000  697.0000    8.9900  2  2
    1.180    0.400    0.821   -0.875  112.500    0.0596    0.0709  217.0000  202.0000    8.8600  2  2
    1.180    0.400    0.821   -0.875  157.500    0.0000    0.0000    4.0000    5.0000    6.8200  2  2
    1.180    0.400    0.821   -0.875  202.500    0.0000    0.0000    4.0000    8.0000    6.8200  2  2
    1.180    0.400    0.821   -0.875  247.500   -0.0397    0.0762  177.0000  185.0000    8.8600  2  2
    1.180    0.400    0.821   -0.875  292.500   -0.0203    0.0387  691.0000  710.0000    8.9900  2  2
    1.180    0.400    0.821   -0.875  337.500   -0.0571    0.0509  390.0000  422.0000    7.1200  2  2
    1.180    0.400    0.821   -0.625   22.500   -0.0384    0.0336  904.0000  954.0000    7.1900  2  2
    1.180    0.400    0.821   -0.625   67.500    0.0187    0.0267 1501.0000 1464.0000   12.2000  2  2
    1.180    0.400    0.821   -0.625  112.500    0.0230    0.0245 1773.0000 1719.0000   12.5000  2  2
    1.180    0.400    0.821   -0.625  157.500    0.0089    0.0426  581.0000  575.0000    7.9200  2  2
    1.180    0.400    0.821   -0.625  202.500   -0.0400    0.0412  602.0000  635.0000    7.9200  2  2
    1.180    0.400    0.821   -0.625  247.500   -0.0255    0.0239 1802.0000 1865.0000   12.5000  2  2
    1.180    0.400    0.821   -0.625  292.500   -0.0036    0.0267 1467.0000 1473.0000   12.2000  2  2
    1.180    0.400    0.821   -0.625  337.500    0.0423    0.0336  956.0000  901.0000    7.1900  2  2
    1.180    0.400    0.821   -0.375   22.500    0.0133    0.0328  991.0000  974.0000    6.6400  2  2
    1.180    0.400    0.821   -0.375   67.500    0.0381    0.0249 1741.0000 1653.0000   13.7000  2  2
    1.180    0.400    0.821   -0.375  112.500    0.0188    0.0197 2756.0000 2690.0000   14.6000  2  2
    1.180    0.400    0.821   -0.375  157.500    0.0172    0.0280 1360.0000 1333.0000    8.7700  2  2
    1.180    0.400    0.821   -0.375  202.500   -0.0016    0.0286 1290.0000 1288.0000    8.7700  2  2
    1.180    0.400    0.821   -0.375  247.500   -0.0409    0.0197 2648.0000 2797.0000   14.6000  2  2
    1.180    0.400    0.821   -0.375  292.500    0.0076    0.0251 1683.0000 1664.0000   13.7000  2  2
    1.180    0.400    0.821   -0.375  337.500   -0.0022    0.0320 1021.0000 1023.0000    6.6400  2  2
    1.180    0.400    0.821   -0.125   22.500   -0.0128    0.0357  816.0000  833.0000    5.7600  2  2
    1.180    0.400    0.821   -0.125   67.500    0.0026    0.0226 2056.0000 2052.0000   13.9000  2  2
    1.180    0.400    0.821   -0.125  112.500    0.0286    0.0187 3042.0000 2927.0000   15.4000  2  2
    1.180    0.400    0.821   -0.125  157.500    0.0126    0.0265 1502.0000 1479.0000    9.4200  2  2
    1.180    0.400    0.821   -0.125  202.500   -0.0248    0.0265 1466.0000 1514.0000    9.4200  2  2
    1.180    0.400    0.821   -0.125  247.500   -0.0372    0.0191 2812.0000 2958.0000   15.4000  2  2
    1.180    0.400    0.821   -0.125  292.500   -0.0252    0.0226 2013.0000 2081.0000   13.9000  2  2
    1.180    0.400    0.821   -0.125  337.500   -0.0487    0.0367  754.0000  804.0000    5.7600  2  2
    1.180    0.400    0.821    0.125   22.500   -0.0577    0.0604  275.0000  300.0000    4.6900  2  2
    1.180    0.400    0.821    0.125   67.500    0.0413    0.0204 2597.0000 2455.0000   12.9000  2  2
    1.180    0.400    0.821    0.125  112.500    0.0290    0.0197 2770.0000 2666.0000   15.1000  2  2
    1.180    0.400    0.821    0.125  157.500    0.0056    0.0239 1830.0000 1821.0000    9.9300  2  2
    1.180    0.400    0.821    0.125  202.500   -0.0233    0.0238 1834.0000 1889.0000    9.9300  2  2
    1.180    0.400    0.821    0.125  247.500   -0.0420    0.0199 2593.0000 2743.0000   15.1000  2  2
    1.180    0.400    0.821    0.125  292.500   -0.0121    0.0201 2563.0000 2604.0000   12.9000  2  2
    1.180    0.400    0.821    0.125  337.500   -0.0652    0.0568  313.0000  340.0000    4.6900  2  2
    1.180    0.400    0.821    0.375   22.500    0.0401    0.0499  431.0000  415.0000    3.6200  2  2
    1.180    0.400    0.821    0.375   67.500    0.0432    0.0201 2650.0000 2503.0000   11.1000  2  2
    1.180    0.400    0.821    0.375  112.500    0.0496    0.0217 2290.0000 2144.0000   13.9000  2  2
    1.180    0.400    0.821    0.375  157.500   -0.0052    0.0235 1897.0000 1916.0000   10.3000  2  2
    1.180    0.400    0.821    0.375  202.500   -0.0151    0.0236 1867.0000 1901.0000   10.3000  2  2
    1.180    0.400    0.821    0.375  247.500   -0.0158    0.0222 2103.0000 2144.0000   13.9000  2  2
    1.180    0.400    0.821    0.375  292.500    0.0001    0.0200 2635.0000 2628.0000   11.1000  2  2
    1.180    0.400    0.821    0.375  337.500   -0.0145    0.0490  436.0000  437.0000    3.6200  2  2
    1.180    0.400    0.821    0.625   22.500    0.1200    0.0562  355.0000  315.0000    2.8300  2  2
    1.180    0.400    0.821    0.625   67.500    0.0516    0.0267 1533.0000 1438.0000    8.8000  2  2
    1.180    0.400    0.821    0.625  112.500    0.0794    0.0261 1635.0000 1470.0000   11.9000  2  2
    1.180    0.400    0.821    0.625  157.500    0.0026    0.0213 2305.0000 2303.0000   10.4000  2  2
    1.180    0.400    0.821    0.625  202.500    0.0005    0.0213 2333.0000 2325.0000   10.4000  2  2
    1.180    0.400    0.821    0.625  247.500   -0.0342    0.0262 1494.0000 1561.0000   11.9000  2  2
    1.180    0.400    0.821    0.625  292.500   -0.0935    0.0265 1412.0000 1595.0000    8.8000  2  2
    1.180    0.400    0.821    0.625  337.500   -0.0681    0.0557  332.0000  348.0000    2.8300  2  2
    1.180    0.400    0.821    0.875   22.500    0.0355    0.0452  511.0000  517.0000    3.1900  2  2
    1.180    0.400    0.821    0.875   67.500    0.0600    0.0380  745.0000  710.0000    6.3800  2  2
    1.180    0.400    0.821    0.875  112.500    0.0439    0.0287 1303.0000 1245.0000    8.9400  2  2
    1.180    0.400    0.821    0.875  157.500   -0.0013    0.0239 1840.0000 1848.0000    9.3700  2  2
    1.180    0.400    0.821    0.875  202.500   -0.0600    0.0235 1829.0000 1982.0000    9.3700  2  2
    1.180    0.400    0.821    0.875  247.500   -0.0657    0.0291 1199.0000 1293.0000    8.9400  2  2
    1.180    0.400    0.821    0.875  292.500   -0.0683    0.0391  668.0000  709.0000    6.3800  2  2
    1.180    0.400    0.821    0.875  337.500   -0.0857    0.0458  488.0000  517.0000    3.1900  2  2
    1.220    0.400    0.800   -0.875   22.500   -0.0084    0.0359  809.0000  820.0000    7.6100  2  2
    1.220    0.400    0.800   -0.875   67.500   -0.0422    0.0297 1152.0000 1237.0000    9.3900  2  2
    1.220    0.400    0.800   -0.875  112.500   -0.0381    0.0530  362.0000  387.0000    9.0600  2  2
    1.220    0.400    0.800   -0.875  157.500    0.0000    0.0000    9.0000   17.0000    6.8100  2  2
    1.220    0.400    0.800   -0.875  202.500   -0.0870    0.2420   17.0000   19.0000    6.8100  2  2
    1.220    0.400    0.800   -0.875  247.500   -0.0765    0.0541  344.0000  377.0000    9.0600  2  2
    1.220    0.400    0.800   -0.875  292.500   -0.0233    0.0296 1189.0000 1212.0000    9.3900  2  2
    1.220    0.400    0.800   -0.875  337.500    0.0436    0.0361  831.0000  781.0000    7.6100  2  2
    1.220    0.400    0.800   -0.625   22.500   -0.0259    0.0265 1464.0000 1535.0000    8.3300  2  2
    1.220    0.400    0.800   -0.625   67.500    0.0604    0.0206 2569.0000 2392.0000   13.4000  2  2
    1.220    0.400    0.800   -0.625  112.500    0.0136    0.0207 2460.0000 2421.0000   13.3000  2  2
    1.220    0.400    0.800   -0.625  157.500    0.0532    0.0339  946.0000  886.0000    8.1300  2  2
    1.220    0.400    0.800   -0.625  202.500   -0.0628    0.0342  866.0000  937.0000    8.1300  2  2
    1.220    0.400    0.800   -0.625  247.500   -0.0252    0.0207 2401.0000 2479.0000   13.3000  2  2
    1.220    0.400    0.800   -0.625  292.500    0.0030    0.0212 2368.0000 2330.0000   13.4000  2  2
    1.220    0.400    0.800   -0.625  337.500    0.0029    0.0267 1491.0000 1468.0000    8.3300  2  2
    1.220    0.400    0.800   -0.375   22.500   -0.0140    0.0243 1749.0000 1804.0000    8.4600  2  2
    1.220    0.400    0.800   -0.375   67.500    0.0355    0.0199 2741.0000 2617.0000   15.8000  2  2
    1.220    0.400    0.800   -0.375  112.500    0.0309    0.0165 3888.0000 3771.0000   16.2000  2  2
    1.220    0.400    0.800   -0.375  157.500   -0.0036    0.0236 1867.0000 1889.0000    9.3200  2  2
    1.220    0.400    0.800   -0.375  202.500   -0.0073    0.0239 1833.0000 1839.0000    9.3200  2  2
    1.220    0.400    0.800   -0.375  247.500   -0.0507    0.0165 3725.0000 3947.0000   16.2000  2  2
    1.220    0.400    0.800   -0.375  292.500   -0.0525    0.0197 2631.0000 2821.0000   15.8000  2  2
    1.220    0.400    0.800   -0.375  337.500   -0.0384    0.0249 1654.0000 1724.0000    8.4600  2  2
    1.220    0.400    0.800   -0.125   22.500    0.0371    0.0261 1579.0000 1518.0000    8.2100  2  2
    1.220    0.400    0.800   -0.125   67.500   -0.0006    0.0184 3080.0000 3088.0000   16.9000  2  2
    1.220    0.400    0.800   -0.125  112.500    0.0149    0.0158 4235.0000 4156.0000   17.8000  2  2
    1.220    0.400    0.800   -0.125  157.500    0.0258    0.0223 2147.0000 2088.0000   10.3000  2  2
    1.220    0.400    0.800   -0.125  202.500   -0.0449    0.0219 2137.0000 2256.0000   10.3000  2  2
    1.220    0.400    0.800   -0.125  247.500   -0.0428    0.0157 4199.0000 4446.0000   17.8000  2  2
    1.220    0.400    0.800   -0.125  292.500   -0.0599    0.0187 2877.0000 3119.0000   16.9000  2  2
    1.220    0.400    0.800   -0.125  337.500   -0.0532    0.0259 1508.0000 1604.0000    8.2100  2  2
    1.220    0.400    0.800    0.125   22.500    0.0336    0.0361  823.0000  791.0000    7.7100  2  2
    1.220    0.400    0.800    0.125   67.500    0.0617    0.0170 3819.0000 3510.0000   16.8000  2  2
    1.220    0.400    0.800    0.125  112.500    0.0304    0.0158 4272.0000 4104.0000   18.2000  2  2
    1.220    0.400    0.800    0.125  157.500    0.0226    0.0200 2669.0000 2592.0000   11.1000  2  2
    1.220    0.400    0.800    0.125  202.500   -0.0348    0.0201 2546.0000 2666.0000   11.1000  2  2
    1.220    0.400    0.800    0.125  247.500   -0.0238    0.0157 4184.0000 4316.0000   18.2000  2  2
    1.220    0.400    0.800    0.125  292.500   -0.0432    0.0171 3505.0000 3717.0000   16.8000  2  2
    1.220    0.400    0.800    0.125  337.500   -0.0854    0.0371  723.0000  808.0000    7.7100  2  2
    1.220    0.400    0.800    0.375   22.500    0.0551    0.0413  637.0000  597.0000    7.1600  2  2
    1.220    0.400    0.800    0.375   67.500    0.0735    0.0159 4351.0000 3971.0000   15.7000  2  2
    1.220    0.400    0.800    0.375  112.500    0.0514    0.0170 3772.0000 3520.0000   17.7000  2  2
    1.220    0.400    0.800    0.375  157.500    0.0301    0.0191 2946.0000 2834.0000   11.9000  2  2
    1.220    0.400    0.800    0.375  202.500   -0.0230    0.0191 2816.0000 2899.0000   11.9000  2  2
    1.220    0.400    0.800    0.375  247.500   -0.0601    0.0168 3553.0000 3854.0000   17.7000  2  2
    1.220    0.400    0.800    0.375  292.500   -0.0497    0.0158 4065.0000 4310.0000   15.7000  2  2
    1.220    0.400    0.800    0.375  337.500    0.0025    0.0413  622.0000  613.0000    7.1600  2  2
    1.220    0.400    0.800    0.625   22.500    0.0510    0.0357  851.0000  805.0000    7.0200  2  2
    1.220    0.400    0.800    0.625   67.500    0.0662    0.0193 2982.0000 2724.0000   13.8000  2  2
    1.220    0.400    0.800    0.625  112.500    0.0761    0.0206 2616.0000 2384.0000   16.2000  2  2
    1.220    0.400    0.800    0.625  157.500    0.0243    0.0172 3564.0000 3490.0000   12.7000  2  2
    1.220    0.400    0.800    0.625  202.500   -0.0268    0.0172 3512.0000 3599.0000   12.7000  2  2
    1.220    0.400    0.800    0.625  247.500   -0.0559    0.0203 2457.0000 2622.0000   16.2000  2  2
    1.220    0.400    0.800    0.625  292.500   -0.0541    0.0190 2805.0000 3020.0000   13.8000  2  2
    1.220    0.400    0.800    0.625  337.500   -0.0622    0.0362  774.0000  831.0000    7.0200  2  2
    1.220    0.400    0.800    0.875   22.500    0.0313    0.0291 1251.0000 1235.0000    8.2600  2  2
    1.220    0.400    0.800    0.875   67.500    0.0564    0.0275 1420.0000 1359.0000   11.7000  2  2
    1.220    0.400    0.800    0.875  112.500    0.0597    0.0216 2328.0000 2191.0000   13.7000  2  2
    1.220    0.400    0.800    0.875  157.500    0.0645    0.0180 3348.0000 3128.0000   13.0000  2  2
    1.220    0.400    0.800    0.875  202.500   -0.0270    0.0180 3244.0000 3297.0000   13.0000  2  2
    1.220    0.400    0.800    0.875  247.500   -0.0877    0.0214 2185.0000 2413.0000   13.7000  2  2
    1.220    0.400    0.800    0.875  292.500   -0.0904    0.0280 1280.0000 1402.0000   11.7000  2  2
    1.220    0.400    0.800    0.875  337.500   -0.0932    0.0283 1257.0000 1387.0000    8.2600  2  2
    1.260    0.400    0.777   -0.875   22.500   -0.0530    0.0443  512.0000  560.0000    3.0300  2  2
    1.260    0.400    0.777   -0.875   67.500    0.1330    0.0372  823.0000  704.0000    3.8400  2  2
    1.260    0.400    0.777   -0.875  112.500   -0.0114    0.0617  269.0000  281.0000    3.8600  2  2
    1.260    0.400    0.777   -0.875  157.500   -0.0226    0.2220   21.0000   22.0000    3.0700  2  2
    1.260    0.400    0.777   -0.875  202.500   -0.0111    0.2350   19.0000   19.0000    3.0700  2  2
    1.260    0.400    0.777   -0.875  247.500   -0.1320    0.0623  252.0000  294.0000    3.8600  2  2
    1.260    0.400    0.777   -0.875  292.500   -0.0351    0.0367  772.0000  788.0000    3.8400  2  2
    1.260    0.400    0.777   -0.875  337.500   -0.0079    0.0442  538.0000  535.0000    3.0300  2  2
    1.260    0.400    0.777   -0.625   22.500   -0.0137    0.0326  974.0000 1008.0000    3.4800  2  2
    1.260    0.400    0.777   -0.625   67.500   -0.0025    0.0259 1555.0000 1582.0000    5.7500  2  2
    1.260    0.400    0.777   -0.625  112.500    0.0401    0.0254 1671.0000 1603.0000    5.9500  2  2
    1.260    0.400    0.777   -0.625  157.500    0.0610    0.0386  732.0000  681.0000    3.9600  2  2
    1.260    0.400    0.777   -0.625  202.500   -0.0325    0.0387  688.0000  711.0000    3.9600  2  2
    1.260    0.400    0.777   -0.625  247.500   -0.0357    0.0255 1585.0000 1642.0000    5.9500  2  2
    1.260    0.400    0.777   -0.625  292.500   -0.0345    0.0257 1569.0000 1623.0000    5.7500  2  2
    1.260    0.400    0.777   -0.625  337.500   -0.0516    0.0323  975.0000 1031.0000    3.4800  2  2
    1.260    0.400    0.777   -0.375   22.500    0.0538    0.0297 1226.0000 1152.0000    3.9700  2  2
    1.260    0.400    0.777   -0.375   67.500   -0.0053    0.0238 1847.0000 1874.0000    7.4400  2  2
    1.260    0.400    0.777   -0.375  112.500    0.0151    0.0201 2625.0000 2587.0000    7.8200  2  2
    1.260    0.400    0.777   -0.375  157.500    0.0268    0.0274 1417.0000 1376.0000    4.8900  2  2
    1.260    0.400    0.777   -0.375  202.500    0.0033    0.0274 1409.0000 1392.0000    4.8900  2  2
    1.260    0.400    0.777   -0.375  247.500   -0.0359    0.0200 2579.0000 2693.0000    7.8200  2  2
    1.260    0.400    0.777   -0.375  292.500   -0.0699    0.0241 1737.0000 1899.0000    7.4400  2  2
    1.260    0.400    0.777   -0.375  337.500   -0.0478    0.0299 1153.0000 1217.0000    3.9700  2  2
    1.260    0.400    0.777   -0.125   22.500    0.0575    0.0294 1251.0000 1168.0000    4.4300  2  2
    1.260    0.400    0.777   -0.125   67.500    0.0339    0.0217 2268.0000 2171.0000    8.9000  2  2
    1.260    0.400    0.777   -0.125  112.500    0.0254    0.0180 3286.0000 3183.0000    9.4500  2  2
    1.260    0.400    0.777   -0.125  157.500    0.0187    0.0245 1776.0000 1742.0000    5.7700  2  2
    1.260    0.400    0.777   -0.125  202.500   -0.0178    0.0243 1747.0000 1779.0000    5.7700  2  2
    1.260    0.400    0.777   -0.125  247.500   -0.0339    0.0181 3112.0000 3251.0000    9.4500  2  2
    1.260    0.400    0.777   -0.125  292.500   -0.0106    0.0220 2146.0000 2171.0000    8.9000  2  2
    1.260    0.400    0.777   -0.125  337.500   -0.0428    0.0296 1175.0000 1233.0000    4.4300  2  2
    1.260    0.400    0.777    0.125   22.500    0.1040    0.0349  922.0000  804.0000    4.9100  2  2
    1.260    0.400    0.777    0.125   67.500    0.0668    0.0200 2760.0000 2517.0000   10.1000  2  2
    1.260    0.400    0.777    0.125  112.500    0.0212    0.0174 3538.0000 3436.0000   10.8000  2  2
    1.260    0.400    0.777    0.125  157.500    0.0326    0.0223 2160.0000 2074.0000    6.6600  2  2
    1.260    0.400    0.777    0.125  202.500    0.0128    0.0219 2213.0000 2165.0000    6.6600  2  2
    1.260    0.400    0.777    0.125  247.500   -0.0330    0.0174 3382.0000 3540.0000   10.8000  2  2
    1.260    0.400    0.777    0.125  292.500   -0.0420    0.0200 2547.0000 2699.0000   10.1000  2  2
    1.260    0.400    0.777    0.125  337.500   -0.0319    0.0341  890.0000  924.0000    4.9100  2  2
    1.260    0.400    0.777    0.375   22.500    0.0429    0.0500  433.0000  410.0000    5.6800  2  2
    1.260    0.400    0.777    0.375   67.500    0.0170    0.0175 3487.0000 3393.0000   11.1000  2  2
    1.260    0.400    0.777    0.375  112.500    0.0458    0.0180 3351.0000 3136.0000   12.0000  2  2
    1.260    0.400    0.777    0.375  157.500    0.0280    0.0201 2618.0000 2527.0000    7.8200  2  2
    1.260    0.400    0.777    0.375  202.500   -0.0361    0.0199 2595.0000 2719.0000    7.8200  2  2
    1.260    0.400    0.777    0.375  247.500   -0.0086    0.0178 3273.0000 3322.0000   12.0000  2  2
    1.260    0.400    0.777    0.375  292.500   -0.0307    0.0171 3485.0000 3650.0000   11.1000  2  2
    1.260    0.400    0.777    0.375  337.500   -0.0003    0.0470  476.0000  474.0000    5.6800  2  2
    1.260    0.400    0.777    0.625   22.500    0.0870    0.0336  987.0000  876.0000    7.3200  2  2
    1.260    0.400    0.777    0.625   67.500    0.0254    0.0181 3271.0000 3141.0000   12.0000  2  2
    1.260    0.400    0.777    0.625  112.500    0.0307    0.0197 2753.0000 2626.0000   13.0000  2  2
    1.260    0.400    0.777    0.625  157.500    0.0000    0.0178 3302.0000 3309.0000    9.6300  2  2
    1.260    0.400    0.777    0.625  202.500   -0.0271    0.0175 3346.0000 3466.0000    9.6300  2  2
    1.260    0.400    0.777    0.625  247.500   -0.0397    0.0201 2517.0000 2672.0000   13.0000  2  2
    1.260    0.400    0.777    0.625  292.500   -0.0323    0.0180 3183.0000 3347.0000   12.0000  2  2
    1.260    0.400    0.777    0.625  337.500    0.0170    0.0326 1004.0000  980.0000    7.3200  2  2
    1.260    0.400    0.777    0.875   22.500    0.0312    0.0238 1891.0000 1825.0000   10.8000  2  2
    1.260    0.400    0.777    0.875   67.500    0.0296    0.0233 1969.0000 1911.0000   13.1000  2  2
    1.260    0.400    0.777    0.875  112.500    0.0651    0.0199 2793.0000 2567.0000   13.8000  2  2
    1.260    0.400    0.777    0.875  157.500    0.0303    0.0167 3851.0000 3713.0000   12.5000  2  2
    1.260    0.400    0.777    0.875  202.500   -0.0087    0.0165 3825.0000 3851.0000   12.5000  2  2
    1.260    0.400    0.777    0.875  247.500   -0.0378    0.0197 2632.0000 2758.0000   13.8000  2  2
    1.260    0.400    0.777    0.875  292.500   -0.0587    0.0241 1748.0000 1875.0000   13.1000  2  2
    1.260    0.400    0.777    0.875  337.500   -0.0287    0.0239 1812.0000 1871.0000   10.8000  2  2
    1.300    0.400    0.749   -0.875   22.500   -0.0193    0.0655  239.0000  251.0000    1.2800  2  2
    1.300    0.400    0.749   -0.875   67.500    0.0296    0.0526  381.0000  379.0000    1.6900  2  2
    1.300    0.400    0.749   -0.875  112.500    0.0814    0.0797  173.0000  159.0000    1.8600  2  2
    1.300    0.400    0.749   -0.875  157.500   -0.0948    0.2740   13.0000   15.0000    1.6700  2  2
    1.300    0.400    0.749   -0.875  202.500   -0.1150    0.2280   19.0000   22.0000    1.6700  2  2
    1.300    0.400    0.749   -0.875  247.500   -0.0249    0.0804  162.0000  163.0000    1.8600  2  2
    1.300    0.400    0.749   -0.875  292.500   -0.0888    0.0536  351.0000  383.0000    1.6900  2  2
    1.300    0.400    0.749   -0.875  337.500    0.0089    0.0674  235.0000  227.0000    1.2800  2  2
    1.300    0.400    0.749   -0.625   22.500    0.0990    0.0490  465.0000  416.0000    1.3900  2  2
    1.300    0.400    0.749   -0.625   67.500    0.0481    0.0368  791.0000  755.0000    2.5200  2  2
    1.300    0.400    0.749   -0.625  112.500    0.1400    0.0352  933.0000  781.0000    2.8900  2  2
    1.300    0.400    0.749   -0.625  157.500    0.0716    0.0439  571.0000  522.0000    2.2900  2  2
    1.300    0.400    0.749   -0.625  202.500   -0.0735    0.0459  476.0000  522.0000    2.2900  2  2
    1.300    0.400    0.749   -0.625  247.500   -0.0670    0.0349  833.0000  899.0000    2.8900  2  2
    1.300    0.400    0.749   -0.625  292.500   -0.0401    0.0365  776.0000  804.0000    2.5200  2  2
    1.300    0.400    0.749   -0.625  337.500   -0.0784    0.0472  452.0000  491.0000    1.3900  2  2
    1.300    0.400    0.749   -0.375   22.500    0.0904    0.0414  648.0000  582.0000    1.7900  2  2
    1.300    0.400    0.749   -0.375   67.500    0.0996    0.0319 1109.0000  972.0000    3.6300  2  2
    1.300    0.400    0.749   -0.375  112.500    0.0919    0.0264 1608.0000 1421.0000    4.1200  2  2
    1.300    0.400    0.749   -0.375  157.500    0.0680    0.0341  946.0000  865.0000    2.9600  2  2
    1.300    0.400    0.749   -0.375  202.500    0.0079    0.0339  924.0000  910.0000    2.9600  2  2
    1.300    0.400    0.749   -0.375  247.500   -0.0665    0.0268 1393.0000 1522.0000    4.1200  2  2
    1.300    0.400    0.749   -0.375  292.500   -0.0762    0.0319  983.0000 1086.0000    3.6300  2  2
    1.300    0.400    0.749   -0.375  337.500   -0.0759    0.0416  581.0000  634.0000    1.7900  2  2
    1.300    0.400    0.749   -0.125   22.500    0.0197    0.0399  667.0000  655.0000    2.3100  2  2
    1.300    0.400    0.749   -0.125   67.500    0.0583    0.0281 1381.0000 1270.0000    4.9500  2  2
    1.300    0.400    0.749   -0.125  112.500    0.0454    0.0228 2097.0000 1963.0000    5.4900  2  2
    1.300    0.400    0.749   -0.125  157.500    0.0077    0.0286 1297.0000 1283.0000    3.6100  2  2
    1.300    0.400    0.749   -0.125  202.500   -0.0162    0.0286 1269.0000 1298.0000    3.6100  2  2
    1.300    0.400    0.749   -0.125  247.500   -0.0127    0.0226 2028.0000 2071.0000    5.4900  2  2
    1.300    0.400    0.749   -0.125  292.500   -0.0009    0.0281 1320.0000 1326.0000    4.9500  2  2
    1.300    0.400    0.749   -0.125  337.500   -0.0217    0.0396  664.0000  678.0000    2.3100  2  2
    1.300    0.400    0.749    0.125   22.500    0.0371    0.0381  743.0000  706.0000    2.9300  2  2
    1.300    0.400    0.749    0.125   67.500   -0.0070    0.0246 1722.0000 1726.0000    6.4000  2  2
    1.300    0.400    0.749    0.125  112.500    0.0084    0.0203 2572.0000 2523.0000    6.9800  2  2
    1.300    0.400    0.749    0.125  157.500   -0.0012    0.0258 1575.0000 1572.0000    4.3400  2  2
    1.300    0.400    0.749    0.125  202.500   -0.0300    0.0259 1525.0000 1595.0000    4.3400  2  2
    1.300    0.400    0.749    0.125  247.500   -0.0174    0.0207 2398.0000 2475.0000    6.9800  2  2
    1.300    0.400    0.749    0.125  292.500    0.0259    0.0252 1682.0000 1635.0000    6.4000  2  2
    1.300    0.400    0.749    0.125  337.500   -0.0404    0.0387  682.0000  721.0000    2.9300  2  2
    1.300    0.400    0.749    0.375   22.500    0.0241    0.0525  390.0000  375.0000    3.9400  2  2
    1.300    0.400    0.749    0.375   67.500    0.0283    0.0206 2542.0000 2420.0000    7.9700  2  2
    1.300    0.400    0.749    0.375  112.500    0.0125    0.0201 2609.0000 2535.0000    8.6000  2  2
    1.300    0.400    0.749    0.375  157.500   -0.0268    0.0225 2050.0000 2113.0000    5.4600  2  2
    1.300    0.400    0.749    0.375  202.500   -0.0214    0.0225 2053.0000 2129.0000    5.4600  2  2
    1.300    0.400    0.749    0.375  247.500    0.0076    0.0197 2685.0000 2688.0000    8.6000  2  2
    1.300    0.400    0.749    0.375  292.500   -0.0529    0.0204 2419.0000 2629.0000    7.9700  2  2
    1.300    0.400    0.749    0.375  337.500   -0.0168    0.0528  372.0000  383.0000    3.9400  2  2
    1.300    0.400    0.749    0.625   22.500   -0.0622    0.0370  742.0000  804.0000    5.9600  2  2
    1.300    0.400    0.749    0.625   67.500   -0.0088    0.0184 3139.0000 3109.0000    9.7500  2  2
    1.300    0.400    0.749    0.625  112.500   -0.0233    0.0206 2453.0000 2503.0000   10.4000  2  2
    1.300    0.400    0.749    0.625  157.500    0.0270    0.0197 2745.0000 2628.0000    7.4300  2  2
    1.300    0.400    0.749    0.625  202.500    0.0092    0.0199 2692.0000 2675.0000    7.4300  2  2
    1.300    0.400    0.749    0.625  247.500   -0.0323    0.0212 2277.0000 2410.0000   10.4000  2  2
    1.300    0.400    0.749    0.625  292.500    0.0125    0.0183 3122.0000 3136.0000    9.7500  2  2
    1.300    0.400    0.749    0.625  337.500   -0.0738    0.0374  714.0000  795.0000    5.9600  2  2
    1.300    0.400    0.749    0.875   22.500   -0.0062    0.0242 1775.0000 1792.0000    9.9800  2  2
    1.300    0.400    0.749    0.875   67.500   -0.0080    0.0223 2098.0000 2119.0000   11.9000  2  2
    1.300    0.400    0.749    0.875  112.500    0.0223    0.0200 2683.0000 2595.0000   12.3000  2  2
    1.300    0.400    0.749    0.875  157.500   -0.0158    0.0168 3685.0000 3767.0000   10.9000  2  2
    1.300    0.400    0.749    0.875  202.500   -0.0060    0.0168 3709.0000 3739.0000   10.9000  2  2
    1.300    0.400    0.749    0.875  247.500   -0.0022    0.0199 2645.0000 2660.0000   12.3000  2  2
    1.300    0.400    0.749    0.875  292.500   -0.0067    0.0228 2013.0000 2034.0000   11.9000  2  2
    1.300    0.400    0.749    0.875  337.500    0.0037    0.0241 1810.0000 1799.0000    9.9800  2  2
    1.340    0.400    0.718   -0.875   22.500   -0.0313    0.0920  121.0000  127.0000    0.7660  2  2
    1.340    0.400    0.718   -0.875   67.500    0.0212    0.0652  249.0000  245.0000    1.0200  2  2
    1.340    0.400    0.718   -0.875  112.500    0.0122    0.0967  113.0000  112.0000    1.1800  2  2
    1.340    0.400    0.718   -0.875  157.500    0.3030    0.2260   26.0000   17.0000    1.1600  2  2
    1.340    0.400    0.718   -0.875  202.500   -0.2250    0.2190   19.0000   26.0000    1.1600  2  2
    1.340    0.400    0.718   -0.875  247.500    0.1140    0.0935  131.0000  111.0000    1.1800  2  2
    1.340    0.400    0.718   -0.875  292.500   -0.1590    0.0706  191.0000  235.0000    1.0200  2  2
    1.340    0.400    0.718   -0.875  337.500   -0.1360    0.0896  120.0000  144.0000    0.7660  2  2
    1.340    0.400    0.718   -0.625   22.500    0.1090    0.0704  227.0000  198.0000    0.7510  2  2
    1.340    0.400    0.718   -0.625   67.500    0.1050    0.0458  535.0000  469.0000    1.4300  2  2
    1.340    0.400    0.718   -0.625  112.500    0.0451    0.0422  609.0000  577.0000    1.7700  2  2
    1.340    0.400    0.718   -0.625  157.500   -0.0191    0.0500  415.0000  427.0000    1.5700  2  2
    1.340    0.400    0.718   -0.625  202.500    0.0055    0.0504  416.0000  412.0000    1.5700  2  2
    1.340    0.400    0.718   -0.625  247.500   -0.0443    0.0416  590.0000  622.0000    1.7700  2  2
    1.340    0.400    0.718   -0.625  292.500   -0.0625    0.0468  463.0000  498.0000    1.4300  2  2
    1.340    0.400    0.718   -0.625  337.500   -0.1300    0.0726  184.0000  217.0000    0.7510  2  2
    1.340    0.400    0.718   -0.375   22.500    0.0486    0.0538  374.0000  353.0000    1.0500  2  2
    1.340    0.400    0.718   -0.375   67.500    0.0187    0.0380  735.0000  717.0000    2.2400  2  2
    1.340    0.400    0.718   -0.375  112.500    0.0332    0.0312 1107.0000 1056.0000    2.6500  2  2
    1.340    0.400    0.718   -0.375  157.500    0.0319    0.0381  740.0000  707.0000    2.0300  2  2
    1.340    0.400    0.718   -0.375  202.500    0.0265    0.0384  727.0000  702.0000    2.0300  2  2
    1.340    0.400    0.718   -0.375  247.500    0.0002    0.0314 1062.0000 1063.0000    2.6500  2  2
    1.340    0.400    0.718   -0.375  292.500   -0.0145    0.0393  675.0000  688.0000    2.2400  2  2
    1.340    0.400    0.718   -0.375  337.500   -0.0514    0.0543  345.0000  367.0000    1.0500  2  2
    1.340    0.400    0.718   -0.125   22.500   -0.0355    0.0477  451.0000  473.0000    1.5400  2  2
    1.340    0.400    0.718   -0.125   67.500   -0.0667    0.0320  979.0000 1066.0000    3.4400  2  2
    1.340    0.400    0.718   -0.125  112.500   -0.0012    0.0254 1637.0000 1626.0000    3.8300  2  2
    1.340    0.400    0.718   -0.125  157.500   -0.0243    0.0326  978.0000 1005.0000    2.4900  2  2
    1.340    0.400    0.718   -0.125  202.500    0.0252    0.0320 1034.0000 1005.0000    2.4900  2  2
    1.340    0.400    0.718   -0.125  247.500    0.0066    0.0261 1551.0000 1550.0000    3.8300  2  2
    1.340    0.400    0.718   -0.125  292.500    0.0564    0.0325 1037.0000  966.0000    3.4400  2  2
    1.340    0.400    0.718   -0.125  337.500   -0.0596    0.0481  436.0000  474.0000    1.5400  2  2
    1.340    0.400    0.718    0.125   22.500   -0.0559    0.0417  583.0000  625.0000    2.1900  2  2
    1.340    0.400    0.718    0.125   67.500   -0.0626    0.0280 1290.0000 1390.0000    4.9400  2  2
    1.340    0.400    0.718    0.125  112.500    0.0146    0.0226 2093.0000 2026.0000    5.3000  2  2
    1.340    0.400    0.718    0.125  157.500   -0.0180    0.0294 1204.0000 1224.0000    3.0600  2  2
    1.340    0.400    0.718    0.125  202.500    0.0217    0.0296 1218.0000 1192.0000    3.0600  2  2
    1.340    0.400    0.718    0.125  247.500    0.0374    0.0225 2136.0000 2054.0000    5.3000  2  2
    1.340    0.400    0.718    0.125  292.500    0.0232    0.0280 1350.0000 1323.0000    4.9400  2  2
    1.340    0.400    0.718    0.125  337.500    0.0748    0.0428  603.0000  548.0000    2.1900  2  2
    1.340    0.400    0.718    0.375   22.500   -0.0277    0.0506  405.0000  416.0000    3.2400  2  2
    1.340    0.400    0.718    0.375   67.500   -0.0430    0.0226 2010.0000 2107.0000    6.6600  2  2
    1.340    0.400    0.718    0.375  112.500   -0.0400    0.0209 2385.0000 2464.0000    6.9800  2  2
    1.340    0.400    0.718    0.375  157.500    0.0052    0.0249 1706.0000 1673.0000    4.0000  2  2
    1.340    0.400    0.718    0.375  202.500    0.0207    0.0252 1674.0000 1647.0000    4.0000  2  2
    1.340    0.400    0.718    0.375  247.500    0.0283    0.0210 2397.0000 2358.0000    6.9800  2  2
    1.340    0.400    0.718    0.375  292.500    0.0246    0.0228 2054.0000 2010.0000    6.6600  2  2
    1.340    0.400    0.718    0.375  337.500    0.0014    0.0499  420.0000  424.0000    3.2400  2  2
    1.340    0.400    0.718    0.625   22.500   -0.0230    0.0423  578.0000  592.0000    5.2600  2  2
    1.340    0.400    0.718    0.625   67.500   -0.0207    0.0188 2953.0000 2976.0000    8.5700  2  2
    1.340    0.400    0.718    0.625  112.500    0.0328    0.0214 2360.0000 2228.0000    8.7700  2  2
    1.340    0.400    0.718    0.625  157.500   -0.0183    0.0214 2271.0000 2309.0000    5.7200  2  2
    1.340    0.400    0.718    0.625  202.500    0.0092    0.0219 2201.0000 2192.0000    5.7200  2  2
    1.340    0.400    0.718    0.625  247.500   -0.0013    0.0212 2324.0000 2357.0000    8.7700  2  2
    1.340    0.400    0.718    0.625  292.500    0.0217    0.0188 2962.0000 2935.0000    8.5700  2  2
    1.340    0.400    0.718    0.625  337.500    0.0713    0.0425  612.0000  559.0000    5.2600  2  2
    1.340    0.400    0.718    0.875   22.500   -0.0029    0.0254 1635.0000 1641.0000    9.0300  2  2
    1.340    0.400    0.718    0.875   67.500   -0.0220    0.0230 1947.0000 2000.0000   10.6000  2  2
    1.340    0.400    0.718    0.875  112.500   -0.0117    0.0206 2454.0000 2482.0000   10.5000  2  2
    1.340    0.400    0.718    0.875  157.500    0.0083    0.0178 3331.0000 3283.0000    8.8500  2  2
    1.340    0.400    0.718    0.875  202.500   -0.0057    0.0175 3375.0000 3412.0000    8.8500  2  2
    1.340    0.400    0.718    0.875  247.500   -0.0073    0.0206 2459.0000 2496.0000   10.5000  2  2
    1.340    0.400    0.718    0.875  292.500   -0.0322    0.0232 1899.0000 1992.0000   10.6000  2  2
    1.340    0.400    0.718    0.875  337.500    0.0386    0.0252 1706.0000 1618.0000    9.0300  2  2
    1.380    0.400    0.682   -0.875   22.500   -0.0764    0.1010   98.0000  108.0000    0.5210  2  2
    1.380    0.400    0.682   -0.875   67.500    0.0643    0.0746  199.0000  179.0000    0.6970  2  2
    1.380    0.400    0.682   -0.875  112.500   -0.2910    0.0935  101.0000  149.0000    0.8090  2  2
    1.380    0.400    0.682   -0.875  157.500   -0.1450    0.1860   28.0000   34.0000    0.7910  2  2
    1.380    0.400    0.682   -0.875  202.500    0.3030    0.1800   41.0000   27.0000    0.7910  2  2
    1.380    0.400    0.682   -0.875  247.500    0.0194    0.0938  120.0000  119.0000    0.8090  2  2
    1.380    0.400    0.682   -0.875  292.500    0.0241    0.0748  189.0000  186.0000    0.6970  2  2
    1.380    0.400    0.682   -0.875  337.500   -0.2160    0.1100   75.0000  102.0000    0.5210  2  2
    1.380    0.400    0.682   -0.625   22.500    0.0694    0.0813  167.0000  152.0000    0.4840  2  2
    1.380    0.400    0.682   -0.625   67.500    0.0904    0.0520  412.0000  365.0000    0.9470  2  2
    1.380    0.400    0.682   -0.625  112.500   -0.0843    0.0445  500.0000  562.0000    1.1900  2  2
    1.380    0.400    0.682   -0.625  157.500    0.0134    0.0519  395.0000  387.0000    1.0600  2  2
    1.380    0.400    0.682   -0.625  202.500   -0.0170    0.0516  389.0000  399.0000    1.0600  2  2
    1.380    0.400    0.682   -0.625  247.500   -0.0174    0.0438  541.0000  554.0000    1.1900  2  2
    1.380    0.400    0.682   -0.625  292.500    0.0529    0.0528  392.0000  363.0000    0.9470  2  2
    1.380    0.400    0.682   -0.625  337.500    0.0390    0.0807  166.0000  157.0000    0.4840  2  2
    1.380    0.400    0.682   -0.375   22.500    0.0372    0.0609  290.0000  276.0000    0.6980  2  2
    1.380    0.400    0.682   -0.375   67.500   -0.0003    0.0419  599.0000  599.0000    1.5700  2  2
    1.380    0.400    0.682   -0.375  112.500   -0.0452    0.0343  864.0000  919.0000    1.8500  2  2
    1.380    0.400    0.682   -0.375  157.500    0.0249    0.0428  586.0000  565.0000    1.3700  2  2
    1.380    0.400    0.682   -0.375  202.500    0.0403    0.0426  594.0000  563.0000    1.3700  2  2
    1.380    0.400    0.682   -0.375  247.500    0.0314    0.0343  908.0000  870.0000    1.8500  2  2
    1.380    0.400    0.682   -0.375  292.500    0.0525    0.0414  633.0000  589.0000    1.5700  2  2
    1.380    0.400    0.682   -0.375  337.500   -0.1320    0.0619  252.0000  302.0000    0.6980  2  2
    1.380    0.400    0.682   -0.125   22.500   -0.0458    0.0526  368.0000  392.0000    1.1500  2  2
    1.380    0.400    0.682   -0.125   67.500   -0.0101    0.0346  871.0000  879.0000    2.6900  2  2
    1.380    0.400    0.682   -0.125  112.500   -0.0497    0.0278 1309.0000 1393.0000    2.9300  2  2
    1.380    0.400    0.682   -0.125  157.500    0.0272    0.0359  830.0000  796.0000    1.7300  2  2
    1.380    0.400    0.682   -0.125  202.500    0.0095    0.0367  787.0000  780.0000    1.7300  2  2
    1.380    0.400    0.682   -0.125  247.500    0.0410    0.0278 1390.0000 1322.0000    2.9300  2  2
    1.380    0.400    0.682   -0.125  292.500    0.0188    0.0342  906.0000  887.0000    2.6900  2  2
    1.380    0.400    0.682   -0.125  337.500    0.0094    0.0520  390.0000  385.0000    1.1500  2  2
    1.380    0.400    0.682    0.125   22.500   -0.0754    0.0446  503.0000  557.0000    1.8300  2  2
    1.380    0.400    0.682    0.125   67.500   -0.1230    0.0288 1165.0000 1371.0000    4.2300  2  2
    1.380    0.400    0.682    0.125  112.500   -0.0170    0.0235 1885.0000 1912.0000    4.3900  2  2
    1.380    0.400    0.682    0.125  157.500   -0.0388    0.0317 1015.0000 1064.0000    2.2200  2  2
    1.380    0.400    0.682    0.125  202.500    0.0343    0.0317 1068.0000 1025.0000    2.2200  2  2
    1.380    0.400    0.682    0.125  247.500    0.0104    0.0236 1887.0000 1877.0000    4.3900  2  2
    1.380    0.400    0.682    0.125  292.500    0.0694    0.0294 1265.0000 1158.0000    4.2300  2  2
    1.380    0.400    0.682    0.125  337.500    0.0617    0.0457  526.0000  484.0000    1.8300  2  2
    1.380    0.400    0.682    0.375   22.500   -0.0681    0.0433  535.0000  586.0000    2.8900  2  2
    1.380    0.400    0.682    0.375   67.500   -0.0754    0.0239 1759.0000 1940.0000    6.0000  2  2
    1.380    0.400    0.682    0.375  112.500   -0.0113    0.0216 2255.0000 2271.0000    6.0600  2  2
    1.380    0.400    0.682    0.375  157.500   -0.0126    0.0272 1403.0000 1419.0000    3.0200  2  2
    1.380    0.400    0.682    0.375  202.500    0.0007    0.0275 1382.0000 1389.0000    3.0200  2  2
    1.380    0.400    0.682    0.375  247.500    0.0548    0.0212 2423.0000 2266.0000    6.0600  2  2
    1.380    0.400    0.682    0.375  292.500    0.0246    0.0238 1895.0000 1843.0000    6.0000  2  2
    1.380    0.400    0.682    0.375  337.500   -0.0228    0.0448  514.0000  532.0000    2.8900  2  2
    1.380    0.400    0.682    0.625   22.500    0.0019    0.0499  422.0000  421.0000    4.8000  2  2
    1.380    0.400    0.682    0.625   67.500   -0.0351    0.0190 2860.0000 2990.0000    7.8100  2  2
    1.380    0.400    0.682    0.625  112.500   -0.0351    0.0216 2203.0000 2298.0000    7.6300  2  2
    1.380    0.400    0.682    0.625  157.500   -0.0387    0.0243 1732.0000 1819.0000    4.3600  2  2
    1.380    0.400    0.682    0.625  202.500    0.0339    0.0242 1835.0000 1759.0000    4.3600  2  2
    1.380    0.400    0.682    0.625  247.500    0.0235    0.0216 2278.0000 2219.0000    7.6300  2  2
    1.380    0.400    0.682    0.625  292.500    0.0457    0.0188 3055.0000 2880.0000    7.8100  2  2
    1.380    0.400    0.682    0.625  337.500    0.1030    0.0501  450.0000  390.0000    4.8000  2  2
    1.380    0.400    0.682    0.875   22.500   -0.0322    0.0281 1288.0000 1357.0000    7.9800  2  2
    1.380    0.400    0.682    0.875   67.500    0.0046    0.0230 1966.0000 1970.0000    9.2500  2  2
    1.380    0.400    0.682    0.875  112.500   -0.0214    0.0219 2148.0000 2224.0000    8.7300  2  2
    1.380    0.400    0.682    0.875  157.500   -0.0063    0.0197 2693.0000 2725.0000    6.7300  2  2
    1.380    0.400    0.682    0.875  202.500    0.0296    0.0193 2891.0000 2767.0000    6.7300  2  2
    1.380    0.400    0.682    0.875  247.500    0.0104    0.0223 2129.0000 2088.0000    8.7300  2  2
    1.380    0.400    0.682    0.875  292.500    0.0391    0.0236 1938.0000 1821.0000    9.2500  2  2
    1.380    0.400    0.682    0.875  337.500    0.0142    0.0275 1404.0000 1366.0000    7.9800  2  2
    1.420    0.400    0.641   -0.875   22.500    0.0442    0.0967  117.0000  108.0000    0.4610  2  2
    1.420    0.400    0.641   -0.875   67.500    0.0038    0.0723  206.0000  196.0000    0.6400  2  2
    1.420    0.400    0.641   -0.875  112.500    0.0925    0.0925  134.0000  113.0000    0.7060  2  2
    1.420    0.400    0.641   -0.875  157.500    0.0035    0.1570   43.0000   42.0000    0.6200  2  2
    1.420    0.400    0.641   -0.875  202.500   -0.1060    0.1580   39.0000   46.0000    0.6200  2  2
    1.420    0.400    0.641   -0.875  247.500    0.1770    0.0909  142.0000  116.0000    0.7060  2  2
    1.420    0.400    0.641   -0.875  292.500   -0.0535    0.0735  183.0000  206.0000    0.6400  2  2
    1.420    0.400    0.641   -0.875  337.500    0.0359    0.1030  100.0000   97.0000    0.4610  2  2
    1.420    0.400    0.641   -0.625   22.500   -0.0277    0.0801  161.0000  166.0000    0.4510  2  2
    1.420    0.400    0.641   -0.625   67.500   -0.0862    0.0529  357.0000  396.0000    0.8970  2  2
    1.420    0.400    0.641   -0.625  112.500   -0.0752    0.0439  524.0000  571.0000    1.0800  2  2
    1.420    0.400    0.641   -0.625  157.500   -0.0706    0.0519  374.0000  408.0000    0.9040  2  2
    1.420    0.400    0.641   -0.625  202.500    0.0480    0.0529  387.0000  366.0000    0.9040  2  2
    1.420    0.400    0.641   -0.625  247.500    0.1020    0.0439  581.0000  514.0000    1.0800  2  2
    1.420    0.400    0.641   -0.625  292.500    0.0575    0.0509  419.0000  393.0000    0.8970  2  2
    1.420    0.400    0.641   -0.625  337.500    0.0575    0.0761  188.0000  175.0000    0.4510  2  2
    1.420    0.400    0.641   -0.375   22.500   -0.0554    0.0594  287.0000  309.0000    0.6010  2  2
    1.420    0.400    0.641   -0.375   67.500   -0.0557    0.0413  595.0000  637.0000    1.4200  2  2
    1.420    0.400    0.641   -0.375  112.500   -0.0709    0.0341  865.0000  946.0000    1.6600  2  2
    1.420    0.400    0.641   -0.375  157.500    0.0584    0.0442  560.0000  514.0000    1.1700  2  2
    1.420    0.400    0.641   -0.375  202.500    0.0245    0.0433  566.0000  550.0000    1.1700  2  2
    1.420    0.400    0.641   -0.375  247.500    0.0823    0.0351  899.0000  809.0000    1.6600  2  2
    1.420    0.400    0.641   -0.375  292.500   -0.0075    0.0407  628.0000  640.0000    1.4200  2  2
    1.420    0.400    0.641   -0.375  337.500    0.1130    0.0614  301.0000  258.0000    0.6010  2  2
    1.420    0.400    0.641   -0.125   22.500    0.0307    0.0517  400.0000  383.0000    1.0300  2  2
    1.420    0.400    0.641   -0.125   67.500   -0.0109    0.0333  941.0000  949.0000    2.4900  2  2
    1.420    0.400    0.641   -0.125  112.500   -0.0691    0.0280 1291.0000 1410.0000    2.6800  2  2
    1.420    0.400    0.641   -0.125  157.500    0.0906    0.0386  754.0000  663.0000    1.4800  2  2
    1.420    0.400    0.641   -0.125  202.500   -0.0005    0.0386  704.0000  707.0000    1.4800  2  2
    1.420    0.400    0.641   -0.125  247.500    0.0236    0.0275 1403.0000 1368.0000    2.6800  2  2
    1.420    0.400    0.641   -0.125  292.500    0.0312    0.0341  922.0000  889.0000    2.4900  2  2
    1.420    0.400    0.641   -0.125  337.500   -0.0287    0.0517  385.0000  401.0000    1.0300  2  2
    1.420    0.400    0.641    0.125   22.500   -0.0828    0.0438  519.0000  582.0000    1.7100  2  2
    1.420    0.400    0.641    0.125   67.500   -0.0716    0.0281 1266.0000 1392.0000    4.0400  2  2
    1.420    0.400    0.641    0.125  112.500   -0.0454    0.0235 1859.0000 1966.0000    4.1500  2  2
    1.420    0.400    0.641    0.125  157.500   -0.0330    0.0328  958.0000 1001.0000    1.9700  2  2
    1.420    0.400    0.641    0.125  202.500   -0.0108    0.0320 1017.0000 1034.0000    1.9700  2  2
    1.420    0.400    0.641    0.125  247.500    0.0470    0.0235 1963.0000 1852.0000    4.1500  2  2
    1.420    0.400    0.641    0.125  292.500    0.0630    0.0286 1344.0000 1237.0000    4.0400  2  2
    1.420    0.400    0.641    0.125  337.500    0.0280    0.0430  578.0000  556.0000    1.7100  2  2
    1.420    0.400    0.641    0.375   22.500    0.0067    0.0383  719.0000  714.0000    2.7600  2  2
    1.420    0.400    0.641    0.375   67.500   -0.0480    0.0241 1762.0000 1879.0000    5.8100  2  2
    1.420    0.400    0.641    0.375  112.500   -0.0118    0.0213 2291.0000 2319.0000    5.8000  2  2
    1.420    0.400    0.641    0.375  157.500   -0.0036    0.0288 1256.0000 1262.0000    2.7400  2  2
    1.420    0.400    0.641    0.375  202.500   -0.0528    0.0297 1147.0000 1234.0000    2.7400  2  2
    1.420    0.400    0.641    0.375  247.500    0.0672    0.0209 2509.0000 2296.0000    5.8000  2  2
    1.420    0.400    0.641    0.375  292.500    0.0878    0.0241 1928.0000 1711.0000    5.8100  2  2
    1.420    0.400    0.641    0.375  337.500    0.0513    0.0391  710.0000  660.0000    2.7600  2  2
    1.420    0.400    0.641    0.625   22.500   -0.0159    0.0546  347.0000  357.0000    4.4700  2  2
    1.420    0.400    0.641    0.625   67.500   -0.0171    0.0191 2846.0000 2914.0000    7.3800  2  2
    1.420    0.400    0.641    0.625  112.500    0.0127    0.0212 2380.0000 2334.0000    7.1000  2  2
    1.420    0.400    0.641    0.625  157.500   -0.0246    0.0258 1553.0000 1612.0000    3.7900  2  2
    1.420    0.400    0.641    0.625  202.500    0.0270    0.0255 1643.0000 1578.0000    3.7900  2  2
    1.420    0.400    0.641    0.625  247.500   -0.0049    0.0216 2256.0000 2276.0000    7.1000  2  2
    1.420    0.400    0.641    0.625  292.500    0.0358    0.0191 2923.0000 2782.0000    7.3800  2  2
    1.420    0.400    0.641    0.625  337.500    0.0254    0.0558  345.0000  331.0000    4.4700  2  2
    1.420    0.400    0.641    0.875   22.500    0.0081    0.0325  991.0000  996.0000    6.9500  2  2
    1.420    0.400    0.641    0.875   67.500    0.0316    0.0228 2039.0000 1996.0000    8.0700  2  2
    1.420    0.400    0.641    0.875  112.500    0.0335    0.0233 1949.0000 1893.0000    7.3700  2  2
    1.420    0.400    0.641    0.875  157.500   -0.0115    0.0216 2222.0000 2286.0000    5.2700  2  2
    1.420    0.400    0.641    0.875  202.500   -0.0267    0.0213 2280.0000 2336.0000    5.2700  2  2
    1.420    0.400    0.641    0.875  247.500    0.0028    0.0235 1923.0000 1883.0000    7.3700  2  2
    1.420    0.400    0.641    0.875  292.500   -0.0374    0.0230 1946.0000 2004.0000    8.0700  2  2
    1.420    0.400    0.641    0.875  337.500   -0.0601    0.0309 1069.0000 1143.0000    6.9500  2  2
    1.460    0.400    0.595   -0.875   22.500   -0.1220    0.0864  132.0000  152.0000    0.5740  2  2
    1.460    0.400    0.595   -0.875   67.500   -0.1280    0.0652  233.0000  266.0000    0.9170  2  2
    1.460    0.400    0.595   -0.875  112.500   -0.0865    0.0752  180.0000  193.0000    1.0000  2  2
    1.460    0.400    0.595   -0.875  157.500    0.1410    0.1200   82.0000   65.0000    0.7850  2  2
    1.460    0.400    0.595   -0.875  202.500   -0.0674    0.1170   72.0000   82.0000    0.7850  2  2
    1.460    0.400    0.595   -0.875  247.500    0.2130    0.0765  206.0000  161.0000    1.0000  2  2
    1.460    0.400    0.595   -0.875  292.500    0.1030    0.0657  257.0000  233.0000    0.9170  2  2
    1.460    0.400    0.595   -0.875  337.500   -0.1120    0.0880  124.0000  149.0000    0.5740  2  2
    1.460    0.400    0.595   -0.625   22.500   -0.0691    0.0672  224.0000  242.0000    0.7100  2  2
    1.460    0.400    0.595   -0.625   67.500   -0.1240    0.0441  505.0000  587.0000    1.4700  2  2
    1.460    0.400    0.595   -0.625  112.500   -0.0700    0.0375  720.0000  773.0000    1.7000  2  2
    1.460    0.400    0.595   -0.625  157.500   -0.1230    0.0455  473.0000  548.0000    1.2800  2  2
    1.460    0.400    0.595   -0.625  202.500    0.0251    0.0449  523.0000  517.0000    1.2800  2  2
    1.460    0.400    0.595   -0.625  247.500    0.1020    0.0383  763.0000  680.0000    1.7000  2  2
    1.460    0.400    0.595   -0.625  292.500    0.0930    0.0429  602.0000  541.0000    1.4700  2  2
    1.460    0.400    0.595   -0.625  337.500    0.0386    0.0639  262.0000  253.0000    0.7100  2  2
    1.460    0.400    0.595   -0.375   22.500   -0.0120    0.0516  393.0000  395.0000    0.8840  2  2
    1.460    0.400    0.595   -0.375   67.500   -0.1200    0.0354  783.0000  909.0000    2.0500  2  2
    1.460    0.400    0.595   -0.375  112.500   -0.0599    0.0307 1076.0000 1147.0000    2.3400  2  2
    1.460    0.400    0.595   -0.375  157.500   -0.0636    0.0383  692.0000  742.0000    1.5800  2  2
    1.460    0.400    0.595   -0.375  202.500    0.0040    0.0383  714.0000  723.0000    1.5800  2  2
    1.460    0.400    0.595   -0.375  247.500    0.0445    0.0309 1125.0000 1078.0000    2.3400  2  2
    1.460    0.400    0.595   -0.375  292.500    0.0765    0.0342  937.0000  857.0000    2.0500  2  2
    1.460    0.400    0.595   -0.375  337.500    0.0384    0.0539  369.0000  354.0000    0.8840  2  2
    1.460    0.400    0.595   -0.125   22.500   -0.0543    0.0457  488.0000  523.0000    1.3400  2  2
    1.460    0.400    0.595   -0.125   67.500   -0.0593    0.0297 1153.0000 1239.0000    3.1300  2  2
    1.460    0.400    0.595   -0.125  112.500   -0.0781    0.0252 1584.0000 1744.0000    3.3400  2  2
    1.460    0.400    0.595   -0.125  157.500   -0.0362    0.0358  806.0000  838.0000    1.8400  2  2
    1.460    0.400    0.595   -0.125  202.500    0.0271    0.0355  843.0000  821.0000    1.8400  2  2
    1.460    0.400    0.595   -0.125  247.500    0.0629    0.0252 1709.0000 1585.0000    3.3400  2  2
    1.460    0.400    0.595   -0.125  292.500    0.0328    0.0290 1268.0000 1224.0000    3.1300  2  2
    1.460    0.400    0.595   -0.125  337.500    0.0270    0.0468  486.0000  471.0000    1.3400  2  2
    1.460    0.400    0.595    0.125   22.500   -0.0433    0.0403  631.0000  668.0000    2.1000  2  2
    1.460    0.400    0.595    0.125   67.500   -0.0274    0.0257 1573.0000 1624.0000    4.7100  2  2
    1.460    0.400    0.595    0.125  112.500    0.0056    0.0217 2228.0000 2195.0000    4.8000  2  2
    1.460    0.400    0.595    0.125  157.500   -0.0144    0.0297 1178.0000 1196.0000    2.3000  2  2
    1.460    0.400    0.595    0.125  202.500   -0.0178    0.0310 1078.0000 1110.0000    2.3000  2  2
    1.460    0.400    0.595    0.125  247.500    0.0188    0.0217 2238.0000 2196.0000    4.8000  2  2
    1.460    0.400    0.595    0.125  292.500   -0.0078    0.0259 1555.0000 1581.0000    4.7100  2  2
    1.460    0.400    0.595    0.125  337.500    0.0184    0.0399  671.0000  656.0000    2.1000  2  2
    1.460    0.400    0.595    0.375   22.500   -0.0175    0.0335  927.0000  950.0000    3.1800  2  2
    1.460    0.400    0.595    0.375   67.500    0.0313    0.0230 2020.0000 1927.0000    6.4400  2  2
    1.460    0.400    0.595    0.375  112.500   -0.0031    0.0197 2708.0000 2706.0000    6.3700  2  2
    1.460    0.400    0.595    0.375  157.500    0.0178    0.0275 1399.0000 1362.0000    3.0300  2  2
    1.460    0.400    0.595    0.375  202.500   -0.0070    0.0278 1343.0000 1359.0000    3.0300  2  2
    1.460    0.400    0.595    0.375  247.500    0.0133    0.0193 2860.0000 2822.0000    6.3700  2  2
    1.460    0.400    0.595    0.375  292.500   -0.0265    0.0232 1910.0000 1989.0000    6.4400  2  2
    1.460    0.400    0.595    0.375  337.500   -0.0301    0.0343  875.0000  912.0000    3.1800  2  2
    1.460    0.400    0.595    0.625   22.500   -0.0323    0.0510  393.0000  414.0000    4.7200  2  2
    1.460    0.400    0.595    0.625   67.500    0.0272    0.0190 2977.0000 2867.0000    7.7000  2  2
    1.460    0.400    0.595    0.625  112.500    0.0325    0.0201 2619.0000 2524.0000    7.3300  2  2
    1.460    0.400    0.595    0.625  157.500    0.0387    0.0248 1749.0000 1665.0000    3.8200  2  2
    1.460    0.400    0.595    0.625  202.500   -0.0069    0.0249 1680.0000 1689.0000    3.8200  2  2
    1.460    0.400    0.595    0.625  247.500   -0.0393    0.0200 2563.0000 2685.0000    7.3300  2  2
    1.460    0.400    0.595    0.625  292.500   -0.0126    0.0188 2920.0000 2971.0000    7.7000  2  2
    1.460    0.400    0.595    0.625  337.500   -0.0793    0.0519  372.0000  412.0000    4.7200  2  2
    1.460    0.400    0.595    0.875   22.500   -0.0074    0.0375  734.0000  760.0000    6.5400  2  2
    1.460    0.400    0.595    0.875   67.500    0.0346    0.0220 2183.0000 2151.0000    7.5600  2  2
    1.460    0.400    0.595    0.875  112.500    0.0668    0.0233 1997.0000 1880.0000    6.7000  2  2
    1.460    0.400    0.595    0.875  157.500    0.0709    0.0223 2180.0000 2023.0000    4.4700  2  2
    1.460    0.400    0.595    0.875  202.500   -0.0454    0.0223 2056.0000 2139.0000    4.4700  2  2
    1.460    0.400    0.595    0.875  247.500   -0.0278    0.0236 1876.0000 1888.0000    6.7000  2  2
    1.460    0.400    0.595    0.875  292.500   -0.0493    0.0222 2107.0000 2182.0000    7.5600  2  2
    1.460    0.400    0.595    0.875  337.500   -0.0304    0.0375  739.0000  752.0000    6.5400  2  2
    1.500    0.400    0.543   -0.875   22.500   -0.1400    0.0674  213.0000  253.0000    1.0900  2  2
    1.500    0.400    0.543   -0.875   67.500   -0.0825    0.0509  392.0000  422.0000    1.8200  2  2
    1.500    0.400    0.543   -0.875  112.500    0.0067    0.0623  276.0000  264.0000    2.1900  2  2
    1.500    0.400    0.543   -0.875  157.500   -0.0313    0.0888  132.0000  134.0000    1.9800  2  2
    1.500    0.400    0.543   -0.875  202.500    0.0603    0.0852  149.0000  141.0000    1.9800  2  2
    1.500    0.400    0.543   -0.875  247.500    0.0659    0.0588  313.0000  296.0000    2.1900  2  2
    1.500    0.400    0.543   -0.875  292.500    0.1840    0.0516  445.0000  359.0000    1.8200  2  2
    1.500    0.400    0.543   -0.875  337.500    0.2420    0.0706  251.0000  183.0000    1.0900  2  2
    1.500    0.400    0.543   -0.625   22.500   -0.0272    0.0497  419.0000  432.0000    1.4800  2  2
    1.500    0.400    0.543   -0.625   67.500   -0.0751    0.0345  845.0000  930.0000    2.9800  2  2
    1.500    0.400    0.543   -0.625  112.500   -0.0270    0.0300 1150.0000 1180.0000    3.5300  2  2
    1.500    0.400    0.543   -0.625  157.500   -0.0475    0.0364  773.0000  817.0000    2.8000  2  2
    1.500    0.400    0.543   -0.625  202.500    0.0520    0.0371  786.0000  739.0000    2.8000  2  2
    1.500    0.400    0.543   -0.625  247.500    0.0961    0.0299 1259.0000 1115.0000    3.5300  2  2
    1.500    0.400    0.543   -0.625  292.500    0.0764    0.0335  989.0000  897.0000    2.9800  2  2
    1.500    0.400    0.543   -0.625  337.500    0.2010    0.0514  458.0000  349.0000    1.4800  2  2
    1.500    0.400    0.543   -0.375   22.500   -0.0665    0.0417  577.0000  630.0000    1.7000  2  2
    1.500    0.400    0.543   -0.375   67.500   -0.0507    0.0293 1188.0000 1268.0000    3.5800  2  2
    1.500    0.400    0.543   -0.375  112.500   -0.0174    0.0258 1571.0000 1596.0000    4.0600  2  2
    1.500    0.400    0.543   -0.375  157.500   -0.0035    0.0328  980.0000  976.0000    2.8800  2  2
    1.500    0.400    0.543   -0.375  202.500   -0.0102    0.0317 1030.0000 1054.0000    2.8800  2  2
    1.500    0.400    0.543   -0.375  247.500    0.0213    0.0257 1610.0000 1576.0000    4.0600  2  2
    1.500    0.400    0.543   -0.375  292.500    0.0007    0.0286 1283.0000 1288.0000    3.5800  2  2
    1.500    0.400    0.543   -0.375  337.500    0.0297    0.0442  549.0000  529.0000    1.7000  2  2
    1.500    0.400    0.543   -0.125   22.500   -0.0374    0.0406  621.0000  652.0000    2.0700  2  2
    1.500    0.400    0.543   -0.125   67.500   -0.0277    0.0252 1618.0000 1676.0000    4.1500  2  2
    1.500    0.400    0.543   -0.125  112.500   -0.0612    0.0225 2010.0000 2176.0000    4.4000  2  2
    1.500    0.400    0.543   -0.125  157.500    0.0213    0.0312 1097.0000 1057.0000    2.6700  2  2
    1.500    0.400    0.543   -0.125  202.500    0.0677    0.0309 1156.0000 1061.0000    2.6700  2  2
    1.500    0.400    0.543   -0.125  247.500    0.0278    0.0225 2130.0000 2060.0000    4.4000  2  2
    1.500    0.400    0.543   -0.125  292.500   -0.0114    0.0255 1597.0000 1627.0000    4.1500  2  2
    1.500    0.400    0.543   -0.125  337.500   -0.0233    0.0410  615.0000  637.0000    2.0700  2  2
    1.500    0.400    0.543    0.125   22.500    0.0103    0.0372  763.0000  753.0000    2.6000  2  2
    1.500    0.400    0.543    0.125   67.500    0.0063    0.0236 1890.0000 1870.0000    4.9500  2  2
    1.500    0.400    0.543    0.125  112.500    0.0126    0.0206 2499.0000 2446.0000    4.9400  2  2
    1.500    0.400    0.543    0.125  157.500   -0.0462    0.0284 1263.0000 1343.0000    2.5800  2  2
    1.500    0.400    0.543    0.125  202.500   -0.0275    0.0288 1235.0000 1286.0000    2.5800  2  2
    1.500    0.400    0.543    0.125  247.500   -0.0074    0.0204 2502.0000 2538.0000    4.9400  2  2
    1.500    0.400    0.543    0.125  292.500   -0.0183    0.0242 1778.0000 1827.0000    4.9500  2  2
    1.500    0.400    0.543    0.125  337.500   -0.0254    0.0370  754.0000  780.0000    2.6000  2  2
    1.500    0.400    0.543    0.375   22.500   -0.0210    0.0314 1045.0000 1078.0000    3.3700  2  2
    1.500    0.400    0.543    0.375   67.500    0.0119    0.0222 2152.0000 2115.0000    5.9600  2  2
    1.500    0.400    0.543    0.375  112.500    0.0383    0.0190 2982.0000 2820.0000    5.7400  2  2
    1.500    0.400    0.543    0.375  157.500    0.0159    0.0264 1522.0000 1487.0000    2.8400  2  2
    1.500    0.400    0.543    0.375  202.500   -0.0222    0.0264 1482.0000 1530.0000    2.8400  2  2
    1.500    0.400    0.543    0.375  247.500   -0.0542    0.0188 2848.0000 3079.0000    5.7400  2  2
    1.500    0.400    0.543    0.375  292.500   -0.0267    0.0223 2079.0000 2159.0000    5.9600  2  2
    1.500    0.400    0.543    0.375  337.500    0.0055    0.0319 1041.0000 1031.0000    3.3700  2  2
    1.500    0.400    0.543    0.625   22.500    0.0780    0.0455  533.0000  481.0000    4.6700  2  2
    1.500    0.400    0.543    0.625   67.500    0.0399    0.0197 2760.0000 2615.0000    6.9300  2  2
    1.500    0.400    0.543    0.625  112.500    0.0761    0.0197 2851.0000 2564.0000    6.3700  2  2
    1.500    0.400    0.543    0.625  157.500    0.0044    0.0246 1728.0000 1723.0000    3.3200  2  2
    1.500    0.400    0.543    0.625  202.500   -0.0741    0.0245 1669.0000 1843.0000    3.3200  2  2
    1.500    0.400    0.543    0.625  247.500   -0.0232    0.0197 2649.0000 2738.0000    6.3700  2  2
    1.500    0.400    0.543    0.625  292.500   -0.0380    0.0194 2714.0000 2857.0000    6.9300  2  2
    1.500    0.400    0.543    0.625  337.500   -0.0616    0.0464  469.0000  508.0000    4.6700  2  2
    1.500    0.400    0.543    0.875   22.500    0.0635    0.0443  551.0000  517.0000    6.6800  2  2
    1.500    0.400    0.543    0.875   67.500    0.1350    0.0219 2384.0000 2049.0000    7.3000  2  2
    1.500    0.400    0.543    0.875  112.500    0.1390    0.0236 2043.0000 1756.0000    6.2300  2  2
    1.500    0.400    0.543    0.875  157.500    0.0767    0.0222 2218.0000 2056.0000    4.0900  2  2
    1.500    0.400    0.543    0.875  202.500   -0.1180    0.0219 2056.0000 2348.0000    4.0900  2  2
    1.500    0.400    0.543    0.875  247.500   -0.1550    0.0238 1725.0000 2052.0000    6.2300  2  2
    1.500    0.400    0.543    0.875  292.500   -0.1300    0.0225 1944.0000 2246.0000    7.3000  2  2
    1.500    0.400    0.543    0.875  337.500    0.0034    0.0435  564.0000  548.0000    6.6800  2  2
    1.540    0.400    0.486   -0.875   22.500   -0.0201    0.0574  317.0000  322.0000    1.3500  2  2
    1.540    0.400    0.486   -0.875   67.500   -0.1140    0.0514  373.0000  424.0000    1.5400  2  2
    1.540    0.400    0.486   -0.875  112.500   -0.1970    0.0610  253.0000  321.0000    1.7400  2  2
    1.540    0.400    0.486   -0.875  157.500   -0.0043    0.0851  146.0000  144.0000    1.8200  2  2
    1.540    0.400    0.486   -0.875  202.500    0.1550    0.0803  181.0000  149.0000    1.8200  2  2
    1.540    0.400    0.486   -0.875  247.500    0.1860    0.0593  337.0000  270.0000    1.7400  2  2
    1.540    0.400    0.486   -0.875  292.500    0.1590    0.0516  438.0000  362.0000    1.5400  2  2
    1.540    0.400    0.486   -0.875  337.500    0.0922    0.0599  312.0000  278.0000    1.3500  2  2
    1.540    0.400    0.486   -0.625   22.500   -0.0477    0.0472  456.0000  487.0000    1.3800  2  2
    1.540    0.400    0.486   -0.625   67.500   -0.0786    0.0348  822.0000  919.0000    2.0800  2  2
    1.540    0.400    0.486   -0.625  112.500   -0.0697    0.0320  979.0000 1068.0000    2.4200  2  2
    1.540    0.400    0.486   -0.625  157.500    0.0146    0.0401  658.0000  642.0000    2.1800  2  2
    1.540    0.400    0.486   -0.625  202.500   -0.0167    0.0400  648.0000  666.0000    2.1800  2  2
    1.540    0.400    0.486   -0.625  247.500    0.1140    0.0322 1098.0000  947.0000    2.4200  2  2
    1.540    0.400    0.486   -0.625  292.500    0.1240    0.0364  872.0000  732.0000    2.0800  2  2
    1.540    0.400    0.486   -0.625  337.500    0.0355    0.0462  503.0000  479.0000    1.3800  2  2
    1.540    0.400    0.486   -0.375   22.500   -0.0290    0.0435  545.0000  569.0000    1.2100  2  2
    1.540    0.400    0.486   -0.375   67.500   -0.0072    0.0312 1076.0000 1095.0000    2.1200  2  2
    1.540    0.400    0.486   -0.375  112.500   -0.0817    0.0291 1171.0000 1305.0000    2.4200  2  2
    1.540    0.400    0.486   -0.375  157.500   -0.0118    0.0384  706.0000  717.0000    1.9400  2  2
    1.540    0.400    0.486   -0.375  202.500   -0.0265    0.0368  758.0000  787.0000    1.9400  2  2
    1.540    0.400    0.486   -0.375  247.500    0.0319    0.0293 1244.0000 1196.0000    2.4200  2  2
    1.540    0.400    0.486   -0.375  292.500    0.0300    0.0306 1150.0000 1095.0000    2.1200  2  2
    1.540    0.400    0.486   -0.375  337.500   -0.0010    0.0438  549.0000  548.0000    1.2100  2  2
    1.540    0.400    0.486   -0.125   22.500   -0.0425    0.0467  467.0000  499.0000    1.2000  2  2
    1.540    0.400    0.486   -0.125   67.500    0.0106    0.0313 1078.0000 1068.0000    1.9500  2  2
    1.540    0.400    0.486   -0.125  112.500    0.0406    0.0275 1421.0000 1349.0000    2.0600  2  2
    1.540    0.400    0.486   -0.125  157.500   -0.0491    0.0374  723.0000  778.0000    1.4800  2  2
    1.540    0.400    0.486   -0.125  202.500    0.0270    0.0374  765.0000  733.0000    1.4800  2  2
    1.540    0.400    0.486   -0.125  247.500   -0.0219    0.0277 1354.0000 1390.0000    2.0600  2  2
    1.540    0.400    0.486   -0.125  292.500   -0.0319    0.0307 1087.0000 1130.0000    1.9500  2  2
    1.540    0.400    0.486   -0.125  337.500    0.0238    0.0486  455.0000  437.0000    1.2000  2  2
    1.540    0.400    0.486    0.125   22.500    0.1120    0.0500  453.0000  393.0000    1.3200  2  2
    1.540    0.400    0.486    0.125   67.500    0.0830    0.0316 1107.0000  999.0000    1.9800  2  2
    1.540    0.400    0.486    0.125  112.500   -0.0033    0.0268 1449.0000 1472.0000    1.9400  2  2
    1.540    0.400    0.486    0.125  157.500    0.0230    0.0362  809.0000  792.0000    1.2300  2  2
    1.540    0.400    0.486    0.125  202.500    0.0336    0.0357  848.0000  801.0000    1.2300  2  2
    1.540    0.400    0.486    0.125  247.500    0.0023    0.0268 1476.0000 1455.0000    1.9400  2  2
    1.540    0.400    0.486    0.125  292.500   -0.0642    0.0312 1042.0000 1125.0000    1.9800  2  2
    1.540    0.400    0.486    0.125  337.500   -0.0199    0.0494  428.0000  434.0000    1.3200  2  2
    1.540    0.400    0.486    0.375   22.500    0.0097    0.0429  569.0000  569.0000    1.6700  2  2
    1.540    0.400    0.486    0.375   67.500    0.0130    0.0299 1176.0000 1172.0000    2.5800  2  2
    1.540    0.400    0.486    0.375  112.500   -0.0037    0.0249 1680.0000 1712.0000    2.4900  2  2
    1.540    0.400    0.486    0.375  157.500    0.0414    0.0325 1022.0000  978.0000    1.4500  2  2
    1.540    0.400    0.486    0.375  202.500    0.0214    0.0328 1003.0000  961.0000    1.4500  2  2
    1.540    0.400    0.486    0.375  247.500   -0.0191    0.0252 1649.0000 1670.0000    2.4900  2  2
    1.540    0.400    0.486    0.375  292.500   -0.0381    0.0303 1129.0000 1173.0000    2.5800  2  2
    1.540    0.400    0.486    0.375  337.500   -0.0765    0.0432  538.0000  590.0000    1.6700  2  2
    1.540    0.400    0.486    0.625   22.500    0.0670    0.0506  427.0000  398.0000    2.8800  2  2
    1.540    0.400    0.486    0.625   67.500    0.0949    0.0258 1669.0000 1496.0000    4.0500  2  2
    1.540    0.400    0.486    0.625  112.500    0.0836    0.0236 1986.0000 1809.0000    3.7600  2  2
    1.540    0.400    0.486    0.625  157.500    0.0688    0.0280 1394.0000 1296.0000    2.1900  2  2
    1.540    0.400    0.486    0.625  202.500   -0.1060    0.0284 1222.0000 1384.0000    2.1900  2  2
    1.540    0.400    0.486    0.625  247.500   -0.0997    0.0233 1821.0000 2044.0000    3.7600  2  2
    1.540    0.400    0.486    0.625  292.500   -0.0891    0.0252 1573.0000 1741.0000    4.0500  2  2
    1.540    0.400    0.486    0.625  337.500   -0.1650    0.0517  356.0000  438.0000    2.8800  2  2
    1.540    0.400    0.486    0.875   22.500    0.1040    0.0632  280.0000  249.0000    6.1500  2  2
    1.540    0.400    0.486    0.875   67.500    0.1230    0.0241 1936.0000 1718.0000    6.5400  2  2
    1.540    0.400    0.486    0.875  112.500    0.1800    0.0245 1948.0000 1610.0000    5.6800  2  2
    1.540    0.400    0.486    0.875  157.500    0.0571    0.0216 2302.0000 2219.0000    4.0800  2  2
    1.540    0.400    0.486    0.875  202.500   -0.1280    0.0216 2128.0000 2434.0000    4.0800  2  2
    1.540    0.400    0.486    0.875  247.500   -0.1710    0.0242 1653.0000 1974.0000    5.6800  2  2
    1.540    0.400    0.486    0.875  292.500   -0.1810    0.0248 1563.0000 1910.0000    6.5400  2  2
    1.540    0.400    0.486    0.875  337.500   -0.1360    0.0584  286.0000  336.0000    6.1500  2  2
    1.580    0.400    0.422   -0.875   22.500   -0.1810    0.0555  307.0000  386.0000    1.2800  2  2
    1.580    0.400    0.422   -0.875   67.500   -0.2610    0.0588  269.0000  359.0000    1.1400  2  2
    1.580    0.400    0.422   -0.875  112.500   -0.2220    0.0729  181.0000  224.0000    1.1400  2  2
    1.580    0.400    0.422   -0.875  157.500   -0.2910    0.1040   83.0000  120.0000    1.2900  2  2
    1.580    0.400    0.422   -0.875  202.500    0.1520    0.1010  114.0000   96.0000    1.2900  2  2
    1.580    0.400    0.422   -0.875  247.500    0.2750    0.0680  270.0000  202.0000    1.1400  2  2
    1.580    0.400    0.422   -0.875  292.500    0.3090    0.0578  387.0000  271.0000    1.1400  2  2
    1.580    0.400    0.422   -0.875  337.500    0.1050    0.0570  345.0000  305.0000    1.2800  2  2
    1.580    0.400    0.422   -0.625   22.500   -0.1310    0.0517  362.0000  429.0000    1.1600  2  2
    1.580    0.400    0.422   -0.625   67.500   -0.1150    0.0433  524.0000  600.0000    1.3000  2  2
    1.580    0.400    0.422   -0.625  112.500   -0.0999    0.0414  580.0000  646.0000    1.4200  2  2
    1.580    0.400    0.422   -0.625  157.500    0.0181    0.0496  437.0000  418.0000    1.4600  2  2
    1.580    0.400    0.422   -0.625  202.500    0.0105    0.0513  399.0000  401.0000    1.4600  2  2
    1.580    0.400    0.422   -0.625  247.500    0.0600    0.0416  624.0000  592.0000    1.4200  2  2
    1.580    0.400    0.422   -0.625  292.500    0.0588    0.0423  604.0000  570.0000    1.3000  2  2
    1.580    0.400    0.422   -0.625  337.500    0.1100    0.0491  467.0000  406.0000    1.1600  2  2
    1.580    0.400    0.422   -0.375   22.500    0.0099    0.0517  396.0000  388.0000    0.8330  2  2
    1.580    0.400    0.422   -0.375   67.500   -0.0491    0.0394  657.0000  693.0000    1.1500  2  2
    1.580    0.400    0.422   -0.375  112.500   -0.0781    0.0400  630.0000  689.0000    1.3200  2  2
    1.580    0.400    0.422   -0.375  157.500   -0.0184    0.0512  400.0000  404.0000    1.2400  2  2
    1.580    0.400    0.422   -0.375  202.500   -0.0483    0.0512  386.0000  419.0000    1.2400  2  2
    1.580    0.400    0.422   -0.375  247.500    0.0996    0.0401  693.0000  615.0000    1.3200  2  2
    1.580    0.400    0.422   -0.375  292.500    0.0174    0.0409  631.0000  625.0000    1.1500  2  2
    1.580    0.400    0.422   -0.375  337.500   -0.0140    0.0552  340.0000  349.0000    0.8330  2  2
    1.580    0.400    0.422   -0.125   22.500   -0.0062    0.0672  231.0000  234.0000    0.7670  2  2
    1.580    0.400    0.422   -0.125   67.500    0.0477    0.0435  575.0000  540.0000    0.9810  2  2
    1.580    0.400    0.422   -0.125  112.500   -0.0541    0.0401  630.0000  679.0000    1.0400  2  2
    1.580    0.400    0.422   -0.125  157.500    0.0604    0.0513  416.0000  382.0000    0.9140  2  2
    1.580    0.400    0.422   -0.125  202.500    0.0945    0.0501  447.0000  393.0000    0.9140  2  2
    1.580    0.400    0.422   -0.125  247.500   -0.0286    0.0397  651.0000  677.0000    1.0400  2  2
    1.580    0.400    0.422   -0.125  292.500   -0.0136    0.0429  568.0000  577.0000    0.9810  2  2
    1.580    0.400    0.422   -0.125  337.500   -0.0428    0.0665  231.0000  244.0000    0.7670  2  2
    1.580    0.400    0.422    0.125   22.500   -0.0201    0.0709  205.0000  213.0000    0.9390  2  2
    1.580    0.400    0.422    0.125   67.500   -0.0306    0.0461  481.0000  509.0000    1.1700  2  2
    1.580    0.400    0.422    0.125  112.500    0.0055    0.0400  653.0000  656.0000    1.1600  2  2
    1.580    0.400    0.422    0.125  157.500   -0.0712    0.0499  402.0000  446.0000    0.9270  2  2
    1.580    0.400    0.422    0.125  202.500   -0.0040    0.0500  420.0000  420.0000    0.9270  2  2
    1.580    0.400    0.422    0.125  247.500    0.1180    0.0403  706.0000  592.0000    1.1600  2  2
    1.580    0.400    0.422    0.125  292.500   -0.0239    0.0465  480.0000  489.0000    1.1700  2  2
    1.580    0.400    0.422    0.125  337.500    0.0060    0.0700  216.0000  212.0000    0.9390  2  2
    1.580    0.400    0.422    0.375   22.500   -0.0813    0.0533  350.0000  392.0000    1.2000  2  2
    1.580    0.400    0.422    0.375   67.500   -0.0203    0.0393  669.0000  688.0000    1.8500  2  2
    1.580    0.400    0.422    0.375  112.500    0.0210    0.0322 1027.0000  994.0000    1.9500  2  2
    1.580    0.400    0.422    0.375  157.500    0.0062    0.0396  675.0000  667.0000    1.4200  2  2
    1.580    0.400    0.422    0.375  202.500    0.0036    0.0394  677.0000  676.0000    1.4200  2  2
    1.580    0.400    0.422    0.375  247.500    0.0293    0.0323 1027.0000  990.0000    1.9500  2  2
    1.580    0.400    0.422    0.375  292.500   -0.0099    0.0399  655.0000  664.0000    1.8500  2  2
    1.580    0.400    0.422    0.375  337.500   -0.0241    0.0530  368.0000  380.0000    1.2000  2  2
    1.580    0.400    0.422    0.625   22.500    0.0399    0.0532  380.0000  362.0000    1.9100  2  2
    1.580    0.400    0.422    0.625   67.500   -0.0013    0.0300 1166.0000 1168.0000    3.0500  2  2
    1.580    0.400    0.422    0.625  112.500    0.0136    0.0261 1560.0000 1529.0000    3.1200  2  2
    1.580    0.400    0.422    0.625  157.500    0.0317    0.0312 1107.0000 1060.0000    2.0900  2  2
    1.580    0.400    0.422    0.625  202.500    0.0196    0.0310 1106.0000 1076.0000    2.0900  2  2
    1.580    0.400    0.422    0.625  247.500   -0.0280    0.0262 1499.0000 1560.0000    3.1200  2  2
    1.580    0.400    0.422    0.625  292.500    0.0058    0.0303 1145.0000 1136.0000    3.0500  2  2
    1.580    0.400    0.422    0.625  337.500   -0.0538    0.0533  357.0000  382.0000    1.9100  2  2
    1.580    0.400    0.422    0.875   22.500   -0.1030    0.0917  116.0000  135.0000    4.2800  2  2
    1.580    0.400    0.422    0.875   67.500    0.1290    0.0267 1611.0000 1372.0000    4.7900  2  2
    1.580    0.400    0.422    0.875  112.500    0.0777    0.0259 1637.0000 1494.0000    4.2900  2  2
    1.580    0.400    0.422    0.875  157.500    0.0599    0.0236 1958.0000 1829.0000    3.0800  2  2
    1.580    0.400    0.422    0.875  202.500   -0.0733    0.0233 1855.0000 2023.0000    3.0800  2  2
    1.580    0.400    0.422    0.875  247.500   -0.0190    0.0261 1532.0000 1548.0000    4.2900  2  2
    1.580    0.400    0.422    0.875  292.500   -0.0891    0.0271 1361.0000 1512.0000    4.7900  2  2
    1.580    0.400    0.422    0.875  337.500   -0.0010    0.0938  120.0000  119.0000    4.2800  2  2
    1.620    0.400    0.353   -0.875   22.500   -0.1060    0.0584  292.0000  328.0000    1.2500  2  2
    1.620    0.400    0.353   -0.875   67.500   -0.3720    0.0642  214.0000  331.0000    0.9940  2  2
    1.620    0.400    0.353   -0.875  112.500   -0.4010    0.0793  140.0000  221.0000    0.8790  2  2
    1.620    0.400    0.353   -0.875  157.500   -0.2870    0.1100   74.0000  106.0000    0.9760  2  2
    1.620    0.400    0.353   -0.875  202.500    0.1410    0.1040  106.0000   91.0000    0.9760  2  2
    1.620    0.400    0.353   -0.875  247.500    0.4740    0.0800  233.0000  132.0000    0.8790  2  2
    1.620    0.400    0.353   -0.875  292.500    0.3170    0.0646  310.0000  217.0000    0.9940  2  2
    1.620    0.400    0.353   -0.875  337.500    0.1580    0.0574  354.0000  293.0000    1.2500  2  2
    1.620    0.400    0.353   -0.625   22.500   -0.0894    0.0523  363.0000  407.0000    1.2600  2  2
    1.620    0.400    0.353   -0.625   67.500   -0.1810    0.0507  368.0000  460.0000    1.2000  2  2
    1.620    0.400    0.353   -0.625  112.500   -0.2320    0.0541  316.0000  420.0000    1.1900  2  2
    1.620    0.400    0.353   -0.625  157.500   -0.0683    0.0651  241.0000  257.0000    1.2500  2  2
    1.620    0.400    0.353   -0.625  202.500    0.0603    0.0612  289.0000  274.0000    1.2500  2  2
    1.620    0.400    0.353   -0.625  247.500    0.2120    0.0512  463.0000  358.0000    1.1900  2  2
    1.620    0.400    0.353   -0.625  292.500    0.2320    0.0500  493.0000  367.0000    1.2000  2  2
    1.620    0.400    0.353   -0.625  337.500   -0.0336    0.0541  350.0000  370.0000    1.2600  2  2
    1.620    0.400    0.353   -0.375   22.500    0.1270    0.0636  286.0000  237.0000    0.8810  2  2
    1.620    0.400    0.353   -0.375   67.500   -0.0063    0.0507  411.0000  404.0000    1.0100  2  2
    1.620    0.400    0.353   -0.375  112.500   -0.2010    0.0512  359.0000  459.0000    1.1000  2  2
    1.620    0.400    0.353   -0.375  157.500   -0.1060    0.0617  260.0000  293.0000    1.1000  2  2
    1.620    0.400    0.353   -0.375  202.500    0.0523    0.0609  291.0000  278.0000    1.1000  2  2
    1.620    0.400    0.353   -0.375  247.500    0.1700    0.0523  429.0000  351.0000    1.1000  2  2
    1.620    0.400    0.353   -0.375  292.500    0.1670    0.0496  476.0000  388.0000    1.0100  2  2
    1.620    0.400    0.353   -0.375  337.500    0.0228    0.0626  270.0000  265.0000    0.8810  2  2
    1.620    0.400    0.353   -0.125   22.500    0.0159    0.0817  159.0000  155.0000    0.8020  2  2
    1.620    0.400    0.353   -0.125   67.500   -0.1580    0.0572  290.0000  358.0000    0.8880  2  2
    1.620    0.400    0.353   -0.125  112.500   -0.1180    0.0546  328.0000  381.0000    0.8980  2  2
    1.620    0.400    0.353   -0.125  157.500   -0.1040    0.0606  269.0000  307.0000    0.8280  2  2
    1.620    0.400    0.353   -0.125  202.500    0.0371    0.0639  262.0000  252.0000    0.8280  2  2
    1.620    0.400    0.353   -0.125  247.500    0.1380    0.0533  405.0000  339.0000    0.8980  2  2
    1.620    0.400    0.353   -0.125  292.500    0.0696    0.0586  320.0000  293.0000    0.8880  2  2
    1.620    0.400    0.353   -0.125  337.500    0.2800    0.0846  181.0000  123.0000    0.8020  2  2
    1.620    0.400    0.353    0.125   22.500   -0.1810    0.0833  134.0000  173.0000    1.1000  2  2
    1.620    0.400    0.353    0.125   67.500   -0.1540    0.0533  333.0000  414.0000    1.2500  2  2
    1.620    0.400    0.353    0.125  112.500   -0.1460    0.0481  413.0000  506.0000    1.2100  2  2
    1.620    0.400    0.353    0.125  157.500   -0.1520    0.0570  293.0000  361.0000    1.0200  2  2
    1.620    0.400    0.353    0.125  202.500    0.0886    0.0548  372.0000  330.0000    1.0200  2  2
    1.620    0.400    0.353    0.125  247.500    0.0916    0.0462  525.0000  462.0000    1.2100  2  2
    1.620    0.400    0.353    0.125  292.500    0.0513    0.0541  374.0000  347.0000    1.2500  2  2
    1.620    0.400    0.353    0.125  337.500    0.0126    0.0874  139.0000  136.0000    1.1000  2  2
    1.620    0.400    0.353    0.375   22.500   -0.0659    0.0520  373.0000  406.0000    1.4100  2  2
    1.620    0.400    0.353    0.375   67.500   -0.0303    0.0404  633.0000  648.0000    1.9900  2  2
    1.620    0.400    0.353    0.375  112.500   -0.1160    0.0349  803.0000  930.0000    2.1300  2  2
    1.620    0.400    0.353    0.375  157.500    0.0222    0.0403  660.0000  632.0000    1.7400  2  2
    1.620    0.400    0.353    0.375  202.500    0.1080    0.0401  699.0000  610.0000    1.7400  2  2
    1.620    0.400    0.353    0.375  247.500    0.0394    0.0352  867.0000  832.0000    2.1300  2  2
    1.620    0.400    0.353    0.375  292.500    0.0761    0.0419  626.0000  574.0000    1.9900  2  2
    1.620    0.400    0.353    0.375  337.500    0.0390    0.0542  366.0000  349.0000    1.4100  2  2
    1.620    0.400    0.353    0.625   22.500    0.0165    0.0499  427.0000  417.0000    1.6400  2  2
    1.620    0.400    0.353    0.625   67.500    0.0333    0.0319 1065.0000 1011.0000    2.7200  2  2
    1.620    0.400    0.353    0.625  112.500   -0.0110    0.0268 1457.0000 1467.0000    2.9900  2  2
    1.620    0.400    0.353    0.625  157.500   -0.0128    0.0325  989.0000 1000.0000    2.3100  2  2
    1.620    0.400    0.353    0.625  202.500    0.0383    0.0322 1039.0000  992.0000    2.3100  2  2
    1.620    0.400    0.353    0.625  247.500   -0.0170    0.0275 1363.0000 1407.0000    2.9900  2  2
    1.620    0.400    0.353    0.625  292.500   -0.0104    0.0320 1016.0000 1037.0000    2.7200  2  2
    1.620    0.400    0.353    0.625  337.500    0.0128    0.0500  423.0000  416.0000    1.6400  2  2
    1.620    0.400    0.353    0.875   22.500    0.0151    0.1320   61.0000   60.0000    2.6700  2  2
    1.620    0.400    0.353    0.875   67.500    0.0325    0.0314 1088.0000 1042.0000    3.2300  2  2
    1.620    0.400    0.353    0.875  112.500    0.0277    0.0291 1259.0000 1211.0000    3.0500  2  2
    1.620    0.400    0.353    0.875  157.500    0.0570    0.0274 1457.0000 1351.0000    2.2400  2  2
    1.620    0.400    0.353    0.875  202.500   -0.0299    0.0270 1415.0000 1470.0000    2.2400  2  2
    1.620    0.400    0.353    0.875  247.500   -0.0661    0.0296 1154.0000 1265.0000    3.0500  2  2
    1.620    0.400    0.353    0.875  292.500   -0.0900    0.0319  973.0000 1100.0000    3.2300  2  2
    1.620    0.400    0.353    0.875  337.500    0.0214    0.1330   60.0000   58.0000    2.6700  2  2
    1.660    0.400    0.277   -0.875   22.500   -0.2120    0.0655  217.0000  284.0000    1.1400  2  2
    1.660    0.400    0.277   -0.875   67.500   -0.2570    0.0743  168.0000  224.0000    0.8970  2  2
    1.660    0.400    0.277   -0.875  112.500   -0.4490    0.1000   83.0000  146.0000    0.7940  2  2
    1.660    0.400    0.277   -0.875  157.500   -0.0826    0.1320   58.0000   63.0000    0.8870  2  2
    1.660    0.400    0.277   -0.875  202.500    0.0857    0.1350   60.0000   55.0000    0.8870  2  2
    1.660    0.400    0.277   -0.875  247.500    0.3200    0.0984  135.0000   93.0000    0.7940  2  2
    1.660    0.400    0.277   -0.875  292.500    0.3040    0.0754  227.0000  159.0000    0.8970  2  2
    1.660    0.400    0.277   -0.875  337.500    0.0616    0.0645  260.0000  245.0000    1.1400  2  2
    1.660    0.400    0.277   -0.625   22.500   -0.1440    0.0607  260.0000  316.0000    1.3000  2  2
    1.660    0.400    0.277   -0.625   67.500   -0.0975    0.0620  258.0000  290.0000    1.1500  2  2
    1.660    0.400    0.277   -0.625  112.500   -0.1540    0.0655  224.0000  270.0000    1.1500  2  2
    1.660    0.400    0.277   -0.625  157.500   -0.0401    0.0755  180.0000  188.0000    1.2900  2  2
    1.660    0.400    0.277   -0.625  202.500    0.0912    0.0757  195.0000  174.0000    1.2900  2  2
    1.660    0.400    0.277   -0.625  247.500    0.2420    0.0652  293.0000  215.0000    1.1500  2  2
    1.660    0.400    0.277   -0.625  292.500    0.1550    0.0635  290.0000  238.0000    1.1500  2  2
    1.660    0.400    0.277   -0.625  337.500    0.0441    0.0610  290.0000  274.0000    1.3000  2  2
    1.660    0.400    0.277   -0.375   22.500    0.0210    0.0728  203.0000  194.0000    0.9780  2  2
    1.660    0.400    0.277   -0.375   67.500   -0.0968    0.0652  236.0000  261.0000    0.9790  2  2
    1.660    0.400    0.277   -0.375  112.500   -0.1880    0.0690  200.0000  249.0000    1.0400  2  2
    1.660    0.400    0.277   -0.375  157.500   -0.0675    0.0732  189.0000  204.0000    1.1200  2  2
    1.660    0.400    0.277   -0.375  202.500    0.0732    0.0701  223.0000  205.0000    1.1200  2  2
    1.660    0.400    0.277   -0.375  247.500    0.1720    0.0674  258.0000  212.0000    1.0400  2  2
    1.660    0.400    0.277   -0.375  292.500    0.0441    0.0604  292.0000  284.0000    0.9790  2  2
    1.660    0.400    0.277   -0.375  337.500   -0.0832    0.0791  157.0000  179.0000    0.9780  2  2
    1.660    0.400    0.277   -0.125   22.500   -0.1080    0.1060   88.0000  102.0000    0.9010  2  2
    1.660    0.400    0.277   -0.125   67.500   -0.1860    0.0720  180.0000  231.0000    0.9290  2  2
    1.660    0.400    0.277   -0.125  112.500   -0.1030    0.0659  227.0000  259.0000    0.9170  2  2
    1.660    0.400    0.277   -0.125  157.500   -0.0557    0.0713  200.0000  214.0000    0.8720  2  2
    1.660    0.400    0.277   -0.125  202.500   -0.0002    0.0706  210.0000  212.0000    0.8720  2  2
    1.660    0.400    0.277   -0.125  247.500    0.1300    0.0678  250.0000  211.0000    0.9170  2  2
    1.660    0.400    0.277   -0.125  292.500    0.1480    0.0714  228.0000  187.0000    0.9290  2  2
    1.660    0.400    0.277   -0.125  337.500    0.2550    0.1120  101.0000   71.0000    0.9010  2  2
    1.660    0.400    0.277    0.125   22.500   -0.1110    0.0843  137.0000  160.0000    1.2300  2  2
    1.660    0.400    0.277    0.125   67.500   -0.2480    0.0619  234.0000  330.0000    1.3300  2  2
    1.660    0.400    0.277    0.125  112.500   -0.1010    0.0538  341.0000  391.0000    1.2700  2  2
    1.660    0.400    0.277    0.125  157.500    0.0086    0.0594  300.0000  296.0000    1.0800  2  2
