  1101   527.671     4.008    0.19   1
  1102   600.000   600.000    0.35   1
  1103   723.777    21.725    0.45   1
  1104   615.143    11.858    0.23   3
  1105   441.808   297.791    0.93   1
  1106   600.000   600.000    0.53   1
  1107   407.911NaN           0.83   1
  1108   343.021    44.370    1.10   1
  1109   575.589     0.603    1.08   1
  1110   449.171    19.463    0.76   1
  1111   501.498     6.133    0.60   2
  1112   620.460    31.439    1.06   1
  1113   781.873     1.140    0.48   3
  1114   443.819     7.564    0.75   2
  1115   669.280     4.685    1.32   2
  1116   472.092   170.293    1.69   1
  1117   530.845    11.778    0.97   2
  1118   539.004    22.273    1.32   1
  1119   600.000   600.000    1.80   1
  1120   558.229    24.466    0.87   2
  1121   483.137    94.690    1.41   1
  1122   503.396   106.499    1.61   1
  1123   641.905     3.863    3.39   1
  1124   520.176     1.494    0.89   3
  1125   720.978     2.280    1.00   3
  1126   776.090     1.991    2.07   1
  1127   343.599     0.738    3.32   1
  1128   790.714     2.440    0.92   3
  1129   800.458     2.991    0.91   3
  1130   726.613     1.008    0.67   3
  1131   754.803     2.329    1.02   3
  1132   335.230     5.390    1.62   2
  1133   749.186     2.304    0.87   3
  1134   780.807    11.209    1.40   2
  1135   793.375     2.745    1.07   3
  1136   764.000     2.231    0.74   3
  1137   790.812    12.492    1.23   2
  1138   763.747     2.282    3.72   1
  1139   759.503     8.332    1.02   2
  1140   310.953     8.179    0.26   3
  1141   683.558    98.953    0.37   1
  1142   225.847     1.248    0.73   3
  1143   621.883     2.261    1.16   3
  1144   693.856     1.291    0.79   3
  1145   349.305     0.232    1.22   3
  1146   567.434     1.304    1.12   3
  1147   604.143     2.343    0.77   3
  1148   606.973     0.358    0.88   3
  1201   401.774   211.677    0.25   1
  1202   590.774    22.397    0.12   3
  1203   691.843     2.037    0.18   3
  1204   625.196     2.101    0.49   1
  1205   600.000   600.000    0.50   2
  1206   655.946    24.673    0.94   1
  1207   656.163   135.897    0.45   2
  1208   600.000   600.000    0.52   2
  1209   609.470     8.176    0.32   3
  1210   486.631     6.026    0.50   2
  1211   356.554    70.135    0.97   1
  1212   592.556     9.110    0.47   3
  1213   514.927    15.478    1.19   1
  1214   557.024     1.414    0.63   3
  1215   656.929     3.682    0.63   3
  1216   679.827     1.414    0.65   3
  1217   620.235    19.362    0.45   3
  1218   724.138    35.250    0.63   3
  1219   824.738    23.481    1.79   1
  1220   671.434    85.773    0.81   2
  1221   630.154    69.924    1.84   1
  1222   325.959    34.556    0.81   3
  1223   712.075     1.936    1.60   3
  1224   631.446     0.583    1.73   2
  1225   681.475     1.355    0.96   3
  1226   586.736     0.993    0.81   3
  1227   474.299     0.738    1.51   3
  1228   501.402     0.689    0.98   3
  1229   264.628     0.243    3.56   1
  1230   677.637     0.578    2.00   1
  1231   674.746     0.894    0.73   3
  1232   676.490     1.132    1.03   3
  1233   332.851     0.748    1.35   3
  1234   573.843     3.068    1.46   2
  1235   738.600     0.751    3.68   1
  1236   611.903     0.774    1.32   3
  1237   313.545     0.390    9.46   1
  1238   191.158     4.118    1.05   1
  1239   319.738     0.652    3.63   1
  1240   612.517     0.588    2.93   3
  1241   209.582     1.111    3.32   1
  1242   549.573     0.415    2.00   3
  1243   357.200     0.842    2.22   3
  1244   555.559     1.255    3.18   3
  1245   587.678     2.072    0.99   3
  1246   649.455     1.730    2.79   3
  1247   621.310     1.543    1.69   3
  1248   586.834     1.208    5.81   1
  1301   673.025     6.378    0.27   1
  1302   845.735     2.131    0.49   1
  1303   803.691  1316.418    0.70   1
  1304   757.900     2.461    0.33   3
  1305   621.940    19.042    0.85   1
  1306   693.438    26.363    0.31   3
  1307   600.000   600.000    0.83   1
  1308   645.861     4.171    0.42   3
  1309   600.000   600.000    1.15   1
  1310   505.744     5.805    2.10   1
  1311   600.000   600.000    5.81   2
  1312   560.617    13.022    1.27   1
  1313   619.608     2.777    0.50   3
  1314   613.223     9.785    2.91   1
  1315   703.782    28.507    0.37   3
  1316   727.217    16.092    1.19   1
  1317   451.559    20.438    0.53   3
  1318   616.197     0.898    0.66   3
  1319   590.401    16.239    2.06   1
  1320   734.043    18.282    0.76   3
  1321   600.000   600.000    2.17   1
  1322   740.147     4.448    1.29   2
  1323   600.000   600.000    1.01   1
  1324   254.737     0.325    0.77   3
  1325   615.403     0.417    3.31   1
  1326   625.324     0.508    2.46   2
  1327   629.419     0.659    1.27   3
  1328   658.447     0.490    0.90   3
  1329   704.196     1.043    1.09   3
  1330   942.276     1.228    2.19   3
  1331   600.000   600.000    0.97   1
  1332   714.336     1.105    0.99   3
  1333   693.252     1.066    0.82   3
  1334   554.364     0.493    1.68   3
  1335   655.432     0.913    5.50   1
  1336   722.451     0.747    4.86   1
  1337   696.275     1.262    1.04   3
  1338   727.681     1.354    1.32   3
  1339   717.788     0.920    1.32   3
  1340   190.716     7.490    0.49   3
  1341   581.561     0.498    5.35   1
  1342   600.000   600.000    5.81   2
  1343   606.130     1.319    2.96   3
  1344   611.307     1.376    2.59   3
  1345   551.138     0.351    3.75   2
  1346   668.451     1.653    2.27   3
  1347   482.931     8.801    2.14   1
  1348   600.000   600.000    5.81   2
  1401   600.000   600.000    5.81   2
  1402   861.594     1.631    0.25   2
  1403   542.783     5.483    0.53   1
  1404   709.650   174.147    0.79   1
  1405   633.303     1.657    0.36   2
  1406   562.270     7.054    0.40   2
  1407   475.396    42.845    0.80   1
  1408   110.186   345.568    0.54   2
  1409   128.959   391.452    0.48   2
  1410   622.419    14.904    0.39   3
  1411   869.410   400.230    0.77   2
  1412   348.132   121.960    1.56   1
  1413   268.022NaN           1.29   1
  1414   604.591    12.767    0.54   3
  1415   534.717    68.332    1.72   1
  1416   310.977   136.809    1.59   1
  1417   645.184     2.937    1.60   1
  1418   600.000   600.000    0.58   3
  1419   158.832    37.452    1.54   1
  1420   536.766    89.844    0.90   2
  1421   637.710     0.758    0.66   3
  1422   600.000   600.000    2.07   1
  1423   563.621     4.582    1.89   2
  1424   788.435     1.513    2.28   1
  1425   487.044     1.558    0.90   3
  1426   703.004     2.171    0.68   3
  1427   538.626     1.778    1.10   3
  1428   792.367     2.436    2.85   1
  1429   783.747     2.629    0.77   3
  1430   694.291     1.403    0.82   3
  1431   733.883     2.069    1.01   3
  1432   716.178     2.620    1.16   3
  1433   726.195     2.317    1.08   3
  1434   710.063     1.333    0.88   3
  1435   670.904     1.846    2.12   1
  1436   804.027     1.308    2.93   1
  1437   696.901     2.317    1.00   3
  1438   490.413     3.158    1.39   2
  1439   652.658     1.293    1.97   1
  1440   367.886    12.157    0.39   3
  1441   557.209     1.806    1.23   3
  1442   213.445     4.303    0.32   3
  1443   621.801     2.419    1.25   3
  1444   523.615     2.605    2.38   1
  1445   514.540     2.104    1.13   3
  1446   585.833     3.669    1.74   2
  1447   548.088     1.729    0.62   3
  1448   637.381     1.767    0.68   3
  1501   619.924    37.453    0.43   1
  1502   600.000   600.000    5.81   2
  1503   564.605    85.111    0.63   1
  1504   479.052NaN           0.45   2
  1505   662.888     1.191    0.44   2
  1506   547.365NaN           0.44   2
  1507   600.000   600.000    1.17   1
  1508   663.006    14.796    0.34   3
  1509   433.037    33.321    1.16   1
  1510   585.030     8.258    0.37   3
  1511   656.307     9.881    1.52   1
  1512   600.000   600.000    1.59   1
  1513   655.735     5.691    0.55   3
  1514   747.490    13.405    1.37   1
  1515   574.519    19.171    1.70   1
  1516   486.272    20.719    0.56   3
  1517   557.741    16.137    0.61   3
  1518   574.703    42.788    0.62   3
  1519   648.790    23.467    0.53   3
  1520   600.000   600.000    0.52   1
  1521   554.037    25.668    2.08   1
  1522   477.487    45.397    2.05   1
  1523   741.617     2.615    3.33   1
  1524   575.240     0.454    5.62   1
  1525   668.025     1.117    1.65   3
  1526   598.405     0.782    6.45   1
  1527   641.781     0.662    2.09   3
  1528   691.699    10.450    5.38   1
  1529   704.139     1.175    1.22   3
  1530   673.646     0.788    2.99   2
  1531   651.286     0.915    2.08   3
  1532   690.468     2.771    4.47   1
  1533   600.000   600.000    5.81   2
  1534   568.277     0.509    2.73   3
  1535   692.190     1.220    2.43   3
  1536   596.639     1.223    2.77   3
  1537   580.059     0.721   10.19   1
  1538   718.309     0.929    2.21   3
  1539   581.790     0.271    3.04   3
  1540   184.581     7.618    0.58   3
  1541   183.411     4.344    0.73   2
  1542   168.217    12.813    1.12   1
  1543   577.066     1.603    2.62   3
  1544   299.604     0.701    2.53   1
  1545   629.298     0.686    3.32   3
  1546   642.620     2.400    7.53   1
  1547   547.992     1.216    4.42   1
  1548   600.000   600.000    5.81   2
  1601   600.000   600.000    5.81   2
  1602   643.349     1.226    0.43   1
  1603   801.785     3.801    0.70   1
  1604   491.093     2.448    0.62   1
  1605   684.575     1.670    0.24   3
  1606   505.252    36.273    0.70   1
  1607   536.590     3.539    0.65   2
  1608   637.753    43.580    0.55   2
  1609   642.203    29.810    0.91   1
  1610   600.000   600.000    0.71   2
  1611   573.750    53.487    1.64   1
  1612   642.090    14.184    0.41   3
  1613   601.660    20.525    0.69   2
  1614   600.520    23.027    1.40   1
  1615   432.008    47.541    1.48   1
  1616   481.011    44.435    1.54   1
  1617   118.371   180.623    1.76   1
  1618   600.000   600.000    0.57   3
  1619   597.553    13.413    0.61   3
  1620   271.279   105.189    2.30   1
  1621   506.759    33.705    2.09   1
  1622   688.090   120.638    1.71   1
  1623   600.000   600.000    5.81   2
  1624   196.738     3.822    1.60   2
  1625   617.615     0.603    1.36   3
  1626   691.422     1.280    1.39   3
  1627   647.155     6.109    3.42   2
  1628   637.639     1.261    1.96   3
  1629   689.625     4.641    2.42   2
  1630   247.579     4.812    1.00   1
  1631   512.889     0.245    2.59   3
  1632   666.108     0.771    6.97   1
  1633   542.005     0.755    2.73   3
  1634   351.298     0.493   11.38   1
  1635   728.314     0.772    7.44   1
  1636   740.542     1.863    1.24   3
  1637   709.018     1.679    2.16   3
  1638   687.592     0.102    2.16   3
  1639   722.409     0.982    2.21   3
  1640   618.730     0.749    7.56   1
  1641   624.222     0.823    9.22   1
  1642   596.614     0.936    2.29   3
  1643   550.868     0.966    3.66   3
  1644   619.418     7.365    4.60   2
  1645   582.263     1.460    8.03   1
  1646   581.242     1.174    8.22   1
  1647   609.687     1.737    1.83   3
  1648   600.000   600.000    5.81   2
