  1101   610.795     1.688    1.69   3
  1102   616.231     1.780    4.98   1
  1103   795.097     0.948    2.02   3
  1104   783.867     0.615    1.10   3
  1105   786.917     0.123    4.38   1
  1106   658.668     0.002    1.93   3
  1107   651.237     0.014    1.92   3
  1108   637.139     0.132    2.05   3
  1109   624.552     0.000    2.49   3
  1110   629.629     0.000    4.33   3
  1111   510.258     0.001    3.01   3
  1112   714.815     0.066    5.49   3
  1113   564.724     0.050    5.03   3
  1114   745.277     0.001    6.76   3
  1115   486.274     0.075   12.87   1
  1116   939.237     0.017    4.72   3
  1117   535.456     0.054    6.36   3
  1118   736.920     0.002    7.09   3
  1119   951.047     0.001    7.50   3
  1120   613.286     0.001    5.48   3
  1121   821.923     0.232   22.06   1
  1122   958.095     0.000    5.49   3
  1123   593.546     1.290    9.38   2
  1124   600.000   600.000    5.81   2
  1125   600.000   600.000    5.81   2
  1126   600.000   600.000    5.81   2
  1127   600.000   600.000    5.81   2
  1128   600.000   600.000    5.81   2
  1129   600.000   600.000    5.81   2
  1130   600.000   600.000    5.81   2
  1131   600.000   600.000    5.81   2
  1132   600.000   600.000    5.81   2
  1133   600.000   600.000    5.81   2
  1134   600.000   600.000    5.81   2
  1135   600.000   600.000    5.81   2
  1136   600.000   600.000    5.81   2
  1137   600.000   600.000    5.81   2
  1138   600.000   600.000    5.81   2
  1139   600.000   600.000    5.81   2
  1140   600.000   600.000    5.81   2
  1141   600.000   600.000    5.81   2
  1142   600.000   600.000    5.81   2
  1143   600.000   600.000    5.81   2
  1144   600.000   600.000    5.81   2
  1145   600.000   600.000    5.81   2
  1146   600.000   600.000    5.81   2
  1147   600.000   600.000    5.81   2
  1148   600.000   600.000    5.81   2
  1201   682.794     1.142    2.04   3
  1202   527.121     0.515    4.25   3
  1203   464.864     0.155    4.57   3
  1204   465.837     0.367    5.21   3
  1205  1255.916     1.244    4.70   3
  1206   388.090     0.139    8.58   3
  1207   585.980     0.021    6.49   3
  1208   620.224     0.333   22.34   1
  1209   651.285     0.001    6.07   3
  1210   676.274     0.001    6.42   3
  1211   838.822     0.384    7.04   3
  1212   844.082     0.002    6.55   3
  1213   857.520     0.172    8.60   3
  1214   781.516     0.012    7.76   3
  1215   837.732     0.389    8.69   3
  1216   643.347     0.000   14.10   3
  1217   757.163     0.002    8.43   3
  1218   660.172     0.001   31.15   1
  1219   910.998     0.002    8.22   3
  1220   705.463     0.232   75.10   1
  1221   651.418     0.046   24.44   3
  1222   929.894     0.348   17.57   1
  1223   739.029     0.450   54.70   2
  1224   310.370     1.402    0.70   3
  1225   558.913     2.777    0.66   3
  1226   497.970     2.666    0.64   3
  1227   352.343     1.794    0.73   3
  1228   326.865     1.825    0.85   3
  1229   263.236     1.817    0.46   3
  1230   789.530     4.659    1.04   3
  1231   656.326     4.097    1.11   3
  1232   677.904     4.159    1.09   3
  1233   293.905     1.850    0.67   3
  1234   606.713    16.236    1.09   2
  1235   477.436    11.036    1.67   2
  1236   339.354     1.821    1.05   3
  1237   222.536     1.477    0.59   3
  1238   203.238     2.304    0.19   3
  1239   210.253     2.037    0.95   1
  1240   546.072     0.896    0.81   3
  1241   175.937     1.254    1.39   1
  1242   389.340     1.778    4.08   1
  1243   470.120     1.420    5.67   1
  1244   522.473     2.456    5.43   1
  1245   619.739     1.959    0.48   3
  1246   357.306     2.928    0.61   3
  1247   502.072     5.659    0.81   2
  1248   521.343     1.818    0.61   3
  1301   647.964     0.941    1.45   3
  1302   506.151     0.422    4.40   3
  1303   428.208     0.245    6.25   3
  1304   461.489     0.071    6.84   3
  1305   626.430     0.256    3.43   3
  1306   309.695     0.329   28.61   1
  1307   725.112     0.019    3.75   3
  1308   566.301     0.002    8.27   3
  1309   673.032     0.000    6.74   3
  1310   703.778     0.004    6.22   3
  1311  1047.846  3086.544   11.65   1
  1312   573.220     0.292   16.08   3
  1313   702.044     0.000    9.73   3
  1314   661.283     0.009   11.63   3
  1315   787.321     0.142    8.84   3
  1316   949.209     0.185    6.53   2
  1317   710.524     0.003    9.84   3
  1318   851.058     0.279   38.64   1
  1319   670.709     0.003   19.78   3
  1320   818.903     0.001   22.40   3
  1321   832.853     0.160   23.74   3
  1322   955.773     0.000   24.29   1
  1323   181.108     0.071  106.50   1
  1324   600.000   600.000    5.81   2
  1325   600.000   600.000    5.81   2
  1326   600.000   600.000    5.81   2
  1327   600.000   600.000    5.81   2
  1328   600.000   600.000    5.81   2
  1329   600.000   600.000    5.81   2
  1330   600.000   600.000    5.81   2
  1331   600.000   600.000    5.81   2
  1332   600.000   600.000    5.81   2
  1333   600.000   600.000    5.81   2
  1334   600.000   600.000    5.81   2
  1335   600.000   600.000    5.81   2
  1336   600.000   600.000    5.81   2
  1337   600.000   600.000    5.81   2
  1338   600.000   600.000    5.81   2
  1339   600.000   600.000    5.81   2
  1340   600.000   600.000    5.81   2
  1341   600.000   600.000    5.81   2
  1342   600.000   600.000    5.81   2
  1343   600.000   600.000    5.81   2
  1344   600.000   600.000    5.81   2
  1345   600.000   600.000    5.81   2
  1346   600.000   600.000    5.81   2
  1347   600.000   600.000    5.81   2
  1348   600.000   600.000    5.81   2
  1401   749.600     2.553    2.18   3
  1402   648.151     0.003    1.60   3
  1403   623.272     1.029    1.06   3
  1404   563.902     0.595    2.23   3
  1405   626.903     0.043    2.04   3
  1406   554.673     0.002    3.13   3
  1407   575.149     0.513    2.84   3
  1408   536.111     0.048    3.20   3
  1409   748.447     0.016    5.49   3
  1410   761.290     0.475    5.88   3
  1411   422.018     0.001    2.88   3
  1412   697.722     0.008    6.76   3
  1413   662.195     0.000    6.37   3
  1414   744.329     0.000    7.76   3
  1415   804.354     0.000   10.73   3
  1416   715.947     0.001    7.90   3
  1417   583.534     0.599   18.82   1
  1418   641.676     0.233    8.16   3
  1419   707.750     0.000    7.64   3
  1420   851.883     1.007   22.16   1
  1421   882.897     1.488   11.35   2
  1422   733.519     0.135   33.12   1
  1423   498.185     0.001    6.38   3
  1424   600.000   600.000    5.81   2
  1425   600.000   600.000    5.81   2
  1426   600.000   600.000    5.81   2
  1427   600.000   600.000    5.81   2
  1428   600.000   600.000    5.81   2
  1429   600.000   600.000    5.81   2
  1430   600.000   600.000    5.81   2
  1431   600.000   600.000    5.81   2
  1432   600.000   600.000    5.81   2
  1433   600.000   600.000    5.81   2
  1434   600.000   600.000    5.81   2
  1435   600.000   600.000    5.81   2
  1436   600.000   600.000    5.81   2
  1437   600.000   600.000    5.81   2
  1438   600.000   600.000    5.81   2
  1439   600.000   600.000    5.81   2
  1440   600.000   600.000    5.81   2
  1441   600.000   600.000    5.81   2
  1442   600.000   600.000    5.81   2
  1443   600.000   600.000    5.81   2
  1444   600.000   600.000    5.81   2
  1445   600.000   600.000    5.81   2
  1446   600.000   600.000    5.81   2
  1447   600.000   600.000    5.81   2
  1448   600.000   600.000    5.81   2
  1501   629.654     0.766    1.62   3
  1502   600.000   600.000    5.81   2
  1503   701.227     0.032    2.97   3
  1504   547.260     0.313    5.73   3
  1505   599.239     0.001    4.59   3
  1506   717.495     0.003    4.24   3
  1507   621.638     0.001    6.36   3
  1508   520.481     0.044    8.75   3
  1509   740.482     0.535    6.55   3
  1510   688.855     0.001    6.99   3
  1511   677.213     0.332    7.60   3
  1512   750.242     0.002    8.03   3
  1513   689.013     0.070    8.28   3
  1514   904.336     0.204    7.91   3
  1515   609.181     0.001    9.68   3
  1516   885.073     0.003    7.98   3
  1517   827.369     0.034   12.25   3
  1518   801.679     0.001   14.00   3
  1519   645.466     0.261   13.95   3
  1520   273.470     0.110  113.19   1
  1521   766.765     0.264  101.63   1
  1522   940.978     0.262   19.13   1
  1523   639.943     0.046   68.00   2
  1524   600.000   600.000    5.81   2
  1525   600.000   600.000    5.81   2
  1526   600.000   600.000    5.81   2
  1527   600.000   600.000    5.81   2
  1528   600.000   600.000    5.81   2
  1529   600.000   600.000    5.81   2
  1530   600.000   600.000    5.81   2
  1531   600.000   600.000    5.81   2
  1532   600.000   600.000    5.81   2
  1533   600.000   600.000    5.81   2
  1534   600.000   600.000    5.81   2
  1535   600.000   600.000    5.81   2
  1536   600.000   600.000    5.81   2
  1537   600.000   600.000    5.81   2
  1538   600.000   600.000    5.81   2
  1539   600.000   600.000    5.81   2
  1540   600.000   600.000    5.81   2
  1541   600.000   600.000    5.81   2
  1542   600.000   600.000    5.81   2
  1543   600.000   600.000    5.81   2
  1544   600.000   600.000    5.81   2
  1545   600.000   600.000    5.81   2
  1546   600.000   600.000    5.81   2
  1547   600.000   600.000    5.81   2
  1548   600.000   600.000    5.81   2
  1601   600.000   600.000    5.81   2
  1602   647.514     0.056    2.10   3
  1603   467.373     0.412    7.96   3
  1604   622.056     0.019    3.89   3
  1605   628.871     0.006    4.28   3
  1606   611.277     0.004    3.80   3
  1607   788.456     0.002    4.77   3
  1608   789.651     0.431    5.81   3
  1609   759.676     0.002    6.54   3
  1610   724.960     0.013    6.77   3
  1611   797.405     0.007    7.77   3
  1612   666.141     0.005    8.23   3
  1613   727.558     0.001    9.46   3
  1614   688.095     0.001   10.08   3
  1615   796.349     0.001   28.54   1
  1616   621.697     0.150    8.62   3
  1617   757.410     0.204   11.44   3
  1618   706.310     0.000   11.06   3
  1619   866.757     0.005   11.92   3
  1620   715.341     0.419   90.62   1
  1621   840.811     1.798   19.35   2
  1622   977.218     0.304   17.69   1
  1623   600.000   600.000  239.59   3
  1624   600.000   600.000    5.81   2
  1625   600.000   600.000    5.81   2
  1626   600.000   600.000    5.81   2
  1627   600.000   600.000    5.81   2
  1628   600.000   600.000    5.81   2
  1629   600.000   600.000    5.81   2
  1630   600.000   600.000    5.81   2
  1631   600.000   600.000    5.81   2
  1632   600.000   600.000    5.81   2
  1633   600.000   600.000    5.81   2
  1634   600.000   600.000    5.81   2
  1635   600.000   600.000    5.81   2
  1636   600.000   600.000    5.81   2
  1637   600.000   600.000    5.81   2
  1638   600.000   600.000    5.81   2
  1639   600.000   600.000    5.81   2
  1640   600.000   600.000    5.81   2
  1641   600.000   600.000    5.81   2
  1642   600.000   600.000    5.81   2
  1643   600.000   600.000    5.81   2
  1644   600.000   600.000    5.81   2
  1645   600.000   600.000    5.81   2
  1646   600.000   600.000    5.81   2
  1647   600.000   600.000    5.81   2
  1648   600.000   600.000    5.81   2
