  2101        -0.540         0.023         0.002         0.018         0.046         0.017         5.212   2
  2102        -0.615         0.725         1.940         3.992        -6.597        23.177         0.230   2
  2103        -0.311         0.020         0.004         0.007         0.852         0.033         0.265   2
  2104         0.165         0.208         1.052         0.554        -3.999         4.282         0.440   2
  2105        -0.930         0.450         0.446         0.304         1.430         0.667         0.295   3
  2106         1.130         0.305        11.759        55.340        -6.456        85.565         0.530   2
  2107        -0.090         0.007         0.895         1.316         0.369         4.120         0.473   3
  2108        -0.069        34.806         0.001         1.986         1.508         2.015         0.727   2
  2109        -0.270         0.020         1.056         0.223        -3.533         1.719         1.515   1
  2110         0.067         0.076         0.221         0.066         1.423         0.096         0.614   3
  2111        -0.198         0.014         0.726         0.167        -0.253         0.935         1.238   2
  2112        -0.028         0.072         0.293         0.087         1.386         0.103         0.850   3
  2113        -0.126         0.016         0.879         0.386         0.491         1.050         0.538   3
  2114         0.076         0.061         0.353         0.122         1.227         0.137         0.788   3
  2115        -0.663         0.128         0.258         0.044         1.411         0.151         0.890   3
  2116        -0.147         0.027         0.202         0.034         1.054         0.040         0.717   3
  2117        -0.856         0.097         0.288         0.057         1.241         0.088         0.742   3
  2118        -0.226         0.022         0.212         0.024         0.992         0.045         0.846   3
  2119        -0.138         0.028         0.372         0.047         1.027         0.086         0.728   3
  2120        -0.145         0.017         0.132         0.013         1.186         0.023         0.773   3
  2121        -0.199         0.016         0.136         0.013         1.133         0.022         0.517   3
  2122        -0.095         0.013         0.115         0.013         1.508         0.018         0.992   3
  2123        -0.089         0.005         0.072         0.004         1.549         0.006         0.936   3
  2124        -0.492         0.004         0.080         0.003         1.203         0.004         0.813   3
  2125         1.713         0.050         0.078         0.003         1.061         0.050         0.667   2
  2126         0.028         0.002         0.079         0.002         0.962         0.004         1.071   3
  2127         0.806         0.004         0.152         0.003         0.771         0.007         3.416   3
  2128        -0.268         0.002         0.082         0.002         0.977         0.004         1.271   3
  2129         0.113         0.002         0.075         0.001         0.930         0.003         1.269   3
  2130         0.932         0.005         0.074         0.002         0.893         0.005         0.646   3
  2131        -0.548         0.002         0.081         0.002         0.955         0.003         0.931   3
  2132        -1.423         0.061         0.119         0.003         0.902         0.062         1.541   2
  2133         0.417         0.002         0.073         0.001         0.684         0.003         0.722   3
  2134        -0.146         1.000         0.013         1.000         0.803         1.000        47.102   2
  2135         0.369         0.002         0.073         0.001         0.875         0.003         1.322   3
  2136        -0.192         0.002         0.072         0.001         0.913         0.003         0.739   3
  2137         1.784         0.706         0.089         0.003         0.894         0.706         0.876   3
  2138         0.048         0.002         0.078         0.001         0.691         0.003         7.234   3
  2139        -0.059         0.002         0.071         0.001         0.812         0.003         1.236   3
  2140         1.386         0.104         0.017         0.211        -0.062         0.971        10.311   1
  2141         0.000         1.414         1.000         1.414         1.000         1.414        10.309   1
  2142        -1.903         0.060         0.088         0.003         0.618         0.060         1.355   2
  2143        -0.343         0.002         0.068         0.001         0.792         0.003         0.765   3
  2144         0.930         0.006         0.087         0.002         0.917         0.006         0.663   3
  2145        -1.964         0.058         0.094         0.003         0.587         0.058         0.424   2
  2146         0.114         0.003         0.097         0.002         0.996         0.005         1.033   3
  2147         0.457         0.007         0.136         0.007         1.189         0.010         1.007   3
  2148        -0.081         0.008         0.174         0.008         1.404         0.013         0.893   3
  2201        -0.378         0.011         0.571         1.311        -2.194         8.911         0.114   2
  2202         0.990         0.022         1.645         1.731        -5.423        10.382         0.548   1
  2203         0.882         0.291         0.393         0.739         1.884         0.744         0.803   1
  2204         0.703         0.018         0.875         0.506        -2.780         3.905         0.343   2
  2205        -1.489         0.835         0.503         1.190         0.803         1.760         0.368   1
  2206        -0.157         0.012         0.000         0.000         1.545         0.013         0.764   2
  2207        -0.054         0.010         1.532         0.512        -5.076         3.585         1.355   1
  2208         0.198         0.088         6.330         9.841        -9.454        35.126         0.908   2
  2209        -0.535         0.182         1.112         1.012         0.192         3.809         0.624   3
  2210        -0.046         0.068         0.198         0.085         1.421         0.076         0.628   3
  2211        -0.118         0.145         2.269         0.922        -5.832         7.279         2.465   1
  2212        -0.993         0.040         2.601         0.699        -7.054         6.078         1.928   1
  2213         0.049         0.051         0.275         0.069         1.181         0.074         0.812   3
  2214         0.075         0.066         0.529         0.233         1.018         0.424         0.992   3
  2215        -0.010         0.060         0.206         0.363         1.677         0.072         0.672   3
  2216         0.197         0.045         1.339         0.225        -3.424         2.602         1.547   2
  2217        -0.135         0.075         1.766         0.338        -4.827         3.797         2.498   1
  2218        -0.432         0.047         0.169         0.039         1.356         0.044         0.837   3
  2219        -0.082         0.030         0.180         0.035         1.409         0.036         0.524   3
  2220        -0.024         0.026         0.168         0.026         1.354         0.042         0.992   3
  2221        -0.264         0.026         0.204         0.025         1.301         0.038         0.699   3
  2222        -0.301         0.015         0.115         0.008         1.513         0.016         0.906   3
  2223        -0.057         0.005         0.102         0.005         1.666         0.005         0.461   3
  2224         1.018         0.015         0.069         0.002         0.942         0.015         0.546   3
  2225        -0.248         0.002         0.071         0.001         1.132         0.002         0.629   3
  2226         0.355         0.001         0.071         0.001         0.867         0.002         0.748   3
  2227         0.373         0.001         0.066         0.001         0.957         0.002         1.022   3
  2228         0.951         0.006         0.073         0.001         0.949         0.006         0.841   3
  2229         1.361         0.019         0.131         0.002         0.751         0.020         1.601   3
  2230        -0.118         0.001         0.073         0.001         1.015         0.002         0.684   3
  2231         0.277         0.001         0.062         0.001         1.002         0.002         0.617   3
  2232         0.071         0.001         0.064         0.001         0.972         0.002         1.255   3
  2233         0.966         0.002         0.108         0.002         0.507         0.003         9.069   3
  2234         0.224         0.001         0.062         0.001         0.922         0.002         1.133   3
  2235         0.149         0.001         0.059         0.001         0.786         0.002         1.009   3
  2236         0.419         0.001         0.066         0.001         0.895         0.002         1.469   3
  2237        -0.549         0.001         0.060         0.001         0.817         0.002        21.659   3
  2238        -1.819         0.078         0.086         0.004         0.656         0.078         1.354   2
  2239         1.788         0.004         0.180         0.002         0.602         0.004         1.992   3
  2240         0.234         0.001         0.062         0.001         0.814         0.002         0.730   3
  2241         1.917         0.043         0.182         0.002         0.818         0.043         2.587   2
  2242        -0.267         0.001         0.071         0.001         0.914         0.002         1.052   3
  2243         0.972         0.003         0.151         0.002         0.654         0.004         4.549   3
  2244        -0.251         0.002         0.078         0.001         0.980         0.002         0.934   3
  2245        -0.225         0.005         0.080         0.002         0.541         0.005         7.117   3
  2246         0.070         0.002         0.085         0.001         0.832         0.003         0.892   3
  2247         0.497         0.008         0.152         0.005         1.315         0.009         0.894   3
  2248        -0.015         0.004         0.126         0.003         1.055         0.006         1.002   3
  2301         1.746         0.026         1.473         2.438        -5.318        14.449         0.309   1
  2302        -1.450         0.068         1.333         1.478        -4.631         8.875         0.404   1
  2303         1.565         0.015         1.679         0.828        -5.050         8.861         0.715   1
  2304        -0.441         0.119         0.613         0.341        -0.211         1.649         0.451   2
  2305        -0.196         0.037         1.930         1.227        -5.341         7.362         1.250   1
  2306         0.897         0.072         0.176         0.078         0.627         0.105         0.307   3
  2307         0.630         0.069         5.090         6.043         0.467         1.245         0.508   3
  2308        -0.606         0.174         2.025         0.771        -6.747         4.796         1.939   1
  2309         1.135         0.246         0.822         2.466         3.261         1.267         0.549   3
  2310         0.523         0.014         1.729         0.389        -4.249         2.076         2.282   1
  2311         0.000         1.414         1.000         1.414         1.000         1.414        10.309   1
  2312         0.046         0.082         1.458         0.266        -4.431         2.126         2.344   1
  2313         0.246         0.183         0.511         0.523         1.481         0.288         0.864   3
  2314        -0.270         0.040         0.389         0.092         0.875         0.194         0.873   3
  2315         1.002         0.310         0.329         0.050         1.544         0.334         0.663   3
  2316        -0.447         0.040         0.232         0.049         0.955         0.109         0.590   3
  2317        -0.004         0.035         0.184         0.062         1.423         0.076         0.864   3
  2318         0.232         0.016         0.102         0.015         1.178         0.022         0.695   3
  2319         0.153         0.024         0.206         0.024         1.220         0.038         0.695   3
  2320        -0.014         0.033         0.290         0.030         1.077         0.066         1.112   3
  2321         0.324         0.018         0.196         0.018         1.111         0.032         0.730   3
  2322         0.083         0.011         0.117         0.010         1.315         0.017         0.587   3
  2323         1.774         0.220         0.106         0.013         2.841         0.221         2.299   2
  2324        -1.447         0.025         0.206         0.003         0.804         0.028         3.405   3
  2325        -0.575         0.001         0.075         0.001         0.800         0.002         0.750   3
  2326        -0.235         0.001         0.071         0.001         0.850         0.002         1.176   3
  2327         0.117         0.001         0.077         0.001         0.944         0.002         1.074   3
  2328         0.087         0.001         0.076         0.001         0.805         0.002         0.778   3
  2329         0.154         0.001         0.069         0.001         0.891         0.002         1.243   3
  2330         2.181         0.026         0.101         0.003         0.466         0.026         0.744   2
  2331        -1.057         0.012         0.056         0.006         0.630         0.018         1.961   3
  2332        -0.191         0.001         0.065         0.001         0.877         0.002         0.676   3
  2333         0.371         0.001         0.073         0.001         0.942         0.002         0.895   3
  2334        -1.242         0.005         0.060         0.001         0.656         0.005         0.593   3
  2335        -0.308         0.001         0.057         0.001         0.805         0.002         0.824   3
  2336        -0.114         0.001         0.061         0.001         0.810         0.002         1.025   3
  2337        -0.007         0.001         0.070         0.001         0.917         0.002         1.030   3
  2338        -0.578         0.001         0.067         0.001         0.769         0.002         0.555   3
  2339        -0.189         0.001         0.063         0.001         0.917         0.002         0.945   3
  2340        -1.804         0.110         0.140         0.006         0.726         0.110         1.663   2
  2341        -0.792         0.002         0.075         0.001         0.871         0.002         0.915   3
  2342         0.000         1.414         1.000         1.414         1.000         1.414        10.309   1
  2343         0.149         0.002         0.066         0.001         0.914         0.002         0.625   3
  2344        -0.144         0.002         0.078         0.001         1.064         0.003         0.884   3
  2345        -0.890         0.014         0.086         0.002         1.081         0.014         0.793   3
  2346        -0.003         0.002         0.096         0.002         1.056         0.003         0.775   3
  2347         1.782         0.148         0.286         0.007         2.060         0.148         2.002   2
  2348         0.000         1.414         1.000         1.414         1.000         1.414        10.309   1
  2401         0.000         1.414         1.000         1.414         1.000         1.414        10.309   1
  2402         0.243         0.322         1.269         1.058        -3.852        10.000         0.363   2
  2403         0.358         0.376         0.257         0.314         1.598         0.420         0.260   3
  2404         1.059         2.102         0.002         0.645         2.039         4.257         0.351   2
  2405         0.479         2.575         6.074        22.082         0.072        29.627         0.484   2
  2406        -0.338         1.783         0.001         0.033         1.357         1.749         0.524   2
  2407        -0.774         0.074         2.338         0.872        -6.781         5.499         1.693   1
  2408         0.051         0.125         0.604         0.376         1.174         0.514         0.582   3
  2409         1.530         0.175         0.334         0.140         2.036         0.261         0.571   3
  2410         0.168         0.098         1.560         0.331        -5.423         2.934         2.143   1
  2411         1.618         1.309         0.207         0.125         2.873         1.307         1.265   2
  2412         0.486         0.003         0.902         0.072        -2.589         0.591         2.641   1
  2413        -0.022         0.045         0.336         0.074         1.142         0.112         0.764   3
  2414        -1.474         0.038        -0.155         0.040         0.272         0.046         0.747   3
  2415        -1.854         0.038        -1.601         0.326         0.958         0.520         3.081   1
  2416        -0.072         0.036         0.307         0.044         1.161         0.080         0.972   3
  2417        -0.045         0.030         0.391         0.051         0.868         0.134         0.999   3
  2418         0.040         0.021         0.241         0.021         0.839         0.057         0.771   3
  2419         0.177         0.017         0.146         0.017         1.178         0.029         0.621   3
  2420         0.068         0.031         0.338         0.057         1.374         0.069         0.732   3
  2421        -0.005         0.014         0.120         0.014         1.400         0.024         0.845   3
  2422         0.158         0.010         0.122         0.010         1.177         0.022         0.969   3
  2423         0.267         0.004         0.105         0.003         1.035         0.007         0.702   3
  2424        -0.195         0.003         0.090         0.002         1.108         0.004         0.991   3
  2425        -0.503         1.751         0.046         1.751         0.900         1.751        21.383   2
  2426         0.785         0.003         0.072         0.002         0.904         0.003         0.905   3
  2427         0.137         0.002         0.074         0.002         0.941         0.003         1.295   3
  2428         1.671         0.043         0.081         0.003         1.076         0.043         0.856   2
  2429         0.114         0.002         0.075         0.001         0.924         0.003         0.823   3
  2430        -0.037         0.002         0.086         0.001         0.881         0.003         1.138   3
  2431        -0.470         0.002         0.079         0.002         0.980         0.003         0.886   3
  2432        -0.001         0.002         0.069         0.001         0.720         0.003         1.046   3
  2433         0.415         0.002         0.072         0.001         0.957         0.003         1.237   3
  2434        -0.924         0.008         0.078         0.003         0.965         0.007         0.642   3
  2435        -0.495         0.002         0.082         0.001         0.776         0.003         1.132   3
  2436         0.181         0.002         0.074         0.002         0.937         0.003         1.076   3
  2437        -0.556         0.002         0.072         0.001         0.801         0.003         0.719   3
  2438        -0.974         0.003         0.088         0.002         0.749         0.004         0.737   3
  2439         0.494         0.002         0.082         0.002         0.845         0.003         0.858   3
  2440         0.000         1.414         1.000         1.414         1.000         1.414        10.309   1
  2441        -0.378         0.002         0.065         0.001         0.886         0.003         0.919   3
  2442        -3.233     15505.275        -0.042         0.936        -0.570        70.092         2.758   2
  2443        -0.277         0.002         0.071         0.002         0.895         0.003         1.074   3
  2444        -0.586         0.007         0.097         0.003         1.242         0.006         0.811   3
  2445         0.425         0.003         0.086         0.002         0.879         0.004         0.847   3
  2446         0.198         0.003         0.095         0.002         1.096         0.005         0.630   3
  2447         1.136         0.024         0.162         0.007         0.914         0.026         0.666   3
  2448         0.542         0.014         0.142         0.007         1.328         0.015         1.025   3
  2501       470.417     38245.020      4753.569    638655.438       793.888     60670.492         0.188   2
  2502         0.000         1.414         1.000         1.414         1.000         1.414        10.309   1
  2503         0.168         0.088         1.012         0.427        -3.395         3.241         0.801   1
  2504         0.681         0.055         0.000         0.031         1.378         0.117         1.107   1
  2505        -0.306         0.042         1.663         1.686        -0.196         5.148         0.551   2
  2506         0.306         0.019         0.483         0.296         0.561         0.872         0.491   3
  2507        13.431        54.764        16.059        44.163       -17.960       109.523         0.911   2
  2508         1.170         0.014         1.668         5.248         1.833         8.531         0.673   3
  2509        -0.145         0.127         0.836         0.757         0.653         1.881         0.695   3
  2510         0.082         0.090         0.535         0.239         1.151         0.308         0.784   3
  2511         0.031         0.026         0.005         0.030         1.533         0.017         0.912   3
  2512         0.018         0.012         1.511         0.215        -4.253         1.993         1.897   1
  2513         0.445         0.052         0.538         0.107         0.886         0.244         0.596   3
  2514         0.047         0.044         0.294         0.055         1.387         0.062         0.901   3
  2515         0.197         0.024         0.154         0.030         1.239         0.042         0.732   3
  2516         0.258         0.020         0.176         0.028         1.065         0.052         0.840   3
  2517        -0.098         0.021         0.219         0.020         1.168         0.039         0.694   3
  2518         0.169         0.017         0.172         0.022         1.098         0.047         0.797   3
  2519         0.005         0.014         0.153         0.016         1.094         0.032         0.881   3
  2520         0.000         1.414         1.000         1.414         1.000         1.414        10.309   1
  2521        -0.075         0.013         0.160         0.012         1.194         0.026         0.882   3
  2522         0.159         0.006         0.084         0.004         1.239         0.008         0.876   3
  2523         0.143         0.005         0.107         0.004         1.581         0.005         0.711   3
  2524         0.473         0.002         0.068         0.001         1.093         0.002         1.035   3
  2525         0.146         0.001         0.069         0.001         0.823         0.002         1.001   3
  2526         0.475         0.001         0.070         0.001         0.914         0.002         0.789   3
  2527        -0.138         0.001         0.073         0.001         0.900         0.002         1.130   3
  2528         0.434         0.001         0.080         0.001         0.895         0.002         1.042   3
  2529         0.373         0.001         0.077         0.001         0.903         0.002         0.658   3
  2530        -0.356         0.001         0.063         0.001         0.906         0.002         0.717   3
  2531        -0.347         0.001         0.066         0.001         0.881         0.002         0.814   3
  2532         0.327         0.002         0.097         0.001         0.720         0.003        10.419   3
  2533         0.000         1.414         1.000         1.414         1.000         1.414        10.309   1
  2534        -0.052         0.001         0.063         0.001         0.833         0.002         0.950   3
  2535        -0.396         0.001         0.059         0.001         0.787         0.002         0.841   3
  2536         1.104         0.009         0.067         0.001         0.835         0.009         0.493   3
  2537        -0.086         0.001         0.060         0.001         0.904         0.002         1.161   3
  2538         0.059         0.001         0.065         0.001         0.743         0.002         0.985   3
  2539         1.093         0.004         0.076         0.001         0.790         0.004         0.736   3
  2540        -1.654         0.041         0.272         0.006         0.673         0.071         7.044   3
  2541        -6.507         6.063        -0.508         0.027        -3.884         0.988        13.681   2
  2542        -1.006         0.019         0.058         0.006         0.853         0.020         0.548   3
  2543        -0.401         0.003         0.097         0.001         0.783         0.004         6.279   3
  2544        -0.315         0.002         0.060         0.002         1.284         0.003         8.022   3
  2545         1.792         0.457         0.080         0.002         0.862         0.457         0.345   3
  2546         0.359         0.002         0.093         0.002         0.886         0.003         0.874   3
  2547         0.356         0.004         0.140         0.004         1.073         0.007         0.756   3
  2548         0.000         1.414         1.000         1.414         1.000         1.414        10.309   1
  2601         0.000         1.414         1.000         1.414         1.000         1.414        10.309   1
  2602        -1.566         0.012         1.354         1.059        -4.406         6.276         0.586   1
  2603        -1.170        32.837         0.001         0.453         1.216        32.837         0.217   2
  2604        -0.414         0.008         1.269         0.617        -3.557         3.542         1.051   1
  2605        -0.270         0.008         1.442         0.666        -3.439         7.463         0.652   2
  2606        -0.740         0.044         3.068         2.387        -6.867        15.857         0.720   2
  2607        -0.302         0.223         0.629         0.591         1.208         0.685         0.624   3
  2608        -2.346         2.048         0.275         0.146         2.478         2.048         0.611   2
  2609        -0.367         0.155         0.821         0.661         0.781         1.451         0.670   3
  2610        -0.483         0.126         2.028         0.534        -6.111         3.945         2.469   1
  2611         0.057         0.133         1.573         0.727         0.303         1.855         1.253   2
  2612        -1.848         0.484        -0.067         0.035         0.354         0.484         0.872   3
  2613         0.007         0.036         0.270         0.051         1.316         0.059         0.500   3
  2614         0.008         0.048         0.385         0.093         1.412         0.086         0.717   3
  2615        -0.028         0.028         0.213         0.029         1.223         0.051         0.821   3
  2616         0.007         0.021         0.204         0.022         0.994         0.051         0.697   3
  2617        -0.133         0.024         0.269         0.031         1.122         0.053         0.598   3
  2618         0.036         0.015         0.121         0.012         1.069         0.021         1.022   3
  2619        -0.112         0.019         0.211         0.020         1.225         0.036         0.883   3
  2620         0.071         0.015         0.163         0.012         1.139         0.027         0.768   3
  2621        -0.110         0.014         0.201         0.012         1.110         0.024         0.717   3
  2622        -0.428         0.009         0.131         0.008         1.082         0.012         1.485   3
  2623         0.000         1.414         1.000         1.414         1.000         1.414        10.309   1
  2624        -1.961         0.066         0.159         0.004         0.539         0.066         2.311   2
  2625         0.334         0.002         0.080         0.001         0.816         0.002         0.599   3
  2626        -0.663         0.001         0.070         0.001         0.809         0.002         0.686   3
  2627        -0.320         0.001         0.072         0.001         0.856         0.002         0.752   3
  2628         0.876         0.002         0.068         0.001         0.908         0.002         0.653   3
  2629        -0.173         0.001         0.066         0.001         0.919         0.002         0.838   3
  2630         1.495         0.095         0.005         0.038         0.006         0.100         5.175   2
  2631         0.144         0.001         0.068         0.001         0.980         0.002         1.058   3
  2632        -0.490         0.001         0.065         0.001         0.692         0.002         0.964   3
  2633         1.088         0.002         0.060         0.001         0.711         0.002         0.574   3
  2634         2.002         0.021         0.048         0.001         0.946         0.021         0.316   2
  2635        -0.092         0.001         0.062         0.001         0.765         0.002         1.097   3
  2636        -0.005         0.002         0.099         0.001         0.659         0.003         9.498   3
  2637        -0.024         0.001         0.075         0.001         0.773         0.002         1.090   3
  2638        -0.705         0.001         0.060         0.001         0.771         0.002         0.690   3
  2639        -0.248         0.001         0.064         0.001         0.872         0.002         0.723   3
  2640        -0.169         0.001         0.062         0.001         0.839         0.002         0.871   3
  2641        -0.205         0.001         0.067         0.001         0.838         0.002         0.734   3
  2642        -0.621         0.002         0.067         0.001         0.959         0.002         0.634   3
  2643        -0.224         0.002         0.064         0.001         0.891         0.002         0.874   3
  2644         0.319         0.002         0.080         0.002         1.120         0.003         0.804   3
  2645        -1.205         0.082         0.093         0.002         0.946         0.083         0.367   3
  2646        -0.018         0.002         0.088         0.002         0.794         0.003         0.939   3
  2647        -0.374         0.007         0.100         0.004         1.424         0.007         0.885   3
  2648         0.000         1.414         1.000         1.414         1.000         1.414        10.309   1
