  2101         0.739         0.020         3.582        13.711        -8.078        61.045         0.159   2
  2102        15.484      3355.102       418.141      9955.872       104.919      3552.061         0.255   2
  2103        -1.386         0.010         1.214         0.641        -3.177         2.758         0.564   1
  2104         1.335         1.335         0.001         0.001         2.527         1.338         0.431   2
  2105        -0.018         4.816         0.655         4.320         0.815         2.456         0.531   2
  2106        -0.946         0.068         2.447         1.784        -5.879         7.636         1.014   1
  2107        -0.005         0.214         0.482         0.463         1.390         0.430         0.435   3
  2108         0.019         0.014         1.664         0.741        -0.596         0.052         0.639   3
  2109        -0.234         0.034         1.874         0.778        -4.414         6.772         1.966   1
  2110         0.467         6.068         0.001         0.391         1.972         1.823         1.063   2
  2111        -0.551         0.116         0.308         0.098         1.326         0.140         0.569   3
  2112        -0.011         0.231         0.000         0.201         1.658         5.118         1.002   2
  2113         0.073         0.097         0.352         0.133         1.605         0.141         0.749   3
  2114        -0.448         0.085         0.632         0.285         0.631         0.840         0.949   3
  2115        -2.303         0.717         0.175         0.048         3.297         0.717         0.840   2
  2116        -0.175         0.043         0.314         0.070         0.877         0.120         0.972   3
  2117        -0.550         0.036         0.092         0.031         1.171         0.035         0.614   3
  2118        -0.249         0.029         0.301         0.039         0.924         0.083         0.831   3
  2119        -0.057         0.037         0.259         0.052         1.426         0.059         0.929   3
  2120        -0.179         0.022         0.157         0.019         1.160         0.028         0.836   3
  2121        -0.150         0.019         0.156         0.015         1.104         0.033         0.669   3
  2122        -0.088         0.011         0.084         0.013         1.533         0.017         1.028   3
  2123        -0.073         0.007         0.110         0.007         1.535         0.008         0.831   3
  2124        -0.485         0.004         0.082         0.003         1.190         0.005         0.617   3
  2125         1.720         0.055         0.077         0.003         1.071         0.055         0.629   2
  2126         0.028         0.003         0.082         0.002         0.954         0.004         0.869   3
  2127         0.826         0.005         0.144         0.003         0.782         0.007         2.970   3
  2128        -0.266         0.003         0.079         0.002         0.975         0.004         0.855   3
  2129         0.119         0.003         0.079         0.002         0.930         0.004         0.789   3
  2130         0.932         0.005         0.077         0.002         0.882         0.005         0.553   3
  2131        -0.540         0.003         0.077         0.002         0.959         0.004         1.029   3
  2132        -7.875         0.068         0.119         0.003         7.359         0.068         1.391   2
  2133         0.000         0.000         0.005         0.639         0.997         0.000       100.496   2
  2134        -0.114         0.000         0.000         0.000         0.803         0.001        28.920   2
  2135         0.361         0.002         0.076         0.002         0.865         0.004         1.095   3
  2136        -0.202         0.002         0.073         0.002         0.914         0.004         0.927   3
  2137         1.746         0.017         0.100         0.003         0.863         0.020         0.757   3
  2138         0.046         0.002         0.083         0.001         0.679         0.003         5.880   3
  2139        -0.064         0.002         0.076         0.001         0.799         0.003         0.959   3
  2140        -0.013         0.002         0.072         0.002         0.793         0.003         1.101   3
  2141        -0.427         0.003         0.093         0.002         0.887         0.004         0.540   3
  2142        -0.129         0.003         0.078         0.002         0.980         0.004         0.897   3
  2143        -0.055         0.004         0.112         0.002         0.902         0.006         1.413   3
  2144         0.000         1.414         1.000         1.414         1.000         1.414        10.309   1
  2145         1.582         0.159         0.201         0.005         0.889         0.166         0.928   3
  2146        -0.599         0.003         0.095         0.003         0.850         0.005         0.721   3
  2147         0.146         0.007         0.161         0.006         1.316         0.011         0.722   3
  2148        -0.221         0.007         0.145         0.006         1.261         0.010         0.749   3
  2201        -1.062         0.014         1.154         1.335        -3.937         9.354         0.200   2
  2202         1.422         0.037         1.685         4.718         0.789        12.804         0.316   2
  2203         1.450         5.852         0.171         0.452         2.838         5.863         0.289   2
  2204         0.264         0.385         0.248         0.474         1.383         0.465         0.228   3
  2205       -27.381       179.132         0.888         0.803        21.226       172.550         0.332   1
  2206         0.451         0.012         3.240         3.221        -7.193        14.075         0.692   2
  2207        -0.048         0.125         2.515         2.010        -7.252        10.200         1.271   1
  2208         0.219         0.213         2.135         1.038        -4.896        10.840         0.685   2
  2209        -1.861        20.076         0.462         0.260         2.805        20.076         0.626   3
  2210        -0.334         0.264         1.047         1.281         1.068         2.192         0.606   3
  2211        -0.259         0.253         3.033         1.616        -7.305         9.401         2.093   1
  2212        -1.171         0.029         2.504         0.868        -6.205         6.843         1.793   1
  2213         0.225         0.091         0.362         0.122         1.332         0.141         0.697   3
  2214        -0.122         0.073         0.402         0.130         1.260         0.189         0.623   3
  2215         0.079         0.039         0.096         0.036         1.551         0.043         0.707   3
  2216         0.129         0.096         0.455         0.167         1.098         0.306         0.734   3
  2217        -0.192         0.085         1.565         0.287        -5.186         2.130         2.836   1
  2218        -0.241         0.045         0.320         0.047         0.862         0.105         0.813   3
  2219         2.210         1.053        -0.362         0.065         1.043         1.052         1.524   2
  2220         0.037         0.033         0.320         0.050         0.965         0.097         0.828   3
  2221        -0.183         0.028         0.216         0.035         1.189         0.064         0.595   3
  2222        -0.312         0.013         0.114         0.009         1.451         0.013         0.726   3
  2223        -0.059         0.005         0.099         0.006         1.672         0.005         0.766   3
  2224         1.128         0.261         0.073         0.002         1.049         0.262         0.352   3
  2225        -0.243         0.002         0.071         0.001         1.130         0.003         0.596   3
  2226         0.348         0.002         0.073         0.001         0.862         0.002         1.024   3
  2227         0.372         0.002         0.067         0.001         0.950         0.002         0.537   3
  2228         0.956         0.007         0.075         0.002         0.951         0.007         0.816   3
  2229         1.320         0.014         0.127         0.002         0.722         0.015         1.388   3
  2230        -0.120         0.002         0.074         0.001         1.008         0.002         0.893   3
  2231         0.275         0.001         0.062         0.001         1.001         0.002         0.726   3
  2232         0.062         0.002         0.067         0.001         0.962         0.002         0.772   3
  2233         0.960         0.002         0.110         0.002         0.519         0.003         7.062   3
  2234         0.227         0.001         0.063         0.001         0.923         0.002         0.957   3
  2235         0.146         0.001         0.058         0.001         0.789         0.002         0.775   3
  2236         0.419         0.001         0.068         0.001         0.892         0.002         0.935   3
  2237        -0.550         0.002         0.057         0.001         0.818         0.002        20.366   3
  2238        -1.812         0.086         0.082         0.006         0.666         0.086         1.305   2
  2239         1.558         0.998         0.072         0.091         0.840         0.998        15.709   2
  2240         0.808         9.182         1.229         1.754        -1.631        33.101         5.165   2
  2241        -0.327         0.003         0.042         0.002         1.059         0.003         7.436   3
  2242         0.138         0.002         0.062         0.001         0.983         0.002         2.357   3
  2243        -0.901         0.004         0.098         0.002         0.914         0.004         1.904   3
  2244        -0.513         0.002         0.076         0.001         1.075         0.003         0.753   3
  2245         1.842         0.045         0.110         0.003         0.628         0.045         0.364   2
  2246        -0.849         0.038         0.101         0.003         1.236         0.038         0.811   3
  2247        -0.253         0.005         0.188         0.004         0.949         0.009         1.433   3
  2248        -0.188         0.018         0.258         0.020         1.756         0.020         0.684   3
  2301        -0.378         0.008         0.981         1.260        -3.689         5.285         0.348   1
  2302        -0.919         0.258         0.642         1.727         1.454         2.386         0.135   3
  2303         0.486         0.027         1.626         2.064        -0.842         0.233         0.175   3
  2304        -0.705         0.019         0.000         0.000         1.777         0.044         0.394   2
  2305        -0.522         0.034         0.771         1.457         0.194         6.056         0.318   3
  2306         1.134         0.014         0.669         0.634         1.098         1.312         0.313   3
  2307        -0.379         0.173         0.794         1.009         1.374         1.084         0.466   3
  2308        -0.109         0.067         0.142         0.080         1.469         0.074         0.412   3
  2309        -0.005         0.077         0.140         0.120         1.395         0.084         0.618   3
  2310         0.493         0.245         0.501         0.295         1.604         0.423         0.587   3
  2311         0.000         1.414         1.000         1.414         1.000         1.414        10.309   1
  2312        -0.162         0.099         0.433         0.281         1.826         0.253         0.644   3
  2313         0.082         0.071         1.220         0.229        -4.864         2.309         2.405   1
  2314        -0.549         0.093         0.746         0.338         0.530         1.136         0.873   3
  2315         0.609         0.218         0.158         0.044         1.497         0.229         0.438   3
  2316        -0.535         0.058         0.350         0.069         0.986         0.140         0.673   3
  2317        -0.149         0.037         0.184         0.033         1.496         0.043         0.588   3
  2318         0.267         0.023         0.144         0.021         1.088         0.030         0.734   3
  2319         0.086         0.030         0.261         0.044         1.136         0.079         0.766   3
  2320        -0.079         0.024         0.149         0.024         1.322         0.031         0.756   3
  2321         0.358         0.024         0.163         0.025         1.319         0.030         0.733   3
  2322         0.037         0.010         0.077         0.010         1.350         0.014         0.553   3
  2323         7.211         0.209         0.062         0.011         8.273         0.209         2.932   2
  2324        -1.451         0.029         0.207         0.003         0.814         0.033         2.085   3
  2325        -0.579         0.002         0.072         0.001         0.806         0.002         1.014   3
  2326        -0.238         0.002         0.075         0.001         0.846         0.002         1.226   3
  2327         0.117         0.002         0.077         0.001         0.947         0.002         0.952   3
  2328         0.085         0.001         0.078         0.001         0.805         0.002         0.786   3
  2329         0.150         0.001         0.068         0.001         0.900         0.002         0.762   3
  2330         2.175         0.028         0.095         0.003         0.473         0.028         0.760   2
  2331        -1.033         0.009         0.055         0.004         0.605         0.011         1.834   3
  2332        -0.191         0.001         0.064         0.001         0.877         0.002         0.867   3
  2333         0.372         0.001         0.072         0.001         0.947         0.002         0.829   3
  2334        -1.259         0.009         0.059         0.001         0.669         0.009         0.865   3
  2335        -0.309         0.001         0.061         0.001         0.807         0.002         0.680   3
  2336        -0.114         0.001         0.060         0.001         0.813         0.002         0.929   3
  2337        -0.006         0.001         0.070         0.001         0.923         0.002         0.801   3
  2338        -0.578         0.001         0.067         0.001         0.769         0.002         0.718   3
  2339        -0.190         0.001         0.062         0.001         0.919         0.002         1.137   3
  2340         0.925         0.002         0.116         0.001         0.637         0.003         6.188   3
  2341        -0.011         0.001         0.059         0.001         0.864         0.002         0.783   3
  2342         0.081         0.002         0.071         0.001         0.877         0.002         0.646   3
  2343        -0.077         0.006         0.045         0.004         0.944         0.007         0.476   3
  2344         0.952         0.007         0.292         0.003         0.859         0.013        11.113   3
  2345         0.151         0.005         0.122         0.002         0.755         0.006         6.776   3
  2346         0.226         0.002         0.087         0.002         0.808         0.003         0.709   3
  2347        -0.034         0.005         0.143         0.004         1.230         0.007         0.721   3
  2348         0.000         1.414         1.000         1.414         1.000         1.414        10.309   1
  2401         0.000         1.414         1.000         1.414         1.000         1.414        10.309   1
  2402        -0.757         0.268         0.954         0.932        -3.925         6.603         0.581   1
  2403        -0.046         0.318         0.223         0.271         1.114         0.408         0.200   3
  2404         8.981        16.317         2.310         1.234         0.211         5.019         0.810   1
  2405         0.090         0.032         2.493         2.936        -6.653        16.103         0.456   2
  2406        -0.733         0.431         0.607         0.618         1.415         1.054         0.361   3
  2407         0.630         0.019         2.202         1.062        -6.290         5.639         1.479   1
  2408        -0.022         0.165         0.379         0.360         1.492         0.210         0.547   3
  2409         0.648         0.183         0.281         0.115         1.302         0.211         0.582   3
  2410         0.449         0.225         0.388         0.239         1.664         0.278         0.631   3
  2411         0.344         0.098         0.223         0.115         1.449         0.113         0.685   3
  2412        -0.008         0.030         0.079         0.030         1.518         0.032         0.694   3
  2413         0.440         0.077         1.361         0.228        -5.153         2.077         2.389   1
  2414         0.810         0.682         0.097         0.085         2.215         0.682         0.984   2
  2415         0.482         0.097         2.009         0.431        -4.388         3.196         2.533   1
  2416        -0.069         0.046         0.694         0.191         0.193         0.832         0.943   3
  2417         0.194         0.051         0.436         0.123         1.165         0.179         0.832   3
  2418         0.039         0.019         0.122         0.018         1.132         0.028         0.752   3
  2419         0.309         0.025         0.222         0.023         1.155         0.036         0.581   3
  2420         0.207         0.041         0.491         0.095         1.016         0.202         0.964   3
  2421         0.007         0.022         0.223         0.026         1.259         0.045         0.811   3
  2422         0.145         0.011         0.112         0.009         1.220         0.018         0.869   3
  2423         0.263         0.005         0.101         0.004         1.044         0.007         0.648   3
  2424        -0.181         0.003         0.085         0.002         1.121         0.005         0.897   3
  2425        -0.456         0.003         0.070         0.002         0.801         0.004         1.160   3
  2426         0.788         0.003         0.078         0.002         0.885         0.004         0.856   3
  2427         0.133         0.003         0.076         0.002         0.940         0.004         1.318   3
  2428         1.400         0.322         0.077         0.002         0.808         0.323         0.412   3
  2429         0.111         0.002         0.077         0.002         0.935         0.003         1.001   3
  2430        -0.037         0.002         0.078         0.002         0.887         0.004         1.071   3
  2431        -0.443         0.003         0.078         0.002         0.978         0.004         0.973   3
  2432         0.005         0.002         0.065         0.001         0.721         0.003         0.944   3
  2433         0.409         0.003         0.078         0.002         0.948         0.004         1.076   3
  2434        -0.889         0.005         0.076         0.003         0.941         0.005         0.487   3
  2435        -0.496         0.002         0.080         0.001         0.784         0.003         0.769   3
  2436         0.185         0.003         0.076         0.002         0.932         0.004         1.178   3
  2437        -0.556         0.002         0.072         0.002         0.802         0.003         0.611   3
  2438        -0.951         0.006         0.002         0.001         1.001         0.006        46.397   2
  2439         0.498         0.002         0.079         0.002         0.841         0.004         0.623   3
  2440         0.000         1.414         1.000         1.414         1.000         1.414        10.309   1
  2441         0.483         0.003         0.069         0.002         0.867         0.004         4.426   3
  2442         0.484         0.003         0.071         0.002         0.842         0.004         0.895   3
  2443         0.072         0.003         0.082         0.002         0.909         0.004         0.712   3
  2444         0.254         0.003         0.085         0.002         1.071         0.004         0.949   3
  2445        -0.297         0.004         0.101         0.004         1.290         0.006         0.720   3
  2446         0.391         0.003         0.095         0.002         0.790         0.005         0.716   3
  2447         0.087         0.007         0.132         0.006         1.435         0.010         0.737   3
  2448         0.000         1.414         1.000         1.414         1.000         1.414        10.309   1
  2501        -0.177         0.235         0.707         2.203        -2.359        10.618         0.133   2
  2502         0.000         1.414         1.000         1.414         1.000         1.414        10.309   1
  2503        -1.027         0.015         2.342         2.494        -4.662        13.715         0.332   2
  2504         1.022         0.115         2.650         2.931        -6.661        10.480         0.786   1
  2505        -1.133         0.036         3.739         4.410        -7.902        23.543         0.883   1
  2506         0.207         0.147         1.025         0.417        -3.034         3.250         1.133   1
  2507         0.487         0.057         2.810         2.716        -7.568        11.644         1.470   1
  2508         0.412         0.376         0.211         0.112         1.768         0.395         0.565   3
  2509         0.018         0.036         2.145         1.062        -0.056         0.127         0.676   3
  2510         0.242         0.133         1.086         2.770        -0.020        10.896         0.556   3
  2511        -0.024         0.041         0.235         0.044         1.089         0.063         0.531   3
  2512        -0.153         0.098         2.083         0.483        -6.452         4.287         1.563   1
  2513         0.499         0.073         0.341         0.069         1.325         0.091         0.496   3
  2514         0.462         0.075         1.816         0.284        -6.097         2.073         3.010   1
  2515         0.243         0.034         0.288         0.041         1.006         0.087         0.831   3
  2516         0.203         0.024         0.211         0.025         1.050         0.048         0.687   3
  2517        -0.135         0.025         0.218         0.026         1.216         0.047         0.474   3
  2518         0.197         0.019         0.173         0.017         1.053         0.028         0.655   3
  2519         0.041         0.016         0.170         0.014         1.002         0.029         0.657   3
  2520         0.000         1.414         1.000         1.414         1.000         1.414        10.309   1
  2521        -0.076         0.013         0.159         0.012         1.196         0.021         0.714   3
  2522         0.182         0.006         0.097         0.005         1.234         0.010         0.890   3
  2523         0.144         0.006         0.110         0.005         1.574         0.006         0.767   3
  2524         0.474         0.002         0.071         0.001         1.092         0.002         0.745   3
  2525         0.145         0.002         0.071         0.001         0.821         0.002         0.946   3
  2526         0.475         0.002         0.070         0.001         0.918         0.002         0.785   3
  2527        -0.141         0.002         0.074         0.001         0.898         0.002         0.901   3
  2528         0.428         0.002         0.078         0.001         0.897         0.002         1.136   3
  2529         0.373         0.002         0.077         0.001         0.900         0.002         0.693   3
  2530        -0.355         0.001         0.064         0.001         0.904         0.002         0.977   3
  2531        -0.352         0.001         0.065         0.001         0.880         0.002         0.836   3
  2532         0.327         0.003         0.102         0.001         0.718         0.003         8.454   3
  2533         0.000         1.414         1.000         1.414         1.000         1.414        10.309   1
  2534        -0.052         0.001         0.061         0.001         0.831         0.002         0.980   3
  2535        -0.433         0.001         0.059         0.001         0.795         0.002         0.924   3
  2536         1.115         0.014         0.068         0.001         0.853         0.014         0.384   3
  2537        -0.086         0.001         0.063         0.001         0.904         0.002         0.803   3
  2538         0.057         0.001         0.064         0.001         0.744         0.002         0.798   3
  2539         1.077         0.004         0.067         0.001         0.787         0.004         0.832   3
  2540         0.851         0.002         0.073         0.001         0.731         0.002         2.084   3
  2541         0.990         0.003         0.159         0.002         0.598         0.004         5.140   3
  2542         0.393         0.002         0.075         0.001         0.914         0.002         0.714   3
  2543        -1.163         0.005         0.153         0.002         0.656         0.006         2.469   3
  2544        -1.795         0.209         0.171         0.013         1.665         0.209         0.912   2
  2545         0.000         1.414         1.000         1.414         1.000         1.414        10.309   1
  2546        -1.611         0.004         0.106         0.004         0.715         0.004         0.255   3
  2547        -0.027         0.004         0.113         0.004         1.429         0.006         0.891   3
  2548        -0.124         0.006         0.150         0.006         1.340         0.009         1.060   3
  2601         0.000         1.414         1.000         1.414         1.000         1.414        10.309   1
  2602        -0.812        18.074         0.368         2.436         2.132        16.043         0.253   2
  2603        -1.350         0.006         0.607         0.604        -1.493         4.965         0.295   1
  2604        -0.378         0.104         0.686         0.913         0.312         2.986         0.399   2
  2605        -0.140         0.416         2.652         2.468        -6.537        17.678         0.613   2
  2606        -0.574         0.094         2.739         2.010        -7.650        14.643         1.044   1
  2607        -0.579         0.287         0.798         0.671         1.462         0.997         0.514   3
  2608        -1.788         1.720         0.269         0.124         1.980         1.720         0.588   2
  2609        -0.091         0.066         0.109         0.058         1.511         0.068         0.591   3
  2610        -0.193         0.109         0.235         0.092         1.662         0.123         0.563   3
  2611        -0.090         0.007         1.300         0.303        -2.828         2.407         1.805   1
  2612         0.142         0.070         0.709         0.353         0.424         1.211         0.741   3
  2613        -0.378         0.009         0.658         0.188         1.163         0.309         0.844   3
  2614        -0.175         0.031         0.139         0.035         1.385         0.039         0.718   3
  2615        -0.251         0.041         0.357         0.055         1.018         0.105         0.886   3
  2616        -0.090         0.019         0.222         0.025         0.975         0.044         0.885   3
  2617        -0.105         0.023         0.449         0.050         0.262         0.245         1.010   3
  2618         0.050         0.019         0.190         0.022         0.996         0.046         0.751   3
  2619        -0.153         0.022         0.256         0.025         1.082         0.050         0.896   3
  2620         0.070         0.016         0.155         0.015         1.206         0.026         0.736   3
  2621        -0.088         0.015         0.143         0.013         1.153         0.028         1.147   3
  2622        -0.406         0.011         0.118         0.011         1.141         0.016         1.651   3
  2623         0.000         1.414         1.000         1.414         1.000         1.414        10.309   1
  2624        -1.981         0.070         0.170         0.004         0.518         0.070         2.208   2
  2625         0.335         0.002         0.075         0.001         0.824         0.002         0.591   3
  2626        -0.663         0.002         0.067         0.001         0.808         0.002         0.671   3
  2627        -0.320         0.002         0.073         0.001         0.853         0.002         0.890   3
  2628         0.882         0.003         0.070         0.002         0.912         0.003         0.615   3
  2629        -0.176         0.002         0.067         0.001         0.920         0.002         0.745   3
  2630         0.000         1.414         1.000         1.414         1.000         1.414        10.309   1
  2631         0.145         0.002         0.067         0.001         0.982         0.002         1.185   3
  2632        -0.489         0.001         0.060         0.001         0.696         0.002         1.044   3
  2633         1.088         0.002         0.056         0.001         0.718         0.002         0.531   3
  2634         1.745         0.024         0.053         0.001         0.681         0.024         0.400   2
  2635        -0.094         0.001         0.061         0.001         0.768         0.002         0.941   3
  2636        -0.009         0.003         0.098         0.001         0.656         0.003         7.930   3
  2637        -0.024         0.001         0.074         0.001         0.781         0.002         0.707   3
  2638        -0.702         0.001         0.060         0.001         0.772         0.002         0.694   3
  2639        -0.241         0.001         0.064         0.001         0.874         0.002         0.551   3
  2640         0.000         1.414         1.000         1.414         1.000         1.414        10.309   1
  2641        -0.779         0.002         0.063         0.001         0.848         0.002         0.496   3
  2642         0.105         0.002         0.066         0.001         0.934         0.002         0.650   3
  2643        -0.449         0.002         0.071         0.001         0.868         0.002         0.561   3
  2644         0.279         0.005         0.064         0.004         0.915         0.008         2.367   3
  2645        -0.161         0.015         0.123         0.016         1.105         0.031         0.572   3
  2646        -0.036         0.002         0.091         0.002         0.856         0.003         0.923   3
  2647         0.025         0.005         0.128         0.004         1.368         0.007         0.766   3
  2648        -0.110         0.006         0.143         0.006         1.389         0.008         1.049   3
