  2101       -17.158         2.011        29.614         0.260        45.635         2.011        29.470   2
  2102         7.748         1.956        19.927         0.200        59.802         2.151         8.684   3
  2103        12.000         0.095        20.804         0.144       115.058         0.275         9.624   3
  2104        -9.158         1.730        20.560         0.177        54.881         1.730        13.705   2
  2105        -2.142         4.145        19.412         0.123       121.871         4.148        10.030   3
  2106         2.868         3.547        21.728         0.143       137.084         3.548        10.472   3
  2107        -2.871         1.713        21.378         0.135        97.280         1.713        18.954   2
  2108         3.738         2.883        23.084         0.105       142.598         2.885         8.154   3
  2109         3.068         2.277        25.055         0.112       141.313         2.294        17.299   3
  2110         1.384         1.632        21.587         0.110        96.388         1.632         9.217   2
  2111         2.630         1.901        27.621         0.104       214.771         1.901        30.641   2
  2112         3.570         0.809        25.520         0.115       139.174         0.851        17.127   3
  2113         2.037         1.751        24.749         0.095       162.801         1.751        30.470   2
  2114        -7.812         1.768        28.339         0.090       186.862         1.768        61.347   2
  2115         3.946         7.877        32.303         0.100       249.652         7.889        48.355   3
  2116         2.381         2.561        27.102         0.107       158.922         2.578        28.816   3
  2117         2.024        10.149        33.826         0.119       282.202        10.143        46.606   3
  2118         3.925         4.112        26.120         0.075       180.997         4.114        23.413   3
  2119         0.724         6.373        30.626         0.097       224.107         6.377        24.225   3
  2120         0.816         5.931        27.552         0.083       206.605         5.931        37.138   3
  2121         3.955         6.702        26.443         0.078       204.755         6.702        34.832   3
  2122       -48.612         1.810        28.741         0.094       288.708         1.810        34.929   2
  2123         2.350         5.524        35.479         0.131       254.646         5.535        27.328   3
  2124         0.000         1.414        20.000         1.414       100.000         1.414        21.277   1
  2125         0.000         1.414        20.000         1.414       100.000         1.414        21.277   1
  2126         0.000         1.414        20.000         1.414       100.000         1.414        21.277   1
  2127         0.000         1.414        20.000         1.414       100.000         1.414        21.277   1
  2128         0.000         1.414        20.000         1.414       100.000         1.414        21.277   1
  2129         0.000         1.414        20.000         1.414       100.000         1.414        21.277   1
  2130         0.000         1.414        20.000         1.414       100.000         1.414        21.277   1
  2131         0.000         1.414        20.000         1.414       100.000         1.414        21.277   1
  2132         0.000         1.414        20.000         1.414       100.000         1.414        21.277   1
  2133         0.000         1.414        20.000         1.414       100.000         1.414        21.277   1
  2134         0.000         1.414        20.000         1.414       100.000         1.414        21.277   1
  2135         0.000         1.414        20.000         1.414       100.000         1.414        21.277   1
  2136         0.000         1.414        20.000         1.414       100.000         1.414        21.277   1
  2137         0.000         1.414        20.000         1.414       100.000         1.414        21.277   1
  2138         0.000         1.414        20.000         1.414       100.000         1.414        21.277   1
  2139         0.000         1.414        20.000         1.414       100.000         1.414        21.277   1
  2140         0.000         1.414        20.000         1.414       100.000         1.414        21.277   1
  2141         0.000         1.414        20.000         1.414       100.000         1.414        21.277   1
  2142         0.000         1.414        20.000         1.414       100.000         1.414        21.277   1
  2143         0.000         1.414        20.000         1.414       100.000         1.414        21.277   1
  2144         0.000         1.414        20.000         1.414       100.000         1.414        21.277   1
  2145         0.000         1.414        20.000         1.414       100.000         1.414        21.277   1
  2146         0.000         1.414        20.000         1.414       100.000         1.414        21.277   1
  2147         0.000         1.414        20.000         1.414       100.000         1.414        21.277   1
  2148         0.000         1.414        20.000         1.414       100.000         1.414        21.277   1
  2201        47.565         0.093        20.902         0.165        15.968         0.630        14.850   3
  2202       -10.368         1.461        18.596         0.130        55.810         1.461        17.405   2
  2203        -5.470         1.704        21.297         0.157        56.394         1.704        16.013   2
  2204       -20.545         1.398        24.602         0.155        45.726         1.398        23.957   2
  2205       201.172         0.080        19.115         0.077       111.723         0.138        21.568   3
  2206        -2.706         1.600        20.027         0.102       152.096         1.600        17.869   2
  2207        -1.605         1.382        18.482         0.100       116.627         1.382        26.599   2
  2208         3.698         1.143        18.445         0.094       114.448         1.158        20.246   3
  2209        -3.080         1.368        20.209         0.095       143.761         1.368        33.823   2
  2210         2.130         6.974        19.798         0.085       166.649         6.974        20.669   3
  2211         0.830         1.246        18.045         0.081       179.413         1.246        29.058   2
  2212        -2.467         1.617        22.436         0.100       300.550         1.617        40.339   2
  2213         3.461         2.673        20.472         0.080       163.355         2.679        26.813   3
  2214         3.874         1.281        20.369         0.077       194.355         1.281        45.481   2
  2215         3.627        11.387        21.571         0.082       208.968        11.390        35.656   3
  2216        -2.291         1.327        21.754         0.080       197.995         1.327        40.749   2
  2217         3.068         1.460        25.119         0.089       262.444         1.460        73.340   2
  2218         3.477         1.242        22.371         0.073       258.245         1.242        94.975   2
  2219        -3.418         1.249        20.526         0.073       252.779         1.249        20.429   2
  2220        -1.899         1.311        22.777         0.076       226.522         1.311        27.934   2
  2221         1.985         1.535        26.226         0.091       286.635         1.535        73.991   2
  2222         3.984         1.666        26.746         0.094       280.138         1.666        53.295   2
  2223         3.191         2.009        27.101         0.116       282.190         2.009        34.025   2
  2224         0.000         1.414        20.000         1.414       100.000         1.414        21.277   1
  2225         0.000         1.414        20.000         1.414       100.000         1.414        21.277   1
  2226         0.000         1.414        20.000         1.414       100.000         1.414        21.277   1
  2227         0.000         1.414        20.000         1.414       100.000         1.414        21.277   1
  2228         0.000         1.414        20.000         1.414       100.000         1.414        21.277   1
  2229         0.000         1.414        20.000         1.414       100.000         1.414        21.277   1
  2230         0.000         1.414        20.000         1.414       100.000         1.414        21.277   1
  2231         0.000         1.414        20.000         1.414       100.000         1.414        21.277   1
  2232         0.000         1.414        20.000         1.414       100.000         1.414        21.277   1
  2233         0.000         1.414        20.000         1.414       100.000         1.414        21.277   1
  2234         0.000         1.414        20.000         1.414       100.000         1.414        21.277   1
  2235         0.000         1.414        20.000         1.414       100.000         1.414        21.277   1
  2236         0.000         1.414        20.000         1.414       100.000         1.414        21.277   1
  2237         0.000         1.414        20.000         1.414       100.000         1.414        21.277   1
  2238         0.000         1.414        20.000         1.414       100.000         1.414        21.277   1
  2239         0.000         1.414        20.000         1.414       100.000         1.414        21.277   1
  2240         0.000         1.414        20.000         1.414       100.000         1.414        21.277   1
  2241         0.000         1.414        20.000         1.414       100.000         1.414        21.277   1
  2242         0.000         1.414        20.000         1.414       100.000         1.414        21.277   1
  2243         0.000         1.414        20.000         1.414       100.000         1.414        21.277   1
  2244         0.000         1.414        20.000         1.414       100.000         1.414        21.277   1
  2245         0.000         1.414        20.000         1.414       100.000         1.414        21.277   1
  2246         0.000         1.414        20.000         1.414       100.000         1.414        21.277   1
  2247         0.000         1.414        20.000         1.414       100.000         1.414        21.277   1
  2248         0.000         1.414        20.000         1.414       100.000         1.414        21.277   1
  2301        33.123         0.162        17.513         0.133        35.256         0.390         4.851   3
  2302        39.790         0.844        14.670         0.121        74.646         0.903        12.439   3
  2303       -12.523         1.478        18.636         0.129        54.922         1.478         5.349   2
  2304         3.522         1.387        13.753         0.096       146.320         1.387        17.279   2
  2305        44.608         0.438        17.395         0.114        75.498         0.500        38.253   3
  2306       -16.726         4.607        23.899         0.303        47.590         4.607         4.260   2
  2307         3.514         1.310        15.486         0.086       165.953         1.310        21.045   2
  2308         1.081         1.281        18.833         0.079       147.857         1.281        12.533   2
  2309         3.066         1.344        18.507         0.085       159.205         1.344        26.416   2
  2310         3.750        10.050        17.276         0.077       156.399        10.047        19.381   3
  2311         0.000         1.414        20.000         1.414       100.000         1.414        21.277   1
  2312        -2.990         1.344        19.285         0.070       219.149         1.344        32.287   2
  2313         1.783         1.221        18.080         0.068       174.061         1.221        36.767   2
  2314         2.327         1.251        19.023         0.065       212.782         1.251        45.484   2
  2315         3.147         1.285        23.080         0.078       126.129         1.285        11.627   2
  2316       122.458         0.446        28.829         0.088       177.396         0.477        14.912   3
  2317         3.175         1.364        22.969         0.067       239.866         1.364        79.901   2
  2318        -4.973         6.282        21.563         0.059       162.167         6.282        25.292   3
  2319        -2.877        22.620        21.553         0.063       220.750        22.620        35.958   3
  2320         2.037         1.327        22.168         0.069       265.797         1.327        36.689   2
  2321         3.535         5.917        22.528         0.061       184.956         5.919        34.446   3
  2322        -3.995         1.392        21.048         0.068       250.348         1.392        35.544   2
  2323         0.564         6.255        19.743         0.074       164.466         6.256        31.321   3
  2324         0.000         1.414        20.000         1.414       100.000         1.414        21.277   1
  2325         0.000         1.414        20.000         1.414       100.000         1.414        21.277   1
  2326         0.000         1.414        20.000         1.414       100.000         1.414        21.277   1
  2327         0.000         1.414        20.000         1.414       100.000         1.414        21.277   1
  2328         0.000         1.414        20.000         1.414       100.000         1.414        21.277   1
  2329         0.000         1.414        20.000         1.414       100.000         1.414        21.277   1
  2330         0.000         1.414        20.000         1.414       100.000         1.414        21.277   1
  2331         0.000         1.414        20.000         1.414       100.000         1.414        21.277   1
  2332         0.000         1.414        20.000         1.414       100.000         1.414        21.277   1
  2333         0.000         1.414        20.000         1.414       100.000         1.414        21.277   1
  2334         0.000         1.414        20.000         1.414       100.000         1.414        21.277   1
  2335         0.000         1.414        20.000         1.414       100.000         1.414        21.277   1
  2336         0.000         1.414        20.000         1.414       100.000         1.414        21.277   1
  2337         0.000         1.414        20.000         1.414       100.000         1.414        21.277   1
  2338         0.000         1.414        20.000         1.414       100.000         1.414        21.277   1
  2339         0.000         1.414        20.000         1.414       100.000         1.414        21.277   1
  2340         0.000         1.414        20.000         1.414       100.000         1.414        21.277   1
  2341         0.000         1.414        20.000         1.414       100.000         1.414        21.277   1
  2342         0.000         1.414        20.000         1.414       100.000         1.414        21.277   1
  2343         0.000         1.414        20.000         1.414       100.000         1.414        21.277   1
  2344         0.000         1.414        20.000         1.414       100.000         1.414        21.277   1
  2345         0.000         1.414        20.000         1.414       100.000         1.414        21.277   1
  2346         0.000         1.414        20.000         1.414       100.000         1.414        21.277   1
  2347         0.000         1.414        20.000         1.414       100.000         1.414        21.277   1
  2348         0.000         1.414        20.000         1.414       100.000         1.414        21.277   1
  2401       -89.790         2.301        29.293         0.132       -14.899         1.845        29.815   1
  2402        -2.444         2.013        24.772         0.156        55.632         2.013        33.101   2
  2403        21.891         0.527        16.304         0.135        46.842         0.698        12.729   3
  2404        23.207         0.406        16.573         0.124        43.788         0.583        11.487   3
  2405        50.764         1.968        17.276         0.098       103.774         2.028         4.081   3
  2406        76.400         0.655        15.347         0.119       108.552         0.675        17.463   3
  2407         1.702         1.455        15.688         0.096       125.158         1.455        22.119   2
  2408         2.954         1.382        14.713         0.092       129.526         1.382        20.084   2
  2409         3.641         1.382        16.475         0.093        82.251         1.382        18.438   2
  2410         3.721         4.068        17.728         0.089       127.724         4.059        14.968   3
  2411        -0.543         1.625        15.893         0.094       176.694         1.625        25.323   2
  2412         2.205         1.376        18.299         0.068       199.946         1.376        32.352   2
  2413         1.572         1.588        21.177         0.071       204.010         1.588        62.211   2
  2414         2.615         1.618        20.118         0.080       203.946         1.618        33.377   2
  2415         3.990         1.587        19.863         0.075       255.356         1.587        48.975   2
  2416         2.332         1.416        18.053         0.060       227.286         1.416        76.926   2
  2417         2.916        10.342        21.872         0.064       200.631        10.333        46.207   3
  2418        -1.191        18.578        19.452         0.056       195.054        18.578        39.496   3
  2419        -1.710        14.281        21.039         0.066       199.021        14.280        34.588   3
  2420         3.475         1.595        23.629         0.093       262.621         1.595        56.313   2
  2421         3.687         1.604        24.189         0.077       234.094         1.604        77.564   2
  2422         2.553         9.255        21.598         0.056       199.484         9.250        50.237   3
  2423         3.447         1.403        23.151         0.074       121.378         1.403        16.363   2
  2424         0.000         1.414        20.000         1.414       100.000         1.414        21.277   1
  2425         0.000         1.414        20.000         1.414       100.000         1.414        21.277   1
  2426         0.000         1.414        20.000         1.414       100.000         1.414        21.277   1
  2427         0.000         1.414        20.000         1.414       100.000         1.414        21.277   1
  2428         0.000         1.414        20.000         1.414       100.000         1.414        21.277   1
  2429         0.000         1.414        20.000         1.414       100.000         1.414        21.277   1
  2430         0.000         1.414        20.000         1.414       100.000         1.414        21.277   1
  2431         0.000         1.414        20.000         1.414       100.000         1.414        21.277   1
  2432         0.000         1.414        20.000         1.414       100.000         1.414        21.277   1
  2433         0.000         1.414        20.000         1.414       100.000         1.414        21.277   1
  2434         0.000         1.414        20.000         1.414       100.000         1.414        21.277   1
  2435         0.000         1.414        20.000         1.414       100.000         1.414        21.277   1
  2436         0.000         1.414        20.000         1.414       100.000         1.414        21.277   1
  2437         0.000         1.414        20.000         1.414       100.000         1.414        21.277   1
  2438         0.000         1.414        20.000         1.414       100.000         1.414        21.277   1
  2439         0.000         1.414        20.000         1.414       100.000         1.414        21.277   1
  2440         0.000         1.414        20.000         1.414       100.000         1.414        21.277   1
  2441         0.000         1.414        20.000         1.414       100.000         1.414        21.277   1
  2442         0.000         1.414        20.000         1.414       100.000         1.414        21.277   1
  2443         0.000         1.414        20.000         1.414       100.000         1.414        21.277   1
  2444         0.000         1.414        20.000         1.414       100.000         1.414        21.277   1
  2445         0.000         1.414        20.000         1.414       100.000         1.414        21.277   1
  2446         0.000         1.414        20.000         1.414       100.000         1.414        21.277   1
  2447         0.000         1.414        20.000         1.414       100.000         1.414        21.277   1
  2448         0.000         1.414        20.000         1.414       100.000         1.414        21.277   1
  2501       -16.966         1.392        19.204         0.137        51.980         1.392        17.110   2
  2502         0.000         1.414        20.000         1.414       100.000         1.414        21.277   1
  2503        31.192         0.536        13.901         0.095        60.555         0.599        20.976   3
  2504        23.377         0.730        14.493         0.100        58.113         0.810        18.767   3
  2505        -3.402         1.457        16.057         0.098       139.989         1.457        18.776   2
  2506        -3.329         1.022        19.459         0.103        58.273         1.022        62.552   2
  2507         2.573         1.294        15.168         0.088       144.453         1.294        22.910   2
  2508         0.371         1.276        16.536         0.096       125.082         1.276        35.133   2
  2509        -1.430         1.255        17.342         0.084       148.905         1.255        23.183   2
  2510        -2.310         1.268        17.282         0.080       171.390         1.268        21.469   2
  2511         1.567         1.068        15.640         0.069       160.741         1.068        32.670   2
  2512        -2.279         1.292        18.879         0.083       202.543         1.292        32.340   2
  2513         0.293         6.764        17.717         0.069       150.751         6.765        17.326   3
  2514         1.600         1.343        19.057         0.078       236.031         1.343        24.442   2
  2515        31.391         1.032        18.323         0.082       122.260         1.038        91.955   2
  2516        39.839         2.300        19.453         0.077       112.536         2.351        42.492   3
  2517        -2.109         1.097        17.195         0.069       235.159         1.097        36.838   2
  2518         1.996         1.057        17.918         0.062       177.577         1.057        26.866   2
  2519         1.457        19.729        19.158         0.065       199.998        19.725        18.016   3
  2520       254.766         0.208        18.712         0.078       162.655         0.210        13.239   3
  2521         2.933         1.290        19.967         0.077       256.204         1.290        66.413   2
  2522         0.128         1.298        19.687         0.086       198.465         1.298        34.593   2
  2523        -1.880         2.079        24.859         0.103       251.213         2.079        27.466   2
  2524         0.000         1.414        20.000         1.414       100.000         1.414        21.277   1
  2525         0.000         1.414        20.000         1.414       100.000         1.414        21.277   1
  2526         0.000         1.414        20.000         1.414       100.000         1.414        21.277   1
  2527         0.000         1.414        20.000         1.414       100.000         1.414        21.277   1
  2528         0.000         1.414        20.000         1.414       100.000         1.414        21.277   1
  2529         0.000         1.414        20.000         1.414       100.000         1.414        21.277   1
  2530         0.000         1.414        20.000         1.414       100.000         1.414        21.277   1
  2531         0.000         1.414        20.000         1.414       100.000         1.414        21.277   1
  2532         0.000         1.414        20.000         1.414       100.000         1.414        21.277   1
  2533         0.000         1.414        20.000         1.414       100.000         1.414        21.277   1
  2534         0.000         1.414        20.000         1.414       100.000         1.414        21.277   1
  2535         0.000         1.414        20.000         1.414       100.000         1.414        21.277   1
  2536         0.000         1.414        20.000         1.414       100.000         1.414        21.277   1
  2537         0.000         1.414        20.000         1.414       100.000         1.414        21.277   1
  2538         0.000         1.414        20.000         1.414       100.000         1.414        21.277   1
  2539         0.000         1.414        20.000         1.414       100.000         1.414        21.277   1
  2540         0.000         1.414        20.000         1.414       100.000         1.414        21.277   1
  2541         0.000         1.414        20.000         1.414       100.000         1.414        21.277   1
  2542         0.000         1.414        20.000         1.414       100.000         1.414        21.277   1
  2543         0.000         1.414        20.000         1.414       100.000         1.414        21.277   1
  2544         0.000         1.414        20.000         1.414       100.000         1.414        21.277   1
  2545         0.000         1.414        20.000         1.414       100.000         1.414        21.277   1
  2546         0.000         1.414        20.000         1.414       100.000         1.414        21.277   1
  2547         0.000         1.414        20.000         1.414       100.000         1.414        21.277   1
  2548         0.000         1.414        20.000         1.414       100.000         1.414        21.277   1
  2601         0.000         1.414        20.000         1.414       100.000         1.414        21.277   1
  2602        17.984         1.027        16.288         0.124        60.566         1.131        16.756   3
  2603        77.222         0.112        16.242         0.097        69.831         0.153        13.461   3
  2604         2.817         2.703        16.480         0.101       102.006         2.706        15.996   3
  2605        -0.842         3.690        16.085         0.083       111.269         3.692        11.852   3
  2606        20.204         2.197        17.999         0.105        83.683         2.282        25.914   3
  2607        20.000         0.101        18.655         0.095       101.659         0.203        17.286   3
  2608         3.442         1.099        16.958         0.065       159.714         1.099        22.691   2
  2609         2.958         6.826        19.031         0.085       156.021         6.828        20.038   3
  2610        -2.222         9.900        18.789         0.079       165.744         9.900        25.509   3
  2611        69.462         0.696        17.810         0.082       113.188         0.734        25.874   3
  2612        -0.979         8.622        18.265         0.086       148.802         8.622        20.639   3
  2613        -1.328         1.217        18.760         0.073       164.800         1.217        34.839   2
  2614         2.533         1.167        18.459         0.068       175.093         1.167        30.478   2
  2615         3.209         4.319        22.099         0.069       165.079         4.328        21.955   3
  2616         1.765         2.574        21.796         0.066       149.111         2.577        27.814   3
  2617         2.265         4.662        24.536         0.068       185.722         4.669        44.036   3
  2618        -4.724         1.072        19.390         0.071       178.612         1.072        55.933   2
  2619         2.735        17.292        20.353         0.069       221.961        17.292        26.000   3
  2620         1.648         6.751        21.185         0.076       181.460         6.728        19.522   3
  2621         2.819         1.338        20.183         0.078       223.740         1.338        40.183   2
  2622         2.881         1.448        21.549         0.083       228.190         1.448        15.502   2
  2623       207.078         0.141        -3.351         1.414      -180.557         1.414       119.471   1
  2624         0.000         1.414        20.000         1.414       100.000         1.414        21.277   1
  2625         0.000         1.414        20.000         1.414       100.000         1.414        21.277   1
  2626         0.000         1.414        20.000         1.414       100.000         1.414        21.277   1
  2627         0.000         1.414        20.000         1.414       100.000         1.414        21.277   1
  2628         0.000         1.414        20.000         1.414       100.000         1.414        21.277   1
  2629         0.000         1.414        20.000         1.414       100.000         1.414        21.277   1
  2630         0.000         1.414        20.000         1.414       100.000         1.414        21.277   1
  2631         0.000         1.414        20.000         1.414       100.000         1.414        21.277   1
  2632         0.000         1.414        20.000         1.414       100.000         1.414        21.277   1
  2633         0.000         1.414        20.000         1.414       100.000         1.414        21.277   1
  2634         0.000         1.414        20.000         1.414       100.000         1.414        21.277   1
  2635         0.000         1.414        20.000         1.414       100.000         1.414        21.277   1
  2636         0.000         1.414        20.000         1.414       100.000         1.414        21.277   1
  2637         0.000         1.414        20.000         1.414       100.000         1.414        21.277   1
  2638         0.000         1.414        20.000         1.414       100.000         1.414        21.277   1
  2639         0.000         1.414        20.000         1.414       100.000         1.414        21.277   1
  2640         0.000         1.414        20.000         1.414       100.000         1.414        21.277   1
  2641         0.000         1.414        20.000         1.414       100.000         1.414        21.277   1
  2642         0.000         1.414        20.000         1.414       100.000         1.414        21.277   1
  2643         0.000         1.414        20.000         1.414       100.000         1.414        21.277   1
  2644         0.000         1.414        20.000         1.414       100.000         1.414        21.277   1
  2645         0.000         1.414        20.000         1.414       100.000         1.414        21.277   1
  2646         0.000         1.414        20.000         1.414       100.000         1.414        21.277   1
  2647         0.000         1.414        20.000         1.414       100.000         1.414        21.277   1
  2648         0.000         1.414        20.000         1.414       100.000         1.414        21.277   1
