      -0.5000E+01 -0.5000E+01 -0.5000E+01 -0.5000E+01 -0.5000E+01
      -0.5000E+01 -0.5000E+01 -0.5000E+01 -0.5000E+01 -0.5000E+01
      -0.5000E+01 -0.5000E+01 -0.5000E+01 -0.5000E+01 -0.5000E+01
      -0.5000E+01 -0.5000E+01 -0.5000E+01 -0.5000E+01 -0.5000E+01
      -0.5000E+01 -0.5000E+01 -0.5000E+01 -0.5000E+01 -0.5000E+01
      -0.5000E+01 -0.5000E+01 -0.5000E+01 -0.5000E+01 -0.5000E+01
      -0.5000E+01 -0.5000E+01 -0.5000E+01 -0.5000E+01 -0.5000E+01
      -0.5000E+01 -0.5000E+01 -0.5000E+01 -0.5000E+01 -0.5000E+01
      -0.5000E+01 -0.5000E+01 -0.5000E+01 -0.5000E+01 -0.5000E+01
      -0.5000E+01 -0.5000E+01 -0.5000E+01 -0.5000E+01 -0.5000E+01
      -0.5000E+01 -0.5000E+01 -0.5000E+01 -0.5000E+01 -0.5000E+01
      -0.5000E+01 -0.5000E+01 -0.5000E+01 -0.5000E+01 -0.5000E+01
      -0.5000E+01 -0.5000E+01 -0.5000E+01 -0.5000E+01 -0.5000E+01
      -0.5000E+01 -0.5000E+01 -0.5000E+01 -0.5000E+01 -0.5000E+01
      -0.5000E+01 -0.5000E+01 -0.5000E+01 -0.5000E+01 -0.5000E+01
      -0.5000E+01 -0.5000E+01 -0.5000E+01 -0.5000E+01 -0.5000E+01
      -0.5000E+01 -0.5000E+01 -0.5000E+01 -0.5000E+01 -0.5000E+01
      -0.5000E+01 -0.5000E+01 -0.5000E+01 -0.5000E+01 -0.5000E+01
      -0.5000E+01 -0.5000E+01 -0.5000E+01 -0.5000E+01 -0.5000E+01
      -0.5000E+01 -0.5000E+01 -0.5000E+01 -0.5000E+01 -0.5000E+01
      -0.5000E+01 -0.5000E+01 -0.5000E+01 -0.5000E+01 -0.5000E+01
      -0.5000E+01 -0.5000E+01 -0.5000E+01 -0.5000E+01 -0.5000E+01
      -0.5000E+01 -0.5000E+01 -0.5000E+01 -0.5000E+01 -0.5000E+01
      -0.5000E+01 -0.5000E+01 -0.5000E+01 -0.5000E+01 -0.5000E+01
      -0.5000E+01 -0.5000E+01 -0.5000E+01 -0.5000E+01 -0.5000E+01
      -0.5000E+01 -0.5000E+01 -0.5000E+01 -0.5000E+01 -0.5000E+01
      -0.5000E+01 -0.5000E+01 -0.5000E+01 -0.5000E+01 -0.5000E+01
      -0.5000E+01 -0.5000E+01 -0.5000E+01 -0.5000E+01 -0.5000E+01
      -0.5000E+01 -0.5000E+01 -0.5000E+01 -0.5000E+01 -0.5000E+01
      -0.5000E+01 -0.5000E+01 -0.5000E+01 -0.5000E+01 -0.5000E+01
      -0.5000E+01 -0.5000E+01 -0.5000E+01 -0.5000E+01 -0.5000E+01
      -0.5000E+01 -0.5000E+01 -0.5000E+01 -0.5000E+01 -0.5000E+01
      -0.5000E+01 -0.5000E+01 -0.5000E+01 -0.5000E+01 -0.5000E+01
      -0.5000E+01 -0.5000E+01 -0.5000E+01 -0.5000E+01 -0.5000E+01
      -0.5000E+01 -0.5000E+01 -0.5000E+01 -0.5000E+01 -0.5000E+01
      -0.5000E+01 -0.5000E+01 -0.5000E+01 -0.5000E+01 -0.5000E+01
      -0.5000E+01 -0.5000E+01 -0.5000E+01 -0.5000E+01 -0.5000E+01
      -0.5000E+01 -0.5000E+01 -0.5000E+01 -0.5000E+01 -0.5000E+01
      -0.5000E+01 -0.5000E+01 -0.5000E+01 -0.5000E+01 -0.5000E+01
      -0.5000E+01 -0.5000E+01 -0.5000E+01 -0.5000E+01 -0.5000E+01
      -0.5000E+01 -0.5000E+01 -0.5000E+01 -0.5000E+01 -0.5000E+01
      -0.5000E+01 -0.5000E+01 -0.5000E+01 -0.5000E+01 -0.5000E+01
      -0.5000E+01 -0.5000E+01 -0.5000E+01 -0.5000E+01 -0.5000E+01
      -0.5000E+01 -0.5000E+01 -0.5000E+01 -0.5000E+01 -0.5000E+01
      -0.5000E+01 -0.5000E+01 -0.5000E+01 -0.5000E+01 -0.5000E+01
      -0.5000E+01 -0.5000E+01 -0.5000E+01 -0.5000E+01 -0.5000E+01
      -0.5000E+01 -0.5000E+01 -0.5000E+01 -0.5000E+01 -0.5000E+01
      -0.5000E+01 -0.5000E+01 -0.5000E+01 -0.5000E+01 -0.5000E+01
      -0.5000E+01 -0.5000E+01 -0.5000E+01 -0.5000E+01 -0.5000E+01
      -0.5000E+01 -0.5000E+01 -0.5000E+01 -0.5000E+01 -0.5000E+01
      -0.5000E+01 -0.5000E+01 -0.5000E+01 -0.5000E+01 -0.5000E+01
      -0.5000E+01 -0.5000E+01 -0.5000E+01 -0.5000E+01 -0.5000E+01
      -0.5000E+01 -0.5000E+01 -0.5000E+01 -0.5000E+01 -0.5000E+01
      -0.5000E+01 -0.5000E+01 -0.5000E+01 -0.5000E+01 -0.5000E+01
      -0.5000E+01 -0.5000E+01 -0.5000E+01 -0.5000E+01 -0.5000E+01
      -0.5000E+01 -0.5000E+01 -0.5000E+01 -0.5000E+01 -0.5000E+01
      -0.5000E+01 -0.5000E+01 -0.5000E+01 -0.5000E+01 -0.5000E+01
      -0.5000E+01 -0.5000E+01 -0.5000E+01 -0.5000E+01 -0.5000E+01
      -0.5000E+01 -0.5000E+01 -0.5000E+01 -0.5000E+01 -0.5000E+01
      -0.5000E+01 -0.5000E+01 -0.5000E+01 -0.5000E+01 -0.5000E+01
      -0.5000E+01 -0.5000E+01 -0.5000E+01 -0.5000E+01 -0.5000E+01
      -0.5000E+01 -0.5000E+01 -0.5000E+01 -0.5000E+01 -0.5000E+01
      -0.5000E+01 -0.5000E+01 -0.5000E+01 -0.5000E+01 -0.5000E+01
      -0.5000E+01 -0.5000E+01 -0.5000E+01 -0.5000E+01 -0.5000E+01
      -0.5000E+01 -0.5000E+01 -0.5000E+01 -0.5000E+01 -0.5000E+01
      -0.5000E+01 -0.5000E+01 -0.5000E+01 -0.5000E+01 -0.5000E+01
      -0.5000E+01 -0.5000E+01 -0.5000E+01 -0.5000E+01 -0.5000E+01
      -0.5000E+01 -0.5000E+01 -0.5000E+01 -0.5000E+01 -0.5000E+01
      -0.5000E+01 -0.5000E+01 -0.5000E+01 -0.5000E+01 -0.5000E+01
      -0.5000E+01 -0.5000E+01 -0.5000E+01 -0.5000E+01 -0.5000E+01
      -0.5000E+01 -0.5000E+01 -0.5000E+01 -0.5000E+01 -0.5000E+01
      -0.5000E+01 -0.5000E+01 -0.5000E+01 -0.5000E+01 -0.5000E+01
      -0.5000E+01 -0.5000E+01 -0.5000E+01 -0.5000E+01 -0.5000E+01
      -0.5000E+01 -0.5000E+01 -0.5000E+01 -0.5000E+01 -0.5000E+01
      -0.5000E+01 -0.5000E+01 -0.5000E+01 -0.5000E+01 -0.5000E+01
      -0.5000E+01 -0.5000E+01 -0.5000E+01 -0.5000E+01 -0.5000E+01
      -0.5000E+01 -0.5000E+01 -0.5000E+01 -0.5000E+01 -0.5000E+01
      -0.5000E+01 -0.5000E+01 -0.5000E+01 -0.5000E+01 -0.5000E+01
      -0.5000E+01 -0.5000E+01 -0.5000E+01 -0.5000E+01 -0.5000E+01
      -0.5000E+01 -0.5000E+01 -0.5000E+01 -0.5000E+01 -0.5000E+01
      -0.5000E+01 -0.5000E+01 -0.5000E+01 -0.5000E+01 -0.5000E+01
      -0.5000E+01 -0.5000E+01 -0.5000E+01 -0.5000E+01 -0.5000E+01
      -0.5000E+01 -0.5000E+01 -0.5000E+01 -0.5000E+01 -0.5000E+01
      -0.5000E+01 -0.5000E+01 -0.5000E+01 -0.5000E+01 -0.5000E+01
      -0.5000E+01 -0.5000E+01 -0.5000E+01 -0.5000E+01 -0.5000E+01
      -0.5000E+01 -0.5000E+01 -0.5000E+01 -0.5000E+01 -0.5000E+01
      -0.5000E+01 -0.5000E+01 -0.5000E+01 -0.5000E+01 -0.5000E+01
      -0.5000E+01 -0.5000E+01 -0.5000E+01 -0.5000E+01 -0.5000E+01
      -0.5000E+01 -0.5000E+01 -0.5000E+01 -0.5000E+01 -0.5000E+01
      -0.5000E+01 -0.5000E+01 -0.5000E+01 -0.5000E+01 -0.5000E+01
      -0.5000E+01 -0.5000E+01 -0.5000E+01 -0.5000E+01 -0.5000E+01
      -0.5000E+01 -0.5000E+01 -0.5000E+01 -0.5000E+01 -0.5000E+01
      -0.5000E+01 -0.5000E+01 -0.5000E+01 -0.5000E+01 -0.5000E+01
      -0.5000E+01 -0.5000E+01 -0.5000E+01 -0.5000E+01 -0.5000E+01
      -0.5000E+01 -0.5000E+01 -0.5000E+01 -0.5000E+01 -0.5000E+01
      -0.5000E+01 -0.5000E+01 -0.5000E+01 -0.5000E+01 -0.5000E+01
      -0.5000E+01 -0.5000E+01 -0.5000E+01 -0.5000E+01 -0.5000E+01
      -0.5000E+01 -0.5000E+01 -0.5000E+01 -0.5000E+01 -0.5000E+01
      -0.5000E+01 -0.5000E+01 -0.5000E+01 -0.5000E+01 -0.5000E+01
      -0.5000E+01 -0.5000E+01 -0.5000E+01 -0.5000E+01 -0.5000E+01
      -0.5000E+01 -0.5000E+01 -0.5000E+01 -0.5000E+01 -0.5000E+01
      -0.5000E+01 -0.5000E+01 -0.5000E+01 -0.5000E+01 -0.5000E+01
      -0.5000E+01 -0.5000E+01 -0.5000E+01 -0.5000E+01 -0.5000E+01
      -0.5000E+01 -0.5000E+01 -0.5000E+01 -0.5000E+01 -0.5000E+01
      -0.5000E+01 -0.5000E+01 -0.5000E+01 -0.5000E+01 -0.5000E+01
      -0.5000E+01 -0.5000E+01 -0.5000E+01 -0.5000E+01 -0.5000E+01
      -0.5000E+01 -0.5000E+01 -0.5000E+01 -0.5000E+01 -0.5000E+01
      -0.5000E+01 -0.5000E+01 -0.5000E+01 -0.5000E+01 -0.5000E+01
      -0.5000E+01 -0.5000E+01 -0.5000E+01 -0.5000E+01 -0.5000E+01
      -0.5000E+01 -0.5000E+01 -0.5000E+01 -0.5000E+01 -0.5000E+01
      -0.5000E+01 -0.5000E+01 -0.5000E+01 -0.5000E+01 -0.5000E+01
      -0.5000E+01 -0.5000E+01 -0.5000E+01 -0.5000E+01 -0.5000E+01
      -0.5000E+01 -0.5000E+01 -0.5000E+01 -0.5000E+01 -0.5000E+01
      -0.5000E+01 -0.5000E+01 -0.5000E+01 -0.5000E+01 -0.5000E+01
      -0.5000E+01 -0.5000E+01 -0.5000E+01 -0.5000E+01 -0.5000E+01
      -0.5000E+01 -0.5000E+01 -0.5000E+01 -0.5000E+01 -0.5000E+01
      -0.5000E+01 -0.5000E+01 -0.5000E+01 -0.5000E+01 -0.5000E+01
      -0.5000E+01 -0.5000E+01 -0.5000E+01 -0.5000E+01 -0.5000E+01
      -0.5000E+01 -0.5000E+01 -0.5000E+01 -0.5000E+01 -0.5000E+01
      -0.5000E+01 -0.5000E+01 -0.5000E+01 -0.5000E+01 -0.5000E+01
      -0.5000E+01 -0.5000E+01 -0.5000E+01 -0.5000E+01 -0.5000E+01
      -0.5000E+01 -0.5000E+01 -0.5000E+01 -0.5000E+01 -0.5000E+01
      -0.5000E+01 -0.5000E+01 -0.5000E+01 -0.5000E+01 -0.5000E+01
      -0.5000E+01 -0.5000E+01 -0.5000E+01 -0.5000E+01 -0.5000E+01
      -0.5000E+01 -0.5000E+01 -0.5000E+01 -0.5000E+01 -0.5000E+01
      -0.5000E+01 -0.5000E+01 -0.5000E+01 -0.5000E+01 -0.5000E+01
      -0.5000E+01 -0.5000E+01 -0.5000E+01 -0.5000E+01 -0.5000E+01
      -0.5000E+01 -0.5000E+01 -0.5000E+01 -0.5000E+01 -0.5000E+01
      -0.5000E+01 -0.5000E+01 -0.5000E+01 -0.5000E+01 -0.5000E+01
      -0.5000E+01 -0.5000E+01 -0.5000E+01 -0.5000E+01 -0.5000E+01
      -0.5000E+01 -0.5000E+01 -0.5000E+01 -0.5000E+01 -0.5000E+01
      -0.5000E+01 -0.5000E+01 -0.5000E+01 -0.5000E+01 -0.5000E+01
      -0.5000E+01 -0.5000E+01 -0.5000E+01 -0.2472E-02 -0.5000E+01
      -0.5000E+01 -0.5000E+01 -0.5000E+01 -0.5000E+01 -0.5000E+01
      -0.5000E+01 -0.5000E+01 -0.5000E+01 -0.5000E+01 -0.5000E+01
      -0.5000E+01 -0.5000E+01 -0.5000E+01 -0.5000E+01 -0.5000E+01
      -0.5000E+01 -0.5000E+01 -0.5000E+01 -0.5000E+01 -0.5000E+01
      -0.5000E+01 -0.5000E+01 -0.5000E+01 -0.5000E+01 -0.5000E+01
      -0.5000E+01 -0.5000E+01 -0.5000E+01 -0.5000E+01 -0.5000E+01
      -0.5000E+01 -0.5000E+01 -0.5000E+01 -0.5000E+01 -0.5000E+01
      -0.5000E+01 -0.5000E+01 -0.5000E+01 -0.5000E+01 -0.5000E+01
      -0.5000E+01 -0.5000E+01 -0.5000E+01 -0.5000E+01 -0.5000E+01
      -0.5000E+01 -0.5000E+01 -0.5000E+01 -0.5000E+01 -0.5000E+01
      -0.5000E+01 -0.5000E+01 -0.5000E+01 -0.5000E+01 -0.5000E+01
      -0.5000E+01 -0.5000E+01 -0.5000E+01  0.3554E-01 -0.5000E+01
      -0.5000E+01 -0.5000E+01 -0.5000E+01  0.1502E-01 -0.5000E+01
      -0.5000E+01 -0.5000E+01 -0.1459E-02  0.1009E-01 -0.5000E+01
       0.1529E-01  0.2159E-01 -0.5000E+01 -0.5000E+01 -0.5000E+01
      -0.5000E+01 -0.5000E+01 -0.5000E+01 -0.5000E+01 -0.5000E+01
      -0.5000E+01 -0.5000E+01 -0.5000E+01 -0.5000E+01 -0.5000E+01
      -0.5000E+01 -0.5000E+01 -0.5000E+01  0.2551E-01 -0.5000E+01
       0.1920E-01 -0.5000E+01 -0.5000E+01 -0.5000E+01 -0.5000E+01
      -0.5000E+01 -0.5000E+01 -0.5000E+01  0.5594E-02  0.1214E-01
      -0.5000E+01  0.4208E-01  0.1952E-01 -0.5000E+01 -0.5000E+01
      -0.5000E+01 -0.5000E+01 -0.5000E+01  0.1443E-01 -0.5000E+01
      -0.5000E+01 -0.5000E+01 -0.5000E+01 -0.5000E+01 -0.5000E+01
      -0.5000E+01  0.1092E-01  0.8254E-02  0.1483E-01  0.6076E-02
       0.4528E-02 -0.5000E+01 -0.5000E+01 -0.3150E-02 -0.5000E+01
      -0.5000E+01  0.2193E-02  0.7222E-02 -0.1937E-02  0.1093E-01
       0.1556E-02  0.1705E-02 -0.4279E-02 -0.7533E-02 -0.5000E+01
      -0.5000E+01  0.7597E-02  0.4072E-02  0.7130E-02  0.6343E-02
      -0.5000E+01 -0.2992E-02 -0.5000E+01 -0.5928E-02 -0.5000E+01
      -0.5000E+01  0.1141E-01  0.9340E-02  0.8192E-02  0.4849E-02
      -0.2571E-02 -0.3619E-03 -0.5673E-02 -0.3596E-02 -0.5000E+01
      -0.5000E+01  0.2566E-02 -0.5000E+01 -0.6608E-03  0.8333E-02
       0.4094E-02  0.5598E-03 -0.1512E-02 -0.7107E-02 -0.5000E+01
      -0.5000E+01  0.3108E-02  0.3836E-02  0.4633E-03  0.2563E-02
       0.1853E-03  0.2053E-02 -0.8444E-04 -0.9864E-03 -0.5000E+01
      -0.5000E+01  0.1456E-01  0.4625E-02  0.1012E-01 -0.1207E-02
      -0.3647E-02  0.6891E-02 -0.3460E-02 -0.4088E-02 -0.5000E+01
      -0.5000E+01  0.3103E-02  0.1957E-02  0.5056E-02  0.5218E-03
       0.3762E-02 -0.8306E-03 -0.2649E-02 -0.6932E-02 -0.1334E-01
      -0.5000E+01  0.9066E-02  0.8361E-02  0.3861E-02  0.2057E-02
       0.3122E-02 -0.1182E-02 -0.6736E-02 -0.9823E-02 -0.5000E+01
      -0.5000E+01  0.1091E-01  0.1318E-01  0.5498E-02  0.8408E-03
       0.9010E-05  0.3970E-02 -0.3730E-02  0.2073E-03 -0.9962E-02
      -0.5000E+01  0.7169E-02 -0.2053E-02  0.5513E-02  0.2495E-02
      -0.2053E-02 -0.6727E-02 -0.4318E-02 -0.4891E-02 -0.1268E-01
      -0.5000E+01  0.7458E-02  0.5218E-02  0.4274E-02  0.5098E-02
       0.1330E-02 -0.8314E-03  0.5522E-02 -0.3798E-02 -0.4852E-02
      -0.5000E+01  0.1053E-01  0.6463E-02  0.7018E-02  0.6711E-02
       0.7391E-03  0.3568E-02  0.4145E-02 -0.6301E-03 -0.2304E-02
      -0.5000E+01  0.6990E-02  0.3711E-02  0.6761E-02  0.6420E-02
      -0.3072E-03 -0.2863E-02 -0.8298E-02 -0.5828E-02 -0.1211E-01
      -0.5000E+01  0.6152E-02  0.8338E-02  0.4005E-02  0.8137E-02
       0.1307E-02 -0.2778E-03 -0.4938E-02 -0.8655E-02 -0.1512E-01
      -0.5000E+01  0.6603E-02  0.7191E-02  0.4829E-02  0.3103E-02
      -0.7762E-03 -0.1882E-02 -0.2625E-02 -0.9057E-02 -0.1762E-01
      -0.5000E+01  0.9537E-02  0.5382E-02  0.7482E-02  0.6341E-02
      -0.2334E-02 -0.1556E-02 -0.9148E-02 -0.1409E-01 -0.1321E-01
      -0.5000E+01  0.2142E-02  0.5895E-02  0.2033E-02  0.1153E-02
       0.3937E-03  0.2508E-02 -0.3370E-02 -0.2069E-02 -0.8441E-02
      -0.5000E+01  0.1044E-01  0.1088E-01  0.8943E-02  0.6002E-02
       0.5482E-02  0.5401E-02  0.4177E-03 -0.4240E-02  0.1562E-02
      -0.5000E+01  0.7905E-02  0.6380E-02  0.8744E-02  0.6234E-02
       0.9403E-03  0.5962E-02  0.1834E-02 -0.8648E-02 -0.1033E-01
      -0.5000E+01  0.8823E-02  0.4683E-02  0.7458E-02  0.1445E-02
       0.3251E-02  0.2311E-02 -0.4334E-02 -0.8019E-02 -0.1037E-01
      -0.5000E+01  0.9379E-02  0.7012E-02  0.3437E-02  0.1300E-02
       0.1094E-02 -0.4349E-02 -0.4555E-02 -0.1167E-01 -0.8527E-02
      -0.5000E+01  0.1359E-01  0.6520E-02  0.6222E-02  0.2911E-02
       0.2005E-02 -0.6593E-02 -0.6655E-02 -0.1193E-01 -0.1496E-01
      -0.5000E+01  0.8574E-02  0.2514E-02  0.5848E-02  0.1463E-02
       0.3418E-02  0.2212E-02 -0.7478E-02 -0.5423E-02 -0.2167E-02
      -0.5000E+01  0.3563E-02  0.6158E-02  0.8766E-02  0.5085E-02
       0.8566E-02  0.2658E-02 -0.9132E-04 -0.5182E-02 -0.2134E-02
      -0.5000E+01  0.3240E-02  0.2494E-02  0.1488E-02  0.2371E-02
       0.7585E-02  0.7425E-03 -0.8677E-03 -0.5365E-02 -0.5000E+01
      -0.5000E+01  0.1119E-01 -0.5000E+01 -0.5000E+01 -0.5000E+01
      -0.5000E+01 -0.5000E+01 -0.5000E+01 -0.5000E+01 -0.5000E+01
      -0.5000E+01  0.6559E-02  0.9676E-02  0.7001E-02  0.2184E-02
       0.4965E-03  0.1271E-02 -0.4306E-03 -0.1186E-01 -0.1347E-01
      -0.5000E+01  0.7534E-02  0.4797E-02  0.3694E-02 -0.5000E+01
       0.4979E-02 -0.5000E+01 -0.2883E-02 -0.6368E-02 -0.5000E+01
      -0.5000E+01  0.7603E-02  0.8028E-02  0.5455E-02  0.6913E-02
       0.6656E-02 -0.3778E-03 -0.5074E-03 -0.3181E-03 -0.1006E-01
      -0.5000E+01 -0.5000E+01 -0.5000E+01 -0.5000E+01 -0.5000E+01
      -0.5000E+01 -0.5000E+01 -0.5000E+01 -0.5000E+01 -0.5000E+01
      -0.5000E+01 -0.5000E+01 -0.5000E+01 -0.5000E+01 -0.5000E+01
      -0.5000E+01 -0.5000E+01 -0.5000E+01 -0.5000E+01 -0.5000E+01
      -0.5000E+01 -0.5000E+01 -0.5000E+01 -0.5000E+01 -0.5000E+01
      -0.5000E+01 -0.5000E+01 -0.5000E+01 -0.5000E+01 -0.5000E+01
      -0.5000E+01 -0.5000E+01 -0.5000E+01 -0.5000E+01 -0.5000E+01
      -0.5000E+01 -0.5000E+01 -0.5000E+01 -0.5000E+01 -0.5000E+01
      -0.5000E+01 -0.5000E+01 -0.5000E+01 -0.5000E+01 -0.5000E+01
      -0.5000E+01 -0.5000E+01 -0.5000E+01 -0.5000E+01 -0.5000E+01
      -0.5000E+01 -0.5000E+01 -0.5000E+01 -0.5000E+01 -0.5000E+01
      -0.5000E+01 -0.5000E+01 -0.5000E+01 -0.5000E+01 -0.5000E+01
      -0.5000E+01 -0.5000E+01 -0.5000E+01 -0.5000E+01 -0.5000E+01
      -0.1202E-01 -0.5000E+01 -0.5000E+01 -0.5399E-02 -0.5000E+01
      -0.5000E+01 -0.5000E+01 -0.5000E+01 -0.5000E+01 -0.5000E+01
      -0.5000E+01 -0.5000E+01 -0.5000E+01 -0.5000E+01 -0.5000E+01
      -0.5000E+01 -0.5000E+01 -0.3161E-02 -0.5000E+01 -0.5000E+01
      -0.5000E+01 -0.5000E+01 -0.5000E+01 -0.5000E+01 -0.5000E+01
      -0.5000E+01 -0.5000E+01 -0.5000E+01 -0.5000E+01 -0.1833E-02
      -0.5000E+01 -0.5000E+01 -0.5000E+01 -0.5000E+01 -0.5000E+01
      -0.5000E+01 -0.5000E+01 -0.5000E+01 -0.5000E+01 -0.5000E+01
      -0.5000E+01 -0.5000E+01 -0.5000E+01 -0.5000E+01 -0.5000E+01
      -0.5000E+01 -0.5000E+01 -0.5000E+01 -0.5000E+01 -0.5000E+01
      -0.5000E+01 -0.5000E+01 -0.5000E+01 -0.5000E+01 -0.5000E+01
      -0.5000E+01  0.1092E-01  0.1149E-01  0.8242E-02  0.8215E-02
       0.1850E-02  0.7827E-02  0.3323E-02 -0.3508E-02 -0.5000E+01
      -0.5000E+01  0.3331E-02  0.1194E-02 -0.9611E-03 -0.7171E-03
      -0.2125E-02 -0.6486E-02 -0.8847E-02 -0.9382E-02 -0.5000E+01
      -0.5000E+01  0.4760E-02  0.6786E-02 -0.2872E-03  0.6984E-03
       0.2448E-02 -0.4571E-02 -0.2496E-02 -0.5000E+01 -0.5000E+01
      -0.5000E+01  0.8847E-02  0.7209E-02  0.5109E-02  0.4868E-02
       0.2524E-02  0.1577E-02 -0.1156E-01 -0.8449E-02 -0.5000E+01
      -0.5000E+01  0.7337E-03  0.4771E-02  0.8579E-02  0.5038E-04
       0.3550E-03 -0.5652E-02 -0.2346E-02 -0.4958E-02 -0.5000E+01
      -0.5000E+01  0.8101E-02  0.2082E-02  0.3168E-02  0.4363E-02
      -0.1433E-02  0.1823E-02 -0.3586E-02 -0.4347E-02 -0.5000E+01
      -0.5000E+01  0.1260E-01  0.8452E-02  0.1031E-01  0.7320E-02
       0.7052E-02  0.3136E-02  0.2794E-02 -0.6082E-02 -0.3400E-02
      -0.5000E+01  0.6438E-02  0.7900E-02  0.2145E-02  0.1675E-03
       0.5182E-04 -0.5085E-02 -0.5945E-02 -0.5854E-02 -0.5000E+01
      -0.5000E+01  0.1396E-01  0.2001E-02  0.7296E-02  0.5471E-02
      -0.3043E-03  0.7526E-03 -0.7002E-02 -0.3942E-02 -0.5000E+01
      -0.5000E+01  0.7930E-02  0.6149E-02  0.6612E-02  0.7047E-02
      -0.1244E-02 -0.2356E-02 -0.2409E-02 -0.9309E-02 -0.5000E+01
      -0.5000E+01  0.5541E-02  0.4635E-02  0.4250E-02  0.3732E-02
      -0.6986E-03 -0.1931E-02 -0.7085E-02 -0.9488E-02 -0.5000E+01
      -0.5000E+01  0.7663E-02  0.7556E-02  0.2353E-02  0.1068E-02
      -0.7194E-03  0.1671E-02 -0.2715E-02 -0.7019E-02 -0.1499E-01
      -0.5000E+01  0.8335E-02  0.7993E-02  0.3146E-02  0.7711E-02
       0.3268E-03 -0.2551E-02  0.2037E-02 -0.6733E-02 -0.1289E-01
      -0.5000E+01  0.6981E-02  0.2967E-02  0.1313E-02  0.2331E-02
       0.6580E-03 -0.2923E-02 -0.5859E-02 -0.1014E-01 -0.1425E-01
      -0.5000E+01  0.7121E-02  0.2318E-02  0.6353E-02  0.1940E-02
      -0.1357E-02 -0.4377E-02 -0.7054E-02 -0.1371E-01 -0.1520E-01
       0.8097E-02  0.5996E-02  0.6060E-02  0.4749E-02  0.3655E-02
       0.3988E-02 -0.3595E-02 -0.4941E-02 -0.5397E-02 -0.1148E-01
      -0.5000E+01  0.9434E-02  0.3953E-02  0.2840E-02  0.3852E-02
       0.1442E-02 -0.3377E-02 -0.7379E-02 -0.7021E-02 -0.1010E-01
      -0.5000E+01  0.7177E-02  0.5203E-02  0.6557E-02  0.4828E-02
       0.1932E-03  0.9088E-03 -0.3192E-02 -0.8775E-02 -0.1104E-01
       0.5655E-02  0.5873E-02  0.9125E-02  0.6172E-02  0.3650E-02
       0.3291E-02 -0.3040E-02 -0.5561E-02 -0.5653E-02 -0.6951E-02
       0.4745E-02  0.3879E-02  0.3703E-02  0.1428E-02  0.1892E-02
      -0.7524E-03 -0.6819E-03 -0.4321E-02 -0.9072E-02 -0.1491E-01
       0.1008E-01  0.1040E-01  0.5637E-02  0.5899E-02  0.4771E-02
       0.1838E-02 -0.5272E-03 -0.6121E-02 -0.1166E-01 -0.1379E-01
       0.7269E-02  0.5216E-02  0.4014E-02  0.3604E-02  0.1511E-02
      -0.2324E-03 -0.3472E-02 -0.4940E-02 -0.1041E-01 -0.1529E-01
       0.4636E-02  0.6431E-02  0.4383E-02  0.4386E-02  0.2206E-02
       0.2153E-02 -0.4334E-02 -0.2792E-02 -0.9361E-02 -0.1162E-01
       0.1734E-02  0.3986E-02  0.4749E-02  0.5856E-02  0.1184E-02
       0.9725E-03 -0.1004E-02 -0.3090E-02 -0.6080E-02 -0.1541E-01
       0.7059E-02  0.8408E-02  0.6955E-02  0.4386E-02  0.3178E-02
       0.3054E-02 -0.1905E-02 -0.6296E-02 -0.9338E-02 -0.8239E-02
       0.5139E-02  0.3703E-02  0.5710E-02  0.4618E-02  0.1791E-02
      -0.8762E-03 -0.4415E-03 -0.7416E-02 -0.9366E-02 -0.1223E-01
       0.1038E-01  0.8981E-02  0.5573E-02  0.4090E-02  0.2904E-02
       0.1634E-02 -0.7357E-03 -0.4530E-02 -0.1122E-01 -0.1231E-01
       0.1054E-01  0.6714E-02  0.5422E-02  0.3419E-02  0.1212E-02
       0.3119E-03 -0.4900E-02 -0.6090E-02 -0.1166E-01 -0.1608E-01
       0.5401E-02  0.7768E-02  0.7208E-02  0.3531E-02  0.5643E-02
      -0.1264E-02 -0.1809E-02 -0.7692E-02 -0.1201E-01 -0.1552E-01
       0.5794E-02  0.6872E-02  0.4310E-02  0.2958E-02  0.3907E-02
       0.2747E-03 -0.1433E-02 -0.5623E-02 -0.5173E-02 -0.1118E-01
       0.6172E-02  0.8080E-02  0.7112E-02  0.5219E-02  0.1223E-02
       0.3100E-02  0.6844E-03 -0.4508E-02 -0.7944E-02 -0.9279E-02
       0.4827E-02  0.5194E-02  0.5127E-02  0.1063E-02  0.1320E-02
      -0.4279E-03 -0.1548E-02 -0.8486E-02 -0.1079E-01 -0.1166E-01
       0.6558E-02  0.5659E-02  0.5948E-02  0.3169E-02  0.3641E-02
       0.4335E-02 -0.1008E-02 -0.2727E-02 -0.9292E-02 -0.1487E-01
       0.8822E-02  0.7047E-02  0.6454E-02  0.3076E-02  0.1144E-02
      -0.7779E-04 -0.3674E-02 -0.8407E-02 -0.1237E-01 -0.1594E-01
       0.6400E-02  0.7574E-02  0.4573E-02  0.4130E-02  0.8754E-03
      -0.2296E-02 -0.1914E-02 -0.7535E-02 -0.1247E-01 -0.1641E-01
       0.7428E-02  0.6307E-02  0.4566E-02  0.6399E-02  0.1643E-02
       0.1383E-02 -0.8343E-03 -0.2246E-02 -0.6653E-02 -0.8136E-02
       0.5199E-02  0.8975E-02  0.5371E-02  0.4946E-02  0.1760E-02
       0.2853E-02 -0.1002E-02 -0.2422E-02 -0.8430E-02 -0.2453E-02
       0.6196E-02  0.5520E-02  0.8294E-02  0.5778E-02  0.8960E-03
      -0.1728E-02 -0.3490E-02 -0.6222E-02 -0.1089E-01 -0.1289E-01
       0.2695E-02  0.9758E-02  0.5025E-02  0.4192E-02  0.2063E-02
      -0.5000E+01 -0.5000E+01 -0.5000E+01 -0.5941E-02 -0.5000E+01
       0.7162E-02  0.6360E-02  0.5434E-02  0.2543E-02 -0.1155E-02
      -0.3445E-02 -0.4202E-02 -0.9758E-02 -0.1397E-01 -0.1714E-01
       0.5450E-02  0.4913E-02  0.4594E-02  0.5276E-02 -0.2908E-02
       0.2162E-03 -0.4402E-02 -0.6572E-02 -0.1116E-01 -0.1413E-01
       0.7851E-02  0.8213E-02  0.4356E-02  0.6214E-02  0.1479E-02
       0.1575E-02 -0.3708E-02 -0.7458E-02 -0.7014E-02 -0.9934E-02
      -0.5000E+01 -0.5000E+01 -0.5000E+01 -0.5000E+01 -0.5000E+01
      -0.5000E+01 -0.5000E+01 -0.5000E+01 -0.5000E+01 -0.5000E+01
      -0.5000E+01 -0.5000E+01 -0.5000E+01 -0.5000E+01 -0.5000E+01
      -0.5000E+01 -0.5000E+01 -0.5000E+01 -0.5000E+01 -0.5000E+01
      -0.5000E+01 -0.5000E+01 -0.5000E+01 -0.5000E+01 -0.5000E+01
      -0.5000E+01 -0.5000E+01 -0.5000E+01 -0.5000E+01 -0.5000E+01
      -0.5000E+01 -0.5000E+01 -0.5000E+01 -0.5000E+01 -0.5000E+01
      -0.5000E+01 -0.5000E+01 -0.5000E+01 -0.5000E+01 -0.5000E+01
      -0.5000E+01 -0.5000E+01 -0.5000E+01 -0.5000E+01 -0.5000E+01
      -0.5000E+01 -0.5000E+01 -0.5000E+01 -0.5000E+01 -0.5000E+01
      -0.5000E+01 -0.5000E+01 -0.5000E+01 -0.5000E+01 -0.5000E+01
      -0.5000E+01 -0.5000E+01 -0.5000E+01 -0.5000E+01 -0.5000E+01
      -0.5000E+01  0.4538E-02  0.1056E-01  0.2822E-02  0.2296E-02
       0.4385E-02  0.3953E-02  0.6803E-02 -0.2157E-02 -0.5000E+01
      -0.5000E+01 -0.5000E+01 -0.6676E-02 -0.1980E-02 -0.1039E-01
      -0.3703E-02 -0.5963E-02 -0.1135E-01 -0.1220E-01 -0.5000E+01
      -0.5000E+01  0.3095E-02  0.3944E-02 -0.3088E-03 -0.7727E-03
      -0.5000E+01 -0.1010E-01 -0.1043E-01 -0.5000E+01 -0.5000E+01
      -0.5000E+01  0.1396E-02  0.3432E-02  0.1467E-04  0.2859E-02
       0.2096E-02 -0.1475E-02 -0.2346E-02 -0.8829E-02 -0.5000E+01
      -0.5000E+01 -0.5000E+01  0.5771E-02  0.8698E-03 -0.6487E-02
      -0.1631E-02 -0.9177E-03 -0.1056E-01 -0.9102E-02 -0.5000E+01
      -0.5000E+01  0.5364E-02 -0.2065E-03  0.1579E-02  0.4467E-02
       0.5337E-02  0.2230E-02 -0.4496E-02 -0.5000E+01 -0.5000E+01
      -0.5000E+01  0.9407E-02  0.8336E-02  0.6603E-02  0.2825E-02
       0.4513E-03  0.1329E-02  0.1406E-02 -0.6711E-02 -0.5000E+01
      -0.5000E+01 -0.1654E-02 -0.3020E-03 -0.9059E-03 -0.3602E-02
      -0.4934E-02 -0.4661E-02 -0.8266E-02 -0.1043E-01 -0.5000E+01
      -0.5000E+01  0.5659E-02  0.2949E-02 -0.2778E-02  0.1817E-02
      -0.7627E-02 -0.4313E-02 -0.3396E-03 -0.1190E-02 -0.5000E+01
      -0.5000E+01  0.7328E-02  0.5675E-02  0.5793E-02  0.6993E-02
       0.1576E-02  0.2397E-02 -0.2092E-02 -0.8631E-02 -0.5000E+01
      -0.5000E+01  0.7905E-02  0.1798E-02  0.2978E-02 -0.1671E-03
       0.3626E-02 -0.2207E-02 -0.5500E-02 -0.6956E-02 -0.5000E+01
      -0.5000E+01  0.2915E-02  0.7402E-02  0.4674E-02  0.1222E-02
      -0.1004E-03 -0.4809E-03 -0.6745E-02 -0.9739E-02 -0.5000E+01
      -0.5000E+01  0.9884E-02  0.8293E-02  0.3617E-02  0.3156E-02
       0.1490E-02 -0.5073E-03 -0.1846E-02 -0.6635E-02 -0.1306E-01
      -0.5000E+01  0.2207E-02  0.3137E-02  0.4471E-02  0.1407E-03
      -0.6796E-03 -0.4072E-02 -0.5926E-02 -0.7160E-02 -0.1613E-01
      -0.5000E+01  0.3982E-02 -0.1076E-03 -0.1365E-03 -0.5448E-03
      -0.6396E-02 -0.4458E-02 -0.3667E-02 -0.7020E-03 -0.5000E+01
      -0.5000E+01  0.7658E-02  0.3869E-02  0.4192E-02  0.2645E-02
       0.9629E-03 -0.1325E-02 -0.3746E-02 -0.6392E-02 -0.1101E-01
      -0.5000E+01  0.3042E-02  0.3306E-02  0.3328E-02  0.2449E-02
      -0.1980E-02 -0.2156E-02 -0.4954E-02 -0.6823E-02 -0.1395E-01
      -0.5000E+01  0.4303E-02  0.6592E-02  0.3485E-02  0.2337E-02
       0.4103E-03 -0.1862E-02 -0.5116E-02 -0.1082E-01 -0.1047E-01
       0.8736E-02  0.5999E-02  0.6355E-02  0.4494E-02  0.6063E-02
       0.1117E-03  0.8134E-03 -0.4195E-02 -0.1021E-01 -0.9627E-02
       0.4186E-02  0.4394E-02  0.2114E-02  0.1967E-02  0.1085E-02
      -0.1340E-02 -0.2444E-02 -0.6945E-02 -0.1082E-01 -0.1226E-01
       0.3572E-02  0.2619E-02  0.4673E-02  0.2544E-02  0.1849E-02
      -0.5715E-03 -0.4262E-02 -0.9325E-02 -0.1250E-01 -0.1678E-01
       0.5086E-02  0.6659E-02  0.5921E-02  0.4299E-02  0.2521E-02
      -0.6174E-03 -0.2900E-02 -0.3848E-02 -0.7457E-02 -0.1178E-01
       0.2885E-02  0.4147E-02  0.2437E-02  0.3036E-02 -0.5381E-03
      -0.1632E-02 -0.5603E-02 -0.6229E-02 -0.9041E-02 -0.1200E-01
       0.4924E-02  0.3575E-02  0.4770E-02  0.2616E-02  0.1179E-02
      -0.2180E-02 -0.1656E-02 -0.4420E-02 -0.8838E-02 -0.9733E-02
       0.4416E-02  0.8023E-02  0.7794E-02  0.4815E-02  0.6050E-02
      -0.1120E-02 -0.2810E-02 -0.5334E-02 -0.8460E-02 -0.1181E-01
      -0.9873E-03  0.3466E-02  0.2537E-02  0.2218E-02  0.1624E-02
      -0.1351E-02 -0.4146E-02 -0.5756E-02 -0.1140E-01 -0.1387E-01
       0.2923E-02  0.4266E-02  0.4497E-02  0.4361E-02  0.1875E-02
       0.1208E-03 -0.3966E-02 -0.5362E-02 -0.1164E-01 -0.1262E-01
       0.1003E-01  0.6039E-02  0.4242E-02  0.2251E-02  0.7951E-03
      -0.3553E-03 -0.3215E-02 -0.8321E-02 -0.1300E-01 -0.1685E-01
       0.6204E-02  0.3697E-02  0.3736E-02  0.8755E-03  0.2059E-03
      -0.3506E-02 -0.6880E-02 -0.7565E-02 -0.9979E-02 -0.1237E-01
       0.6091E-02  0.5936E-02  0.2727E-02  0.3132E-02  0.1531E-02
      -0.2127E-02 -0.1776E-02 -0.5187E-02 -0.9178E-02 -0.1400E-01
       0.9926E-02  0.6911E-02  0.5618E-02  0.2928E-02  0.3327E-02
       0.4685E-03 -0.5302E-02 -0.5669E-02 -0.1066E-01 -0.1443E-01
       0.3243E-02  0.5239E-02  0.3610E-02  0.2465E-02  0.2481E-02
      -0.1610E-02 -0.4479E-02 -0.6221E-02 -0.1085E-01 -0.1212E-01
       0.1169E-01  0.9045E-02  0.5897E-02  0.3492E-02  0.2926E-02
       0.4212E-02 -0.2060E-02 -0.6285E-02 -0.9435E-02 -0.1373E-01
       0.1100E-01  0.7353E-02  0.4173E-02  0.1173E-02  0.6986E-03
      -0.3277E-02 -0.6513E-02 -0.9379E-02 -0.1467E-01 -0.1734E-01
       0.4775E-02  0.3833E-02  0.3851E-02  0.2287E-02 -0.1156E-02
      -0.3639E-02 -0.4781E-02 -0.1168E-01 -0.1563E-01 -0.1847E-01
       0.9263E-02  0.5241E-02  0.3904E-02  0.1955E-02  0.7766E-03
      -0.3343E-03 -0.2414E-02 -0.6504E-02 -0.1136E-01 -0.1207E-01
       0.3531E-02  0.5285E-02  0.6464E-02  0.1067E-02 -0.2485E-03
      -0.7390E-05 -0.3257E-02 -0.6999E-02 -0.9579E-02 -0.1244E-01
       0.6073E-02  0.5384E-02  0.4151E-02  0.4933E-02  0.1092E-02
       0.6912E-03 -0.4421E-02 -0.5816E-02 -0.1261E-01 -0.1355E-01
       0.5079E-02  0.6008E-02  0.4039E-02  0.6706E-03  0.1554E-02
      -0.1389E-03 -0.8756E-03 -0.3050E-02 -0.9311E-02 -0.1528E-01
       0.1028E-01  0.6621E-02  0.4958E-02  0.3307E-02 -0.2944E-02
      -0.5230E-02 -0.7373E-02 -0.9802E-02 -0.1462E-01 -0.1858E-01
       0.6874E-02  0.3891E-02  0.7485E-03 -0.2115E-03 -0.1974E-02
      -0.3092E-02 -0.9272E-02 -0.1254E-01 -0.1576E-01 -0.2023E-01
       0.8472E-02  0.6229E-02  0.5128E-02  0.2568E-02  0.8161E-03
       0.7813E-03 -0.2036E-02 -0.5738E-02 -0.9840E-02 -0.1511E-01
      -0.5000E+01  0.3063E-02  0.3857E-02  0.1755E-02  0.9225E-03
       0.1944E-03 -0.1933E-02 -0.3500E-02 -0.7359E-02 -0.7775E-02
       0.7561E-02  0.3908E-02  0.4020E-02  0.7215E-02  0.2758E-03
      -0.4364E-02 -0.7755E-02 -0.7667E-02 -0.1150E-01 -0.1745E-01
      -0.5000E+01  0.5359E-02  0.5074E-02 -0.5000E+01 -0.5000E+01
      -0.5000E+01 -0.5000E+01 -0.5000E+01 -0.5000E+01 -0.5000E+01
      -0.5000E+01  0.6803E-02  0.8849E-02  0.1693E-02 -0.6849E-04
      -0.6039E-02 -0.7605E-02 -0.1233E-01 -0.1732E-01 -0.1913E-01
       0.5823E-02  0.2241E-02  0.1385E-02  0.3518E-03 -0.2429E-02
      -0.7893E-02 -0.8747E-02 -0.9294E-02 -0.1456E-01 -0.2202E-01
      -0.5000E+01  0.5748E-02  0.4081E-02  0.8674E-03 -0.1398E-02
      -0.4827E-03 -0.1423E-02 -0.7050E-02 -0.1106E-01 -0.1398E-01
      -0.5000E+01 -0.5000E+01 -0.5000E+01 -0.5000E+01  0.1041E-02
      -0.5000E+01 -0.5000E+01 -0.5000E+01 -0.5000E+01 -0.5000E+01
      -0.5000E+01 -0.5000E+01 -0.5000E+01 -0.7788E-02  0.2155E-01
      -0.5000E+01 -0.1263E-01 -0.9622E-02 -0.5000E+01 -0.5000E+01
      -0.5000E+01 -0.5000E+01 -0.5000E+01 -0.5000E+01 -0.5000E+01
      -0.5000E+01 -0.5000E+01 -0.5000E+01 -0.5000E+01 -0.5000E+01
      -0.5000E+01 -0.5000E+01  0.2050E-01 -0.5000E+01 -0.5000E+01
      -0.5000E+01  0.4021E-02 -0.5000E+01 -0.5000E+01 -0.5000E+01
      -0.5000E+01 -0.5000E+01 -0.5000E+01 -0.5000E+01 -0.5000E+01
      -0.5000E+01 -0.5000E+01 -0.5000E+01 -0.5000E+01 -0.5000E+01
      -0.5000E+01 -0.5000E+01 -0.5000E+01  0.9969E-02 -0.5000E+01
      -0.5000E+01 -0.5000E+01 -0.5000E+01 -0.5000E+01 -0.5000E+01
      -0.5000E+01  0.5572E-02  0.5075E-02  0.4697E-02  0.7584E-02
       0.3194E-02  0.2788E-02 -0.2541E-02 -0.1076E-02 -0.5000E+01
      -0.5000E+01 -0.7410E-02 -0.7069E-02 -0.3870E-02 -0.3303E-02
      -0.1003E-01 -0.5842E-02 -0.1278E-01 -0.1312E-01 -0.5000E+01
      -0.5000E+01 -0.4938E-02 -0.5624E-02 -0.4446E-02 -0.4066E-02
      -0.3875E-02 -0.4957E-02 -0.6782E-02 -0.4137E-02 -0.5000E+01
      -0.5000E+01  0.4567E-02  0.3108E-02  0.2541E-02  0.9274E-03
      -0.6086E-03 -0.3427E-02 -0.3354E-02 -0.1009E-01 -0.5000E+01
      -0.5000E+01  0.5452E-02 -0.3294E-02 -0.2963E-02 -0.4546E-02
      -0.2149E-02 -0.6605E-02 -0.5276E-02 -0.3613E-02 -0.5000E+01
      -0.5000E+01  0.1984E-02  0.3132E-02  0.3282E-02 -0.1291E-02
      -0.2914E-02  0.1634E-03 -0.6959E-02 -0.6272E-02 -0.5000E+01
      -0.5000E+01  0.3255E-02  0.4307E-02  0.4565E-02  0.2427E-02
       0.3291E-02  0.8258E-03 -0.2815E-02 -0.4903E-02 -0.5000E+01
      -0.5000E+01 -0.1997E-02 -0.7543E-03 -0.3129E-02 -0.2578E-02
      -0.4550E-02 -0.5415E-02 -0.7083E-02 -0.9552E-02 -0.5000E+01
      -0.5000E+01  0.1399E-02  0.1250E-02  0.2196E-02 -0.8582E-03
      -0.2814E-02 -0.5438E-02 -0.4779E-02 -0.2489E-02 -0.5000E+01
      -0.5000E+01  0.8617E-02  0.3811E-02  0.4060E-02  0.2693E-02
       0.1363E-02 -0.6469E-03 -0.3200E-02 -0.2908E-02 -0.5000E+01
      -0.5000E+01 -0.1454E-02 -0.2533E-02  0.1129E-02  0.5654E-03
      -0.2216E-02 -0.4112E-02 -0.5052E-02 -0.5847E-02 -0.5000E+01
      -0.5000E+01  0.4747E-02  0.4655E-02  0.2586E-02  0.2391E-02
       0.2809E-04 -0.2518E-02 -0.4386E-02 -0.8090E-02 -0.1375E-01
      -0.5000E+01  0.4221E-02  0.5753E-02  0.3253E-02  0.4316E-02
       0.3576E-02 -0.3111E-02 -0.2299E-02 -0.9431E-02 -0.9443E-02
      -0.5000E+01  0.4489E-02  0.1886E-02  0.2560E-02  0.4252E-03
      -0.1109E-02 -0.2680E-02 -0.7212E-02 -0.1069E-01 -0.9979E-02
      -0.5000E+01  0.3178E-02  0.3263E-02  0.5793E-03 -0.7330E-03
      -0.1330E-03 -0.4374E-02 -0.8459E-02 -0.1569E-02 -0.5000E+01
       0.2869E-02  0.6118E-02  0.4825E-02  0.5406E-02  0.2289E-02
       0.1801E-02 -0.2129E-02 -0.3061E-02 -0.6666E-02 -0.1074E-01
       0.4092E-02  0.3299E-03  0.4026E-03  0.7370E-04 -0.1123E-02
      -0.2383E-02 -0.6323E-02 -0.9120E-02 -0.1025E-01 -0.1253E-01
      -0.5000E+01  0.2891E-02  0.3045E-02  0.2316E-02  0.1436E-02
       0.4882E-03 -0.1686E-02 -0.3975E-02 -0.9152E-02 -0.1486E-01
       0.6776E-02  0.6216E-02  0.4371E-02  0.3129E-02  0.3092E-02
       0.3014E-02 -0.1280E-02 -0.6621E-02 -0.1111E-01 -0.1274E-01
       0.2872E-02  0.3667E-02  0.3292E-02  0.1169E-02  0.8590E-04
      -0.5489E-03 -0.2483E-02 -0.4929E-02 -0.9830E-02 -0.1489E-01
       0.1337E-02  0.3040E-02  0.9731E-03  0.2350E-02 -0.1076E-02
      -0.2669E-02 -0.4428E-02 -0.8325E-02 -0.1504E-01 -0.1960E-01
       0.5137E-02  0.5652E-02  0.4574E-02  0.2700E-02 -0.5078E-03
       0.5988E-03 -0.3282E-02 -0.4583E-02 -0.8355E-02 -0.1538E-01
       0.4934E-02  0.2254E-02  0.5417E-03 -0.7146E-03 -0.2377E-02
      -0.4739E-02 -0.4254E-02 -0.7846E-02 -0.1044E-01 -0.1253E-01
       0.3122E-02  0.4583E-02  0.3739E-02  0.1204E-02  0.1088E-02
      -0.3681E-03 -0.2515E-02 -0.7584E-02 -0.1047E-01 -0.1722E-01
       0.7854E-02  0.6818E-02  0.5483E-02  0.3812E-02 -0.8557E-03
       0.1915E-03 -0.4380E-02 -0.7574E-02 -0.1053E-01 -0.1473E-01
       0.4686E-02  0.2483E-02  0.1148E-02  0.2160E-02  0.8234E-03
      -0.5645E-03 -0.2895E-02 -0.6001E-02 -0.9681E-02 -0.1467E-01
       0.5273E-02  0.3817E-02  0.4836E-02  0.1855E-02  0.4667E-03
       0.5305E-03 -0.4015E-02 -0.8605E-02 -0.9433E-02 -0.1416E-01
       0.3987E-02  0.6242E-02  0.5025E-02  0.1208E-02  0.3964E-03
      -0.3312E-02 -0.4554E-02 -0.7287E-02 -0.1164E-01 -0.1620E-01
       0.3226E-02  0.2526E-02  0.7623E-03 -0.1195E-02 -0.3435E-02
      -0.5951E-02 -0.6721E-02 -0.1023E-01 -0.1150E-01 -0.1463E-01
       0.6325E-02  0.5975E-02  0.4229E-02  0.1807E-02 -0.1570E-02
      -0.2418E-02 -0.2961E-02 -0.5215E-02 -0.9604E-02 -0.1488E-01
      -0.5000E+01  0.6947E-02  0.4916E-02  0.1864E-02 -0.2103E-03
      -0.7711E-03 -0.8012E-02 -0.6690E-02 -0.1087E-01 -0.1323E-01
       0.6698E-02  0.5304E-02  0.4325E-02  0.2480E-02  0.1028E-02
       0.4724E-03 -0.5138E-02 -0.6643E-02 -0.1132E-01 -0.1724E-01
       0.9749E-02  0.9307E-02  0.6150E-02  0.3159E-02  0.1686E-02
       0.1894E-02 -0.3355E-03 -0.3878E-02 -0.1057E-01 -0.1358E-01
       0.7623E-02  0.7672E-02  0.3761E-02  0.1866E-02 -0.2746E-02
      -0.4037E-02 -0.8200E-02 -0.1084E-01 -0.1487E-01 -0.1980E-01
       0.6950E-02  0.3461E-02  0.2371E-02 -0.1614E-02 -0.5001E-02
      -0.4586E-02 -0.9026E-02 -0.1232E-01 -0.1550E-01 -0.1740E-01
       0.5025E-02  0.6311E-02  0.3408E-02  0.1069E-02 -0.2264E-02
      -0.3516E-02 -0.5181E-02 -0.8567E-02 -0.1138E-01 -0.1508E-01
      -0.5000E+01  0.7172E-02 -0.5000E+01 -0.5000E+01 -0.2149E-02
      -0.5000E+01 -0.5000E+01 -0.9457E-02 -0.1279E-01 -0.5000E+01
      -0.5000E+01  0.5344E-02  0.5612E-02  0.5261E-02 -0.1580E-02
      -0.1352E-02 -0.8535E-02 -0.1026E-01 -0.1164E-01 -0.5000E+01
       0.4292E-02  0.2148E-02  0.4501E-02  0.1442E-02  0.1148E-02
       0.2932E-02 -0.5000E+01 -0.3894E-02 -0.7870E-02 -0.5000E+01
      -0.5000E+01  0.8280E-02  0.6515E-02  0.1352E-02 -0.2781E-02
      -0.8025E-02 -0.7885E-02 -0.1104E-01 -0.1645E-01 -0.1979E-01
      -0.5000E+01  0.2526E-02  0.3534E-02 -0.1903E-02 -0.2789E-02
      -0.8885E-02 -0.7540E-02 -0.9798E-02 -0.1883E-01 -0.5000E+01
      -0.5000E+01  0.5400E-02  0.5399E-02  0.1180E-02 -0.5000E+01
      -0.5000E+01 -0.5000E+01 -0.7046E-02 -0.1179E-01 -0.5000E+01
      -0.5000E+01 -0.5000E+01 -0.5000E+01 -0.5000E+01 -0.5000E+01
      -0.5000E+01 -0.5000E+01 -0.5000E+01 -0.5000E+01 -0.5000E+01
      -0.5000E+01 -0.5000E+01 -0.5000E+01 -0.5000E+01 -0.5000E+01
      -0.5000E+01 -0.5000E+01 -0.5000E+01 -0.5000E+01 -0.5000E+01
      -0.5000E+01 -0.5000E+01 -0.5000E+01 -0.5000E+01 -0.5000E+01
      -0.5000E+01 -0.5000E+01 -0.5000E+01 -0.5000E+01 -0.5000E+01
      -0.5000E+01 -0.5000E+01 -0.5000E+01 -0.5000E+01 -0.5000E+01
      -0.5000E+01 -0.5000E+01 -0.5000E+01 -0.5000E+01 -0.5000E+01
      -0.5000E+01 -0.5000E+01 -0.5000E+01 -0.5000E+01 -0.5000E+01
      -0.5000E+01 -0.5000E+01 -0.5000E+01 -0.5000E+01 -0.5000E+01
      -0.5000E+01 -0.5000E+01 -0.5000E+01 -0.5000E+01 -0.5000E+01
      -0.5000E+01 -0.5000E+01 -0.5000E+01 -0.5000E+01 -0.5000E+01
      -0.5000E+01 -0.5000E+01 -0.5000E+01 -0.5000E+01  0.1031E-01
      -0.4023E-02 -0.7721E-02 -0.5424E-02 -0.5000E+01 -0.5000E+01
      -0.5000E+01 -0.5000E+01 -0.5000E+01 -0.5000E+01 -0.9220E-02
      -0.5000E+01 -0.9628E-02 -0.5000E+01 -0.5000E+01 -0.5000E+01
      -0.5000E+01 -0.5000E+01 -0.5000E+01 -0.5000E+01 -0.5000E+01
      -0.8136E-02 -0.5077E-02 -0.1953E-01 -0.5000E+01 -0.5000E+01
      -0.5000E+01 -0.5000E+01 -0.5000E+01 -0.5000E+01  0.1603E-02
      -0.5000E+01 -0.5000E+01 -0.5000E+01 -0.5000E+01 -0.5000E+01
      -0.5000E+01 -0.5000E+01 -0.5000E+01 -0.5000E+01 -0.5000E+01
      -0.8424E-02 -0.5000E+01 -0.1841E-02 -0.5000E+01 -0.5000E+01
      -0.5000E+01 -0.5000E+01 -0.6864E-03  0.2810E-02 -0.5000E+01
      -0.2101E-02  0.6111E-03 -0.5000E+01 -0.5000E+01 -0.5000E+01
      -0.5000E+01  0.4210E-02  0.3143E-02  0.4640E-02  0.7365E-02
       0.3704E-02  0.1080E-02 -0.3700E-02 -0.3493E-02 -0.5000E+01
      -0.5000E+01 -0.9130E-02 -0.6568E-02 -0.5775E-02 -0.5245E-02
      -0.7860E-02 -0.7910E-02 -0.1002E-01 -0.9708E-02 -0.5000E+01
      -0.5000E+01  0.1363E-02 -0.1187E-02 -0.3366E-02 -0.3620E-02
      -0.4126E-02 -0.1013E-01 -0.6869E-02 -0.1970E-02 -0.5000E+01
      -0.5000E+01  0.4952E-02  0.2859E-02  0.4808E-02  0.2730E-02
       0.1005E-02 -0.2011E-02 -0.1256E-02 -0.6295E-02 -0.5000E+01
      -0.5000E+01 -0.3452E-02 -0.1456E-02  0.3027E-03 -0.3073E-02
      -0.6431E-02 -0.3015E-02 -0.8333E-02 -0.1112E-01 -0.5000E+01
      -0.5000E+01 -0.1345E-02  0.5656E-02  0.1737E-02  0.9130E-03
      -0.1171E-02 -0.1211E-02 -0.5820E-02 -0.8066E-02 -0.5000E+01
      -0.5000E+01  0.6210E-02  0.4683E-02  0.2098E-02  0.3423E-02
       0.2488E-02  0.2008E-03 -0.6421E-03 -0.7220E-02 -0.5000E+01
      -0.5000E+01 -0.2831E-02 -0.8932E-03 -0.8710E-04 -0.9594E-03
      -0.3112E-02 -0.4089E-02 -0.6413E-02 -0.1127E-01 -0.5000E+01
      -0.5000E+01  0.2215E-02 -0.6996E-03 -0.3570E-02 -0.2410E-02
      -0.2730E-02 -0.3066E-02 -0.5288E-02 -0.2818E-03 -0.5000E+01
      -0.5000E+01  0.7810E-02  0.3880E-02  0.1383E-02  0.2741E-02
       0.1732E-03 -0.2843E-03 -0.4294E-02 -0.8842E-02 -0.5000E+01
      -0.5000E+01  0.7967E-03 -0.6260E-03 -0.1212E-02 -0.2725E-02
      -0.4144E-02 -0.8791E-02 -0.6490E-02 -0.7850E-02 -0.5000E+01
      -0.5000E+01  0.4306E-02  0.2405E-02  0.3040E-02  0.5852E-03
       0.9912E-04 -0.2844E-02 -0.5004E-02 -0.7781E-02 -0.5000E+01
      -0.5000E+01  0.7129E-02  0.5299E-02  0.3127E-02  0.3704E-03
       0.1255E-02 -0.7028E-03 -0.4608E-02 -0.8582E-02 -0.8100E-02
       0.5510E-03  0.1338E-02  0.1544E-02  0.7639E-03  0.5115E-03
      -0.2765E-02 -0.3706E-02 -0.5611E-02 -0.9625E-02 -0.1425E-01
      -0.5000E+01  0.1569E-02  0.7393E-03  0.1766E-02 -0.2962E-02
      -0.4631E-02 -0.2783E-02 -0.4904E-02 -0.5313E-02 -0.5000E+01
       0.1381E-02  0.5243E-02  0.4621E-02  0.3020E-02  0.1614E-02
      -0.7970E-04 -0.1240E-02 -0.4384E-02 -0.7601E-02 -0.7361E-02
       0.1146E-03  0.1598E-02 -0.1074E-02 -0.2508E-02 -0.3181E-02
      -0.5362E-02 -0.4627E-02 -0.4902E-02 -0.7715E-02 -0.1172E-01
      -0.5000E+01  0.4428E-02  0.4092E-02  0.1860E-02  0.5595E-03
      -0.1888E-02 -0.4134E-02 -0.7449E-02 -0.1096E-01 -0.1239E-01
      -0.5000E+01  0.7049E-02  0.5792E-02  0.3622E-02  0.9834E-03
       0.7062E-03 -0.1025E-02 -0.6566E-02 -0.7360E-02 -0.1308E-01
       0.4431E-02  0.4845E-02  0.2156E-02  0.1736E-02 -0.1574E-03
      -0.8741E-03 -0.3309E-02 -0.4339E-02 -0.9526E-02 -0.1390E-01
       0.4188E-02  0.3492E-02  0.1680E-02  0.1233E-03 -0.2390E-02
      -0.2380E-02 -0.6745E-02 -0.8938E-02 -0.1293E-01 -0.1949E-01
       0.7919E-02  0.4299E-02  0.5129E-02  0.2533E-02 -0.4506E-03
      -0.1402E-02 -0.3782E-02 -0.5651E-02 -0.8486E-02 -0.1204E-01
       0.6270E-03  0.1743E-02  0.1347E-02 -0.2154E-02 -0.6195E-02
      -0.2681E-02 -0.7479E-02 -0.1026E-01 -0.1016E-01 -0.1216E-01
       0.3185E-02  0.2854E-02  0.2556E-02  0.1212E-02 -0.8631E-03
      -0.4869E-02 -0.6542E-02 -0.7691E-02 -0.1054E-01 -0.1574E-01
      -0.5000E+01  0.8002E-02  0.4073E-02  0.2369E-02  0.7008E-04
      -0.1976E-02 -0.4064E-02 -0.7174E-02 -0.1134E-01 -0.1324E-01
       0.6901E-03  0.3296E-02  0.2018E-02  0.1154E-02  0.7411E-03
      -0.1429E-02 -0.5177E-02 -0.5888E-02 -0.1118E-01 -0.1487E-01
       0.4259E-02  0.3073E-02  0.3325E-02  0.2068E-02  0.5534E-03
      -0.1034E-02 -0.3621E-02 -0.7255E-02 -0.1262E-01 -0.1558E-01
       0.6436E-02  0.6709E-02  0.3090E-02  0.2012E-02 -0.2953E-02
      -0.3466E-02 -0.7382E-02 -0.9239E-02 -0.1355E-01 -0.1643E-01
       0.1863E-02  0.2516E-02  0.1261E-03 -0.2545E-02 -0.4096E-02
      -0.5389E-02 -0.8380E-02 -0.8933E-02 -0.1161E-01 -0.1448E-01
      -0.5000E+01  0.5908E-02  0.3018E-02  0.1853E-02 -0.1306E-02
      -0.5276E-02 -0.6481E-02 -0.8949E-02 -0.1128E-01 -0.1701E-01
      -0.5000E+01  0.3715E-02 -0.5000E+01 -0.5000E+01 -0.5000E+01
      -0.2320E-02 -0.5000E+01 -0.7439E-02 -0.1271E-01 -0.5000E+01
      -0.5000E+01  0.5966E-02  0.4255E-02  0.3581E-02 -0.1152E-02
      -0.2125E-02 -0.3788E-02 -0.8984E-02 -0.1303E-01 -0.5000E+01
      -0.5000E+01  0.9058E-02  0.5959E-02  0.6988E-02  0.1347E-02
      -0.2051E-02 -0.2647E-02 -0.4691E-02 -0.9055E-02 -0.5000E+01
      -0.5000E+01  0.7454E-02  0.6776E-02 -0.2736E-03 -0.3151E-02
      -0.5855E-02 -0.8662E-02 -0.1029E-01 -0.1479E-01 -0.1994E-01
       0.6370E-02  0.3220E-02  0.3515E-03 -0.1332E-02 -0.6190E-02
      -0.5465E-02 -0.1300E-01 -0.1108E-01 -0.1690E-01 -0.5000E+01
      -0.5000E+01  0.3672E-02 -0.5000E+01 -0.5000E+01 -0.3144E-02
      -0.5027E-02 -0.4233E-02 -0.1095E-01 -0.1348E-01 -0.5000E+01
      -0.5000E+01 -0.5000E+01 -0.5000E+01 -0.5000E+01 -0.5000E+01
      -0.5000E+01 -0.5000E+01 -0.5000E+01 -0.5000E+01 -0.5000E+01
      -0.5000E+01 -0.5000E+01 -0.5000E+01 -0.5000E+01 -0.5000E+01
      -0.5000E+01 -0.5000E+01 -0.5000E+01 -0.5000E+01 -0.5000E+01
      -0.5000E+01 -0.5000E+01 -0.5000E+01 -0.5000E+01 -0.5000E+01
      -0.5000E+01 -0.5000E+01 -0.5000E+01 -0.5000E+01 -0.5000E+01
      -0.5000E+01 -0.5000E+01 -0.5000E+01 -0.5000E+01 -0.5000E+01
      -0.5000E+01 -0.5000E+01 -0.5000E+01 -0.5000E+01 -0.5000E+01
      -0.5000E+01 -0.5000E+01 -0.5000E+01 -0.5000E+01 -0.5000E+01
      -0.5000E+01 -0.5000E+01 -0.5000E+01 -0.5000E+01 -0.5000E+01
      -0.5000E+01 -0.5000E+01 -0.5000E+01 -0.5000E+01 -0.5000E+01
      -0.5000E+01 -0.5000E+01 -0.5000E+01 -0.5000E+01 -0.5000E+01
      -0.5000E+01 -0.5000E+01 -0.5000E+01 -0.5000E+01 -0.5000E+01
      -0.5000E+01 -0.5000E+01 -0.5000E+01 -0.5000E+01 -0.5000E+01
      -0.5000E+01 -0.5000E+01 -0.5000E+01 -0.5000E+01 -0.5000E+01
      -0.5000E+01 -0.5000E+01 -0.5000E+01 -0.5000E+01 -0.5000E+01
      -0.5000E+01 -0.5000E+01 -0.5000E+01 -0.5000E+01 -0.5000E+01
      -0.5000E+01 -0.5000E+01 -0.5000E+01 -0.5000E+01 -0.5000E+01
      -0.5000E+01 -0.5000E+01 -0.5000E+01 -0.5000E+01 -0.5000E+01
      -0.5000E+01 -0.5000E+01 -0.5000E+01 -0.5000E+01 -0.5000E+01
      -0.5000E+01 -0.5000E+01 -0.5000E+01 -0.5000E+01 -0.5000E+01
      -0.5000E+01 -0.5000E+01 -0.5000E+01 -0.5000E+01 -0.5000E+01
      -0.5000E+01 -0.5000E+01 -0.5000E+01 -0.5000E+01 -0.5000E+01
      -0.5000E+01 -0.5000E+01 -0.5000E+01 -0.5000E+01 -0.5000E+01
      -0.5000E+01 -0.5000E+01 -0.5000E+01  0.2372E-02 -0.5000E+01
      -0.5000E+01 -0.5000E+01 -0.5000E+01 -0.5000E+01 -0.5000E+01
      -0.5000E+01 -0.5000E+01 -0.5000E+01 -0.2621E-01  0.6723E-02
      -0.3755E-02 -0.3661E-01 -0.2908E-02 -0.5000E+01 -0.5000E+01
      -0.5000E+01 -0.5000E+01 -0.5000E+01 -0.5000E+01 -0.5000E+01
      -0.5000E+01 -0.5000E+01 -0.5000E+01 -0.5000E+01 -0.5000E+01
      -0.5000E+01 -0.5000E+01 -0.5000E+01  0.1585E-01 -0.5000E+01
      -0.2748E-01 -0.1935E-01 -0.3928E-01 -0.5000E+01 -0.5000E+01
      -0.5000E+01 -0.5000E+01 -0.1599E-01 -0.5000E+01 -0.5000E+01
       0.4427E-03 -0.5000E+01 -0.2881E-01 -0.5000E+01 -0.5000E+01
      -0.5000E+01 -0.5000E+01  0.7575E-02  0.3594E-02 -0.5000E+01
      -0.5936E-02 -0.1950E-01 -0.5000E+01 -0.5000E+01 -0.5000E+01
      -0.5000E+01  0.2299E-02  0.3908E-02  0.9874E-03  0.8847E-03
       0.6226E-03 -0.2890E-03  0.7283E-03 -0.2315E-02 -0.5000E+01
      -0.5000E+01 -0.7872E-02 -0.9760E-02 -0.3737E-02 -0.4960E-02
      -0.6350E-02 -0.7478E-02 -0.9532E-02 -0.1247E-01 -0.5000E+01
      -0.5000E+01 -0.4121E-02 -0.2197E-02 -0.4281E-02 -0.7433E-02
      -0.4847E-02 -0.5795E-02 -0.5036E-02 -0.1210E-01 -0.5000E+01
      -0.5000E+01  0.1830E-02  0.1682E-02  0.3484E-02  0.1109E-02
      -0.1956E-02 -0.4761E-02 -0.4209E-02 -0.9446E-02 -0.5000E+01
      -0.5000E+01 -0.2612E-02 -0.4036E-02 -0.2363E-02 -0.2918E-02
      -0.4779E-02 -0.2138E-02 -0.7702E-02 -0.9176E-02 -0.5000E+01
      -0.5000E+01  0.7505E-03  0.3618E-02  0.1952E-02  0.1395E-02
      -0.1971E-03 -0.4739E-02 -0.6876E-02 -0.8765E-02 -0.5000E+01
      -0.5000E+01  0.4374E-02  0.4961E-02  0.3174E-02  0.1363E-02
       0.1562E-03 -0.1029E-02 -0.4282E-02 -0.4956E-02 -0.5000E+01
      -0.5000E+01 -0.3629E-02 -0.7098E-03 -0.1644E-02 -0.2387E-02
      -0.2756E-02 -0.3578E-02 -0.8571E-02 -0.1021E-01 -0.5000E+01
      -0.5000E+01  0.8484E-03  0.6199E-03 -0.3494E-03 -0.2992E-02
      -0.1361E-02 -0.5283E-02 -0.3321E-02 -0.5080E-02 -0.5000E+01
      -0.5000E+01  0.5018E-02  0.4219E-02  0.2657E-02  0.1851E-02
      -0.5407E-03  0.1894E-04 -0.4327E-02 -0.7705E-02 -0.5000E+01
      -0.5000E+01 -0.4017E-02 -0.5389E-02 -0.5376E-02 -0.5105E-02
      -0.7158E-02 -0.8021E-02 -0.8361E-02 -0.9071E-02 -0.5000E+01
      -0.5000E+01  0.2399E-02  0.4038E-02  0.3871E-02  0.1676E-02
      -0.4853E-03 -0.1994E-02 -0.5872E-02 -0.1164E-01 -0.5000E+01
      -0.5000E+01  0.6158E-02  0.4460E-02  0.5406E-02  0.3543E-02
       0.6815E-03 -0.2485E-02 -0.3401E-02 -0.7079E-02 -0.9359E-02
      -0.5000E+01 -0.6400E-06  0.1093E-02  0.1184E-02 -0.5505E-03
      -0.2276E-02 -0.5323E-02 -0.4666E-02 -0.9382E-02 -0.1003E-01
      -0.5000E+01  0.1082E-02  0.1666E-03 -0.4182E-02 -0.3565E-02
      -0.4213E-02 -0.5952E-02 -0.9812E-03 -0.4054E-02 -0.5000E+01
      -0.5000E+01  0.4623E-02  0.3870E-02  0.2230E-02  0.1354E-02
       0.1135E-02 -0.8047E-03 -0.4892E-02 -0.7065E-02 -0.1020E-01
       0.6157E-02 -0.1242E-02 -0.4434E-03 -0.1128E-02 -0.3868E-02
      -0.4816E-02 -0.8452E-02 -0.8121E-02 -0.1046E-01 -0.5000E+01
      -0.5000E+01  0.3472E-02  0.3039E-02  0.2519E-02 -0.9059E-03
       0.3783E-03 -0.4973E-02 -0.6902E-02 -0.8840E-02 -0.1600E-01
      -0.5000E+01  0.6472E-02  0.4656E-02  0.3757E-02  0.6501E-03
      -0.1901E-02 -0.4019E-02 -0.8279E-02 -0.9927E-02 -0.1346E-01
       0.8687E-02  0.5942E-02  0.2714E-02  0.2421E-02 -0.7266E-03
      -0.7450E-03 -0.3771E-02 -0.6163E-02 -0.1001E-01 -0.1456E-01
      -0.5000E+01  0.2777E-02  0.4785E-03 -0.6647E-03 -0.2259E-02
      -0.3701E-02 -0.5677E-02 -0.9224E-02 -0.1550E-01 -0.5000E+01
      -0.5000E+01  0.5658E-02  0.2591E-02  0.1416E-03 -0.1277E-02
      -0.1060E-02 -0.4323E-02 -0.4999E-02 -0.8595E-02 -0.1286E-01
       0.1853E-02  0.1330E-02 -0.7669E-03 -0.1056E-02 -0.3596E-02
      -0.5903E-02 -0.6786E-02 -0.9884E-02 -0.1231E-01 -0.1382E-01
      -0.5000E+01  0.3614E-02  0.3004E-02 -0.1357E-02  0.2773E-03
      -0.7692E-04 -0.5972E-02 -0.1004E-01 -0.1195E-01 -0.1334E-01
      -0.5000E+01  0.5310E-02  0.7536E-02 -0.5000E+01  0.6492E-03
      -0.1501E-02 -0.5000E+01 -0.5000E+01 -0.1355E-01 -0.5000E+01
      -0.5000E+01  0.5675E-02  0.4432E-02  0.3365E-02  0.6378E-03
      -0.8253E-03 -0.5123E-02 -0.8338E-02 -0.1021E-01 -0.5000E+01
       0.1885E-02  0.3754E-02  0.1769E-02  0.2719E-02 -0.1774E-02
      -0.1213E-02 -0.5921E-02 -0.7842E-02 -0.6895E-02 -0.5000E+01
      -0.5000E+01  0.5743E-02  0.6660E-02 -0.4213E-03  0.6907E-03
      -0.3244E-02 -0.7411E-02 -0.1131E-01 -0.1245E-01 -0.1380E-01
      -0.5000E+01  0.3098E-02 -0.6912E-03 -0.1745E-02 -0.7222E-02
      -0.7408E-02 -0.8464E-02 -0.1014E-01 -0.1164E-01 -0.5000E+01
      -0.5000E+01  0.4032E-02 -0.5000E+01 -0.5000E+01 -0.1188E-02
      -0.5904E-02 -0.7673E-02 -0.9351E-02 -0.1012E-01 -0.5000E+01
      -0.5000E+01 -0.5000E+01 -0.5000E+01 -0.5000E+01 -0.5000E+01
      -0.5000E+01 -0.5000E+01 -0.5000E+01 -0.5000E+01 -0.5000E+01
      -0.5000E+01 -0.5000E+01 -0.5000E+01 -0.5000E+01 -0.5000E+01
      -0.5000E+01 -0.5000E+01 -0.5000E+01 -0.5000E+01 -0.5000E+01
      -0.5000E+01 -0.5000E+01 -0.5000E+01 -0.5000E+01 -0.5000E+01
      -0.5000E+01 -0.5000E+01 -0.5000E+01 -0.5000E+01 -0.5000E+01
      -0.5000E+01 -0.5000E+01 -0.5000E+01 -0.5000E+01 -0.5000E+01
      -0.5000E+01 -0.5000E+01 -0.5000E+01 -0.5000E+01 -0.5000E+01
      -0.5000E+01 -0.5000E+01 -0.5000E+01 -0.5000E+01 -0.5000E+01
      -0.5000E+01 -0.5000E+01 -0.5000E+01 -0.5000E+01 -0.5000E+01
      -0.5000E+01 -0.5000E+01 -0.5000E+01 -0.5000E+01 -0.5000E+01
      -0.5000E+01 -0.5000E+01 -0.5000E+01 -0.5000E+01 -0.5000E+01
      -0.5000E+01 -0.5000E+01 -0.5000E+01 -0.5000E+01 -0.5000E+01
      -0.5000E+01 -0.5000E+01 -0.5000E+01 -0.5000E+01 -0.5000E+01
      -0.5000E+01 -0.5000E+01 -0.5000E+01 -0.5000E+01 -0.5000E+01
      -0.5000E+01 -0.5000E+01 -0.5000E+01 -0.5000E+01 -0.5000E+01
      -0.5000E+01 -0.5000E+01 -0.5000E+01 -0.5000E+01 -0.5000E+01
      -0.5000E+01 -0.5000E+01 -0.5000E+01 -0.5000E+01 -0.5000E+01
      -0.5000E+01 -0.5000E+01 -0.5000E+01 -0.5000E+01 -0.5000E+01
      -0.5000E+01 -0.5000E+01 -0.5000E+01 -0.5000E+01 -0.5000E+01
      -0.5000E+01 -0.5000E+01 -0.5000E+01 -0.5000E+01 -0.5000E+01
      -0.5000E+01 -0.5000E+01 -0.5000E+01 -0.5000E+01 -0.5000E+01
      -0.5000E+01 -0.5000E+01 -0.5000E+01 -0.5000E+01 -0.5000E+01
      -0.5000E+01 -0.5000E+01 -0.5000E+01 -0.5000E+01 -0.5000E+01
      -0.5000E+01 -0.5000E+01 -0.5000E+01 -0.5000E+01 -0.5000E+01
      -0.5000E+01 -0.5000E+01 -0.5000E+01 -0.5000E+01 -0.5000E+01
      -0.5000E+01 -0.5000E+01 -0.5000E+01 -0.5000E+01 -0.5000E+01
      -0.5000E+01 -0.5000E+01 -0.5000E+01 -0.5000E+01 -0.5000E+01
      -0.5000E+01 -0.5000E+01 -0.5000E+01 -0.5000E+01 -0.5000E+01
      -0.5000E+01 -0.5000E+01 -0.5000E+01 -0.5000E+01 -0.5000E+01
      -0.5000E+01 -0.5000E+01 -0.5000E+01 -0.5000E+01 -0.5000E+01
      -0.5000E+01 -0.5000E+01 -0.5000E+01 -0.5000E+01 -0.5000E+01
      -0.5000E+01 -0.5000E+01 -0.5000E+01 -0.5000E+01 -0.5000E+01
      -0.5000E+01 -0.5000E+01 -0.5000E+01 -0.5000E+01 -0.5000E+01
      -0.5000E+01 -0.5000E+01 -0.5000E+01 -0.5000E+01 -0.5000E+01
      -0.5000E+01 -0.5000E+01 -0.5000E+01 -0.5000E+01 -0.5000E+01
      -0.5000E+01 -0.5000E+01 -0.5000E+01 -0.5000E+01 -0.2386E-01
      -0.5000E+01 -0.5000E+01 -0.5000E+01 -0.5000E+01 -0.5000E+01
      -0.5000E+01 -0.5000E+01 -0.5000E+01 -0.2488E-02 -0.5000E+01
      -0.6917E-02 -0.3086E-01 -0.5000E+01 -0.5000E+01 -0.5000E+01
      -0.5000E+01 -0.5000E+01 -0.1769E-01 -0.5000E+01 -0.5000E+01
      -0.5000E+01 -0.5448E-02 -0.5000E+01 -0.5000E+01 -0.5000E+01
      -0.5000E+01 -0.5000E+01 -0.5000E+01  0.1176E-01 -0.5000E+01
      -0.5000E+01  0.4690E-02 -0.2671E-01 -0.5000E+01 -0.5000E+01
      -0.5000E+01 -0.5000E+01 -0.5000E+01 -0.5000E+01 -0.5000E+01
      -0.5000E+01 -0.5000E+01 -0.5000E+01 -0.5000E+01 -0.5000E+01
      -0.5000E+01 -0.5000E+01 -0.5000E+01  0.5914E-02  0.4645E-02
      -0.5000E+01 -0.2226E-01 -0.5000E+01 -0.5000E+01 -0.5000E+01
      -0.5000E+01  0.1318E-02  0.1972E-02 -0.1004E-02  0.2351E-02
       0.4076E-02  0.3875E-02  0.1954E-02 -0.1476E-03 -0.5000E+01
      -0.5000E+01 -0.7303E-02 -0.4484E-02 -0.5042E-02 -0.5934E-02
      -0.5368E-02 -0.4745E-02 -0.7815E-02 -0.1442E-01 -0.5000E+01
      -0.5000E+01 -0.7282E-02 -0.8144E-03 -0.2058E-02 -0.2138E-02
      -0.8133E-03 -0.5345E-02 -0.6386E-02 -0.5000E+01 -0.5000E+01
      -0.5000E+01  0.1246E-02  0.6042E-02  0.2288E-02  0.7716E-03
      -0.2697E-02 -0.7413E-03 -0.1043E-01 -0.1371E-01 -0.5000E+01
      -0.5000E+01 -0.6353E-02 -0.5129E-02 -0.1145E-02 -0.3149E-02
      -0.7252E-02 -0.8851E-02 -0.1754E-02 -0.7914E-02 -0.5000E+01
      -0.5000E+01  0.2337E-02  0.4818E-02  0.3147E-02 -0.3630E-04
      -0.3141E-02 -0.1854E-02 -0.6530E-02 -0.1226E-01 -0.5000E+01
      -0.5000E+01 -0.4048E-03  0.4766E-02  0.1654E-02  0.2397E-02
       0.1683E-02  0.1151E-02 -0.2485E-02 -0.5730E-02 -0.5000E+01
      -0.5000E+01 -0.3392E-02 -0.2621E-02 -0.3347E-03 -0.3624E-02
      -0.2512E-02 -0.4295E-02 -0.4877E-02 -0.1008E-01 -0.5000E+01
      -0.5000E+01  0.8314E-03  0.9241E-03 -0.1465E-02 -0.5503E-02
      -0.2416E-02 -0.4888E-02 -0.5169E-02 -0.3138E-02 -0.5000E+01
      -0.5000E+01  0.2650E-02  0.4021E-02  0.3165E-02  0.3096E-02
      -0.4185E-03  0.6252E-03 -0.4455E-02 -0.7047E-02 -0.5000E+01
      -0.5000E+01 -0.5692E-02 -0.3522E-02 -0.9161E-02 -0.2558E-02
      -0.4212E-02 -0.5728E-02 -0.9656E-02 -0.1371E-01 -0.5000E+01
      -0.5000E+01  0.7097E-02  0.4546E-02  0.3309E-02  0.2102E-02
      -0.3610E-02 -0.3505E-02 -0.7756E-02 -0.1068E-01 -0.5000E+01
      -0.5000E+01  0.6385E-02  0.4536E-02  0.3492E-02  0.1142E-02
       0.2179E-02 -0.1346E-02 -0.7321E-03 -0.8482E-02 -0.5000E+01
      -0.5000E+01  0.2971E-02 -0.2099E-03 -0.5421E-04 -0.1547E-03
      -0.2169E-02 -0.2840E-02 -0.6656E-02 -0.9850E-02 -0.5000E+01
      -0.5000E+01  0.3502E-02  0.8588E-03 -0.2889E-02 -0.2451E-02
      -0.4724E-04 -0.5000E+01 -0.2582E-02 -0.3501E-02 -0.5000E+01
      -0.5000E+01  0.6539E-02  0.3524E-02  0.2249E-02  0.1636E-02
       0.6991E-03 -0.1906E-02 -0.2552E-02 -0.4849E-02 -0.5000E+01
      -0.5000E+01 -0.4670E-03  0.2998E-03 -0.3395E-02 -0.3884E-02
      -0.3762E-02 -0.3417E-02 -0.1064E-01 -0.8728E-02 -0.5000E+01
      -0.5000E+01  0.6079E-02  0.4752E-02  0.1677E-02 -0.9181E-03
      -0.5779E-03 -0.4487E-02 -0.4871E-02 -0.1426E-01 -0.5000E+01
      -0.5000E+01  0.9381E-02 -0.5000E+01 -0.5000E+01 -0.5000E+01
      -0.5000E+01 -0.5000E+01 -0.2326E-02 -0.7032E-02 -0.5000E+01
      -0.5000E+01  0.4459E-02  0.3137E-02 -0.2857E-03 -0.5455E-04
      -0.1461E-02 -0.2721E-02 -0.5975E-02 -0.7866E-02 -0.5000E+01
      -0.5000E+01  0.6086E-02  0.2879E-02 -0.1056E-03 -0.2095E-02
      -0.7376E-02 -0.4614E-02 -0.9300E-02 -0.1402E-01 -0.5000E+01
      -0.5000E+01  0.4452E-02  0.1882E-02 -0.5000E+01  0.9553E-03
      -0.9520E-03 -0.8386E-03 -0.4198E-02 -0.9578E-02 -0.5000E+01
      -0.5000E+01  0.8553E-03 -0.2971E-03 -0.3593E-02 -0.6049E-02
      -0.7080E-02 -0.8146E-02 -0.1137E-01 -0.1054E-01 -0.5000E+01
      -0.5000E+01  0.4614E-02  0.1738E-02  0.1096E-02 -0.2217E-03
      -0.5000E+01 -0.6250E-02 -0.5704E-02 -0.1038E-01 -0.5000E+01
      -0.5000E+01 -0.5000E+01 -0.5000E+01 -0.5000E+01 -0.5000E+01
      -0.5000E+01 -0.5000E+01 -0.5000E+01 -0.5000E+01 -0.5000E+01
      -0.5000E+01 -0.5000E+01 -0.5000E+01 -0.5000E+01 -0.5000E+01
      -0.5000E+01 -0.5000E+01 -0.5000E+01 -0.5000E+01 -0.5000E+01
      -0.5000E+01 -0.5000E+01 -0.5000E+01 -0.5000E+01 -0.5000E+01
      -0.5000E+01 -0.5000E+01 -0.5000E+01 -0.5000E+01 -0.5000E+01
      -0.5000E+01 -0.5000E+01 -0.5000E+01 -0.5000E+01 -0.5000E+01
      -0.5000E+01 -0.5000E+01 -0.5000E+01 -0.5000E+01 -0.5000E+01
      -0.5000E+01 -0.5000E+01 -0.5000E+01 -0.5000E+01 -0.5000E+01
      -0.5000E+01 -0.5000E+01 -0.5000E+01 -0.5000E+01 -0.5000E+01
      -0.5000E+01 -0.5000E+01 -0.5000E+01 -0.5000E+01 -0.5000E+01
      -0.5000E+01 -0.5000E+01 -0.5000E+01 -0.5000E+01 -0.5000E+01
      -0.5000E+01 -0.5000E+01 -0.5000E+01 -0.5000E+01 -0.5000E+01
      -0.5000E+01 -0.5000E+01 -0.5000E+01 -0.5000E+01 -0.5000E+01
      -0.5000E+01 -0.5000E+01 -0.5000E+01 -0.5000E+01 -0.5000E+01
      -0.5000E+01 -0.5000E+01 -0.5000E+01 -0.5000E+01 -0.5000E+01
      -0.5000E+01 -0.5000E+01 -0.5000E+01 -0.5000E+01 -0.5000E+01
      -0.5000E+01 -0.5000E+01 -0.5000E+01 -0.5000E+01 -0.5000E+01
      -0.5000E+01 -0.5000E+01 -0.5000E+01 -0.5000E+01 -0.5000E+01
      -0.5000E+01 -0.5000E+01 -0.5000E+01 -0.5000E+01 -0.5000E+01
      -0.5000E+01 -0.5000E+01 -0.5000E+01 -0.5000E+01 -0.5000E+01
      -0.5000E+01 -0.5000E+01 -0.5000E+01 -0.5000E+01 -0.5000E+01
      -0.5000E+01 -0.5000E+01 -0.5000E+01 -0.5000E+01 -0.5000E+01
      -0.5000E+01 -0.5000E+01 -0.5000E+01 -0.5000E+01 -0.5000E+01
      -0.5000E+01 -0.5000E+01 -0.5000E+01 -0.5000E+01 -0.5000E+01
      -0.5000E+01 -0.5000E+01 -0.5000E+01 -0.5000E+01 -0.5000E+01
      -0.5000E+01 -0.5000E+01 -0.5000E+01 -0.5000E+01 -0.5000E+01
      -0.5000E+01 -0.5000E+01 -0.5000E+01 -0.5000E+01 -0.5000E+01
      -0.5000E+01 -0.5000E+01 -0.5000E+01 -0.5000E+01 -0.5000E+01
      -0.5000E+01 -0.5000E+01 -0.5000E+01 -0.5000E+01 -0.5000E+01
      -0.5000E+01 -0.5000E+01 -0.5000E+01 -0.5000E+01 -0.5000E+01
      -0.5000E+01 -0.5000E+01 -0.5000E+01 -0.5000E+01 -0.5000E+01
      -0.5000E+01 -0.5000E+01 -0.5000E+01 -0.5000E+01 -0.5000E+01
      -0.5000E+01 -0.5000E+01 -0.5000E+01 -0.5000E+01 -0.5000E+01
      -0.5000E+01 -0.5000E+01 -0.5000E+01 -0.5000E+01 -0.5000E+01
      -0.5000E+01 -0.5000E+01 -0.5000E+01 -0.5000E+01 -0.5000E+01
      -0.5000E+01 -0.5000E+01 -0.5000E+01 -0.5000E+01 -0.5000E+01
      -0.5000E+01 -0.5000E+01 -0.5000E+01 -0.5000E+01 -0.5000E+01
      -0.5000E+01 -0.5000E+01 -0.5000E+01 -0.5000E+01 -0.5000E+01
      -0.5000E+01 -0.5000E+01 -0.5000E+01 -0.5000E+01 -0.5000E+01
      -0.5000E+01 -0.5000E+01 -0.5000E+01 -0.5000E+01 -0.5000E+01
      -0.5000E+01 -0.5000E+01 -0.5000E+01 -0.5000E+01 -0.5000E+01
      -0.5000E+01 -0.5000E+01 -0.5000E+01 -0.5000E+01 -0.5000E+01
      -0.5000E+01 -0.5000E+01 -0.5000E+01 -0.5000E+01 -0.5000E+01
      -0.5000E+01 -0.5000E+01 -0.5000E+01 -0.5000E+01 -0.5000E+01
      -0.5000E+01 -0.5000E+01 -0.5000E+01 -0.5000E+01 -0.5000E+01
      -0.5000E+01 -0.5000E+01 -0.5000E+01 -0.5000E+01 -0.5000E+01
      -0.5000E+01 -0.5000E+01 -0.5000E+01 -0.5000E+01 -0.5000E+01
      -0.5000E+01 -0.5000E+01 -0.5000E+01 -0.5000E+01 -0.5000E+01
      -0.5000E+01 -0.5000E+01 -0.5000E+01 -0.5000E+01 -0.5000E+01
      -0.5000E+01 -0.5000E+01 -0.5000E+01 -0.5000E+01 -0.6491E-02
      -0.2123E-01 -0.5000E+01 -0.5000E+01 -0.5000E+01 -0.5000E+01
      -0.5000E+01 -0.5000E+01 -0.5000E+01 -0.5000E+01 -0.5000E+01
      -0.5000E+01 -0.5000E+01 -0.5000E+01 -0.5000E+01 -0.5000E+01
      -0.5000E+01 -0.5000E+01 -0.5000E+01 -0.5000E+01  0.4408E-03
      -0.3577E-02 -0.5000E+01 -0.5000E+01 -0.5000E+01 -0.5000E+01
      -0.5000E+01 -0.5000E+01 -0.5000E+01 -0.5000E+01 -0.5000E+01
      -0.5000E+01 -0.5000E+01 -0.5000E+01 -0.5000E+01 -0.5000E+01
      -0.5000E+01 -0.5000E+01 -0.5000E+01 -0.5000E+01 -0.9020E-02
      -0.5000E+01 -0.8233E-02 -0.5000E+01 -0.5000E+01 -0.5000E+01
      -0.5000E+01 -0.5000E+01 -0.2772E-02  0.4358E-02 -0.5728E-03
       0.6624E-03 -0.2241E-02  0.3128E-02 -0.3506E-02 -0.5000E+01
      -0.5000E+01 -0.5047E-02 -0.6824E-02 -0.7683E-02 -0.5995E-02
      -0.2968E-02 -0.5538E-02 -0.4519E-02 -0.1544E-01 -0.5000E+01
      -0.5000E+01 -0.5000E+01 -0.1728E-02 -0.4629E-02 -0.5647E-02
      -0.7089E-02 -0.7982E-02 -0.5792E-02 -0.5000E+01 -0.5000E+01
      -0.5000E+01 -0.5000E+01  0.9552E-03  0.3495E-02  0.6173E-03
      -0.6411E-03 -0.4097E-02 -0.1214E-02 -0.7606E-02 -0.5000E+01
      -0.5000E+01 -0.1817E-02 -0.5861E-02 -0.7193E-02 -0.2248E-02
      -0.1454E-02 -0.3403E-02 -0.6261E-02 -0.5000E+01 -0.5000E+01
      -0.5000E+01  0.5838E-03  0.3970E-02  0.5051E-02  0.2811E-02
       0.5274E-03 -0.1734E-02 -0.6952E-02 -0.1181E-01 -0.5000E+01
      -0.5000E+01  0.3182E-02  0.3426E-02  0.6908E-04  0.2144E-02
      -0.1753E-03 -0.1054E-02 -0.2529E-02 -0.7369E-02 -0.5000E+01
      -0.5000E+01 -0.7366E-03 -0.2063E-02 -0.7725E-03 -0.2320E-02
      -0.3323E-02 -0.3659E-02 -0.8055E-02 -0.7525E-02 -0.5000E+01
      -0.5000E+01 -0.4820E-03  0.1313E-02  0.9881E-03 -0.3857E-02
      -0.5693E-02 -0.3697E-02 -0.1095E-02 -0.6022E-02 -0.5000E+01
      -0.5000E+01  0.2791E-02  0.4618E-02  0.3458E-02  0.1018E-02
       0.2408E-02 -0.2177E-02 -0.2117E-02 -0.5874E-02 -0.5000E+01
      -0.5000E+01 -0.3031E-02 -0.6118E-02 -0.5219E-02 -0.7459E-02
      -0.7860E-02 -0.9064E-02 -0.8255E-02 -0.1048E-01 -0.5000E+01
      -0.5000E+01  0.4416E-02  0.1194E-02  0.2028E-02  0.1331E-02
      -0.2243E-02 -0.3794E-02 -0.9023E-02 -0.1004E-01 -0.5000E+01
      -0.5000E+01  0.2453E-02  0.5057E-02  0.5419E-02 -0.5000E+01
       0.1746E-02 -0.5000E+01 -0.4327E-02 -0.5647E-02 -0.5000E+01
      -0.5000E+01  0.2154E-02  0.1577E-02  0.7273E-03 -0.1856E-02
       0.4079E-03 -0.3422E-02 -0.7334E-02 -0.1036E-01 -0.5000E+01
      -0.5000E+01  0.3717E-03 -0.5000E+01 -0.5000E+01 -0.5000E+01
      -0.5000E+01 -0.5000E+01 -0.5000E+01 -0.5000E+01 -0.5000E+01
      -0.5000E+01  0.4223E-02  0.3323E-02  0.3953E-02  0.2196E-03
      -0.2487E-02 -0.3423E-02 -0.3197E-02 -0.5382E-02 -0.5000E+01
      -0.5000E+01  0.1087E-02 -0.1161E-02 -0.3631E-02 -0.3321E-02
      -0.2114E-02 -0.5852E-02 -0.8837E-02 -0.5000E+01 -0.5000E+01
      -0.5000E+01  0.3039E-02  0.7672E-03  0.2447E-02  0.1120E-02
      -0.1089E-02 -0.4544E-02 -0.1391E-01 -0.7220E-02 -0.5000E+01
      -0.5000E+01 -0.5000E+01 -0.5000E+01 -0.5000E+01 -0.5000E+01
      -0.5000E+01 -0.5000E+01 -0.5000E+01 -0.5000E+01 -0.5000E+01
      -0.5000E+01 -0.5000E+01 -0.5000E+01 -0.5000E+01 -0.5000E+01
      -0.5000E+01 -0.5000E+01 -0.5000E+01 -0.5000E+01 -0.5000E+01
      -0.5000E+01 -0.5000E+01 -0.5000E+01 -0.5000E+01 -0.5000E+01
      -0.5000E+01 -0.5000E+01 -0.5000E+01 -0.5000E+01 -0.5000E+01
      -0.5000E+01 -0.5000E+01 -0.5000E+01 -0.5000E+01 -0.5000E+01
      -0.5000E+01 -0.5000E+01 -0.5000E+01 -0.5000E+01 -0.5000E+01
      -0.5000E+01  0.4055E-02 -0.5000E+01 -0.5000E+01 -0.5000E+01
      -0.5000E+01 -0.5000E+01 -0.5000E+01 -0.5000E+01 -0.5000E+01
      -0.5000E+01 -0.5000E+01 -0.5000E+01 -0.5000E+01 -0.5000E+01
      -0.5000E+01 -0.5000E+01 -0.5000E+01 -0.5000E+01 -0.5000E+01
      -0.5000E+01 -0.5000E+01 -0.5000E+01 -0.5000E+01 -0.5000E+01
      -0.5000E+01 -0.5000E+01 -0.5000E+01 -0.5000E+01 -0.5000E+01
      -0.5000E+01 -0.5000E+01 -0.5000E+01 -0.5000E+01 -0.5000E+01
      -0.5000E+01 -0.5000E+01 -0.5000E+01 -0.5000E+01 -0.5000E+01
      -0.5000E+01 -0.5000E+01 -0.5000E+01 -0.5000E+01 -0.5000E+01
      -0.5000E+01 -0.5000E+01 -0.5000E+01 -0.5000E+01 -0.5000E+01
      -0.5000E+01 -0.5000E+01 -0.5000E+01 -0.5000E+01 -0.5000E+01
      -0.5000E+01 -0.5000E+01 -0.5000E+01 -0.5000E+01 -0.5000E+01
      -0.5000E+01 -0.5000E+01 -0.5000E+01 -0.5000E+01 -0.5000E+01
      -0.5000E+01 -0.5000E+01 -0.5000E+01 -0.5000E+01 -0.5000E+01
      -0.5000E+01 -0.5000E+01 -0.5000E+01 -0.5000E+01 -0.5000E+01
      -0.5000E+01 -0.5000E+01 -0.5000E+01 -0.5000E+01 -0.5000E+01
      -0.5000E+01 -0.5000E+01 -0.5000E+01 -0.5000E+01 -0.5000E+01
      -0.5000E+01 -0.5000E+01 -0.5000E+01 -0.5000E+01 -0.5000E+01
      -0.5000E+01 -0.5000E+01 -0.5000E+01 -0.5000E+01 -0.5000E+01
      -0.5000E+01 -0.5000E+01 -0.5000E+01 -0.5000E+01 -0.5000E+01
      -0.5000E+01 -0.5000E+01 -0.5000E+01 -0.5000E+01 -0.5000E+01
      -0.5000E+01 -0.5000E+01 -0.5000E+01 -0.5000E+01 -0.5000E+01
      -0.5000E+01 -0.5000E+01 -0.5000E+01 -0.5000E+01 -0.5000E+01
      -0.5000E+01 -0.5000E+01 -0.5000E+01 -0.5000E+01 -0.5000E+01
      -0.5000E+01 -0.5000E+01 -0.5000E+01 -0.5000E+01 -0.5000E+01
      -0.5000E+01 -0.5000E+01 -0.5000E+01 -0.5000E+01 -0.5000E+01
      -0.5000E+01 -0.5000E+01 -0.5000E+01 -0.5000E+01 -0.5000E+01
      -0.5000E+01 -0.5000E+01 -0.5000E+01 -0.5000E+01 -0.5000E+01
      -0.5000E+01 -0.5000E+01 -0.5000E+01 -0.5000E+01 -0.5000E+01
      -0.5000E+01 -0.5000E+01 -0.5000E+01 -0.5000E+01 -0.5000E+01
      -0.5000E+01 -0.5000E+01 -0.5000E+01 -0.5000E+01 -0.5000E+01
      -0.5000E+01 -0.5000E+01 -0.5000E+01 -0.5000E+01 -0.5000E+01
      -0.5000E+01 -0.5000E+01 -0.5000E+01 -0.5000E+01 -0.5000E+01
      -0.5000E+01 -0.5000E+01 -0.5000E+01 -0.5000E+01 -0.5000E+01
      -0.5000E+01 -0.5000E+01 -0.5000E+01 -0.5000E+01 -0.5000E+01
      -0.5000E+01 -0.5000E+01 -0.5000E+01 -0.5000E+01 -0.5000E+01
      -0.5000E+01 -0.5000E+01 -0.5000E+01 -0.5000E+01 -0.5000E+01
      -0.5000E+01 -0.5000E+01 -0.5000E+01 -0.5000E+01 -0.5000E+01
      -0.5000E+01 -0.5000E+01 -0.5000E+01 -0.5000E+01 -0.5000E+01
      -0.5000E+01 -0.5000E+01 -0.5000E+01 -0.5000E+01 -0.5000E+01
      -0.5000E+01 -0.5000E+01 -0.5000E+01 -0.5000E+01 -0.5000E+01
      -0.5000E+01 -0.5000E+01 -0.5000E+01 -0.5000E+01 -0.5000E+01
      -0.5000E+01 -0.5000E+01 -0.5000E+01 -0.5000E+01 -0.5000E+01
      -0.5000E+01 -0.5000E+01 -0.5000E+01 -0.5000E+01 -0.5000E+01
      -0.5000E+01 -0.5000E+01 -0.5000E+01 -0.5000E+01 -0.5000E+01
      -0.5000E+01 -0.5000E+01 -0.5000E+01 -0.5000E+01 -0.5000E+01
      -0.5000E+01 -0.5000E+01 -0.5000E+01 -0.5000E+01 -0.5000E+01
      -0.5000E+01 -0.5000E+01 -0.5000E+01 -0.5000E+01 -0.5000E+01
      -0.5000E+01 -0.5000E+01 -0.5000E+01 -0.5000E+01 -0.5000E+01
      -0.5000E+01 -0.5000E+01 -0.5000E+01 -0.5000E+01 -0.5000E+01
      -0.5000E+01 -0.5000E+01 -0.5000E+01 -0.5000E+01 -0.5000E+01
      -0.5000E+01 -0.5000E+01 -0.5000E+01 -0.5000E+01 -0.5000E+01
      -0.5000E+01 -0.5000E+01 -0.5000E+01 -0.5000E+01 -0.5000E+01
      -0.5000E+01 -0.5000E+01 -0.5000E+01 -0.5000E+01 -0.5000E+01
      -0.5000E+01 -0.5000E+01 -0.5000E+01 -0.5000E+01 -0.5000E+01
      -0.5000E+01 -0.5000E+01 -0.5000E+01 -0.5000E+01 -0.5000E+01
      -0.5000E+01 -0.5000E+01 -0.5000E+01 -0.5000E+01 -0.5000E+01
      -0.5000E+01 -0.5000E+01 -0.5000E+01 -0.5000E+01 -0.5000E+01
      -0.5000E+01 -0.5000E+01 -0.5000E+01 -0.5000E+01 -0.5000E+01
      -0.5000E+01 -0.5000E+01 -0.5000E+01 -0.5000E+01 -0.5000E+01
      -0.5000E+01 -0.5000E+01 -0.5000E+01 -0.5000E+01 -0.5000E+01
      -0.5000E+01 -0.5000E+01 -0.5000E+01 -0.5000E+01 -0.5000E+01
      -0.5000E+01 -0.5000E+01 -0.5000E+01 -0.5000E+01 -0.5000E+01
      -0.5000E+01 -0.5000E+01 -0.5000E+01 -0.5000E+01 -0.5000E+01
      -0.5000E+01 -0.5000E+01  0.1361E-01 -0.7883E-02 -0.5000E+01
       0.3199E-02 -0.4166E-02 -0.1171E-03 -0.5000E+01 -0.5000E+01
      -0.5000E+01 -0.5000E+01  0.3021E-02  0.3433E-02 -0.3144E-02
      -0.1032E-02 -0.1138E-01 -0.4224E-02 -0.5000E+01 -0.5000E+01
      -0.5000E+01 -0.5000E+01 -0.5000E+01 -0.5000E+01 -0.5000E+01
      -0.5000E+01 -0.5000E+01 -0.5000E+01 -0.5000E+01 -0.5000E+01
      -0.5000E+01 -0.5000E+01  0.6938E-02 -0.5000E+01 -0.5000E+01
      -0.1539E-01  0.1829E-03  0.1749E-03 -0.5000E+01 -0.5000E+01
      -0.5000E+01 -0.5000E+01 -0.7215E-02 -0.5000E+01 -0.5000E+01
      -0.5000E+01 -0.5000E+01 -0.5000E+01 -0.5000E+01 -0.5000E+01
      -0.5000E+01 -0.5000E+01  0.3262E-02  0.7055E-02  0.1034E-01
       0.2500E-02 -0.7372E-02 -0.4038E-02 -0.5000E+01 -0.5000E+01
      -0.5000E+01 -0.5000E+01  0.3880E-02  0.1874E-02 -0.5000E+01
      -0.5000E+01 -0.5000E+01 -0.5000E+01 -0.2890E-02 -0.5000E+01
      -0.5000E+01 -0.2904E-02 -0.5715E-02 -0.6469E-03 -0.1767E-02
      -0.3407E-02 -0.4290E-02 -0.4150E-02 -0.1020E-01 -0.5000E+01
      -0.5000E+01  0.5551E-02  0.6108E-03 -0.5596E-03 -0.4487E-02
      -0.6101E-02 -0.2671E-02 -0.4161E-02 -0.5000E+01 -0.5000E+01
      -0.5000E+01  0.3885E-02  0.3677E-02  0.3154E-02 -0.1662E-03
      -0.1294E-02 -0.2152E-02 -0.7143E-03 -0.4479E-02 -0.5000E+01
      -0.5000E+01 -0.1833E-02 -0.7020E-02 -0.4175E-02 -0.6155E-02
      -0.8402E-02 -0.5000E+01 -0.9874E-02 -0.5581E-02 -0.5000E+01
      -0.5000E+01  0.7028E-02 -0.5000E+01 -0.5000E+01  0.2460E-02
       0.2658E-03 -0.4466E-02 -0.8876E-02 -0.1056E-01 -0.5000E+01
      -0.5000E+01 -0.5000E+01 -0.5000E+01 -0.5000E+01 -0.5000E+01
      -0.5000E+01 -0.5000E+01 -0.5000E+01 -0.5000E+01 -0.5000E+01
      -0.5000E+01 -0.5000E+01 -0.5000E+01 -0.5000E+01 -0.5000E+01
      -0.5000E+01 -0.5000E+01 -0.5000E+01 -0.5000E+01 -0.5000E+01
      -0.5000E+01 -0.5000E+01 -0.5000E+01 -0.5000E+01 -0.5000E+01
      -0.5000E+01 -0.5000E+01 -0.5000E+01 -0.5000E+01 -0.5000E+01
      -0.5000E+01 -0.5000E+01 -0.5000E+01 -0.5000E+01 -0.5000E+01
      -0.5000E+01 -0.5000E+01 -0.3810E-02 -0.4754E-02 -0.5000E+01
      -0.5000E+01 -0.1162E-02 -0.5000E+01 -0.5000E+01 -0.5000E+01
      -0.5000E+01 -0.5000E+01 -0.5000E+01 -0.5000E+01 -0.5000E+01
      -0.5000E+01 -0.5000E+01 -0.5000E+01 -0.5000E+01 -0.5000E+01
      -0.5000E+01 -0.5000E+01 -0.5000E+01 -0.5000E+01 -0.5000E+01
      -0.5000E+01 -0.5000E+01 -0.5000E+01 -0.5000E+01 -0.5000E+01
      -0.5000E+01 -0.5000E+01 -0.5000E+01 -0.5000E+01 -0.5000E+01
      -0.5000E+01 -0.5000E+01 -0.5000E+01 -0.5000E+01 -0.5000E+01
      -0.5000E+01 -0.5000E+01 -0.5000E+01 -0.5000E+01 -0.5000E+01
      -0.5000E+01 -0.5000E+01 -0.5000E+01 -0.5000E+01 -0.5000E+01
      -0.5000E+01 -0.5000E+01 -0.5000E+01 -0.5000E+01 -0.5000E+01
      -0.5000E+01 -0.5000E+01 -0.5000E+01 -0.5000E+01 -0.5000E+01
      -0.5000E+01 -0.5000E+01 -0.5000E+01 -0.5000E+01 -0.5000E+01
      -0.5000E+01 -0.5000E+01 -0.5000E+01 -0.5000E+01 -0.5000E+01
      -0.5000E+01 -0.5000E+01 -0.5000E+01 -0.5000E+01 -0.5000E+01
      -0.5000E+01 -0.5000E+01 -0.5000E+01 -0.5000E+01 -0.5000E+01
      -0.5000E+01 -0.5000E+01 -0.5000E+01 -0.5000E+01 -0.5000E+01
      -0.5000E+01 -0.5000E+01 -0.5000E+01 -0.5000E+01 -0.5000E+01
      -0.5000E+01 -0.5000E+01 -0.5000E+01 -0.5000E+01 -0.5000E+01
      -0.5000E+01 -0.5000E+01 -0.5000E+01 -0.5000E+01 -0.5000E+01
      -0.5000E+01 -0.5000E+01 -0.5000E+01 -0.5000E+01 -0.5000E+01
      -0.5000E+01 -0.5000E+01 -0.5000E+01 -0.5000E+01 -0.5000E+01
      -0.5000E+01 -0.5000E+01 -0.5000E+01 -0.5000E+01 -0.5000E+01
      -0.5000E+01 -0.5000E+01 -0.5000E+01 -0.5000E+01 -0.5000E+01
      -0.5000E+01 -0.5000E+01 -0.5000E+01 -0.5000E+01 -0.5000E+01
      -0.5000E+01 -0.5000E+01 -0.5000E+01 -0.5000E+01 -0.5000E+01
      -0.5000E+01 -0.5000E+01 -0.5000E+01 -0.5000E+01 -0.5000E+01
      -0.5000E+01 -0.5000E+01 -0.5000E+01 -0.5000E+01 -0.5000E+01
      -0.5000E+01 -0.5000E+01 -0.5000E+01 -0.5000E+01 -0.5000E+01
      -0.5000E+01 -0.5000E+01 -0.5000E+01 -0.5000E+01 -0.5000E+01
      -0.5000E+01 -0.5000E+01 -0.5000E+01 -0.5000E+01 -0.5000E+01
      -0.5000E+01 -0.5000E+01 -0.5000E+01 -0.5000E+01 -0.5000E+01
      -0.5000E+01 -0.5000E+01 -0.5000E+01 -0.5000E+01 -0.5000E+01
      -0.5000E+01 -0.5000E+01 -0.5000E+01 -0.5000E+01 -0.5000E+01
      -0.5000E+01 -0.5000E+01 -0.5000E+01 -0.5000E+01 -0.5000E+01
      -0.5000E+01 -0.5000E+01 -0.5000E+01 -0.5000E+01 -0.5000E+01
      -0.5000E+01 -0.5000E+01 -0.5000E+01 -0.5000E+01 -0.5000E+01
      -0.5000E+01 -0.5000E+01 -0.5000E+01 -0.5000E+01 -0.5000E+01
      -0.5000E+01 -0.5000E+01 -0.5000E+01 -0.5000E+01 -0.5000E+01
      -0.5000E+01 -0.5000E+01 -0.5000E+01 -0.5000E+01 -0.5000E+01
      -0.5000E+01 -0.5000E+01 -0.5000E+01 -0.5000E+01 -0.5000E+01
      -0.5000E+01 -0.5000E+01 -0.5000E+01 -0.5000E+01 -0.5000E+01
      -0.5000E+01 -0.5000E+01 -0.5000E+01 -0.5000E+01 -0.5000E+01
      -0.5000E+01 -0.5000E+01 -0.5000E+01 -0.5000E+01 -0.5000E+01
      -0.5000E+01 -0.5000E+01 -0.5000E+01 -0.5000E+01 -0.5000E+01
      -0.5000E+01 -0.5000E+01 -0.5000E+01 -0.5000E+01 -0.5000E+01
      -0.5000E+01 -0.5000E+01 -0.5000E+01 -0.5000E+01 -0.5000E+01
      -0.5000E+01 -0.5000E+01 -0.5000E+01 -0.5000E+01 -0.5000E+01
      -0.5000E+01 -0.5000E+01 -0.5000E+01 -0.5000E+01 -0.5000E+01
      -0.5000E+01 -0.5000E+01 -0.5000E+01 -0.5000E+01 -0.5000E+01
      -0.5000E+01 -0.5000E+01 -0.5000E+01 -0.5000E+01 -0.5000E+01
      -0.5000E+01 -0.5000E+01 -0.5000E+01 -0.5000E+01 -0.5000E+01
      -0.5000E+01 -0.5000E+01 -0.5000E+01 -0.5000E+01 -0.5000E+01
      -0.5000E+01 -0.5000E+01 -0.5000E+01 -0.5000E+01 -0.5000E+01
      -0.5000E+01 -0.5000E+01 -0.5000E+01 -0.5000E+01 -0.5000E+01
      -0.5000E+01 -0.5000E+01 -0.5000E+01 -0.5000E+01 -0.5000E+01
      -0.5000E+01 -0.5000E+01 -0.5000E+01 -0.5000E+01 -0.5000E+01
      -0.5000E+01 -0.5000E+01 -0.5000E+01 -0.5000E+01 -0.5000E+01
      -0.5000E+01 -0.5000E+01 -0.5000E+01 -0.5000E+01 -0.5000E+01
      -0.5000E+01 -0.5000E+01 -0.5000E+01 -0.5000E+01 -0.5000E+01
      -0.5000E+01 -0.5000E+01 -0.5000E+01 -0.5000E+01 -0.5000E+01
      -0.5000E+01 -0.5000E+01 -0.5000E+01 -0.5000E+01 -0.5000E+01
      -0.5000E+01 -0.5000E+01 -0.5000E+01 -0.5000E+01 -0.5000E+01
      -0.5000E+01 -0.5000E+01 -0.5000E+01 -0.5000E+01 -0.5000E+01
      -0.5000E+01 -0.5000E+01 -0.5000E+01 -0.5000E+01 -0.5000E+01
