      -0.5000E+01 -0.5000E+01 -0.5000E+01 -0.5000E+01 -0.5000E+01
      -0.5000E+01 -0.5000E+01 -0.5000E+01 -0.5000E+01 -0.5000E+01
      -0.5000E+01 -0.5000E+01 -0.5000E+01 -0.5000E+01 -0.5000E+01
      -0.5000E+01 -0.5000E+01 -0.5000E+01 -0.5000E+01 -0.5000E+01
      -0.5000E+01 -0.5000E+01 -0.5000E+01 -0.5000E+01 -0.5000E+01
      -0.5000E+01 -0.5000E+01 -0.5000E+01 -0.5000E+01 -0.5000E+01
      -0.5000E+01 -0.5000E+01 -0.5000E+01 -0.5000E+01 -0.5000E+01
      -0.5000E+01 -0.5000E+01 -0.5000E+01 -0.5000E+01 -0.5000E+01
      -0.5000E+01 -0.5000E+01 -0.5000E+01 -0.5000E+01 -0.5000E+01
      -0.5000E+01 -0.5000E+01 -0.5000E+01 -0.5000E+01 -0.5000E+01
      -0.5000E+01 -0.5000E+01 -0.5000E+01 -0.5000E+01 -0.5000E+01
      -0.5000E+01 -0.5000E+01 -0.5000E+01 -0.5000E+01 -0.5000E+01
      -0.5000E+01 -0.5000E+01 -0.5000E+01 -0.5000E+01 -0.5000E+01
      -0.5000E+01 -0.5000E+01 -0.5000E+01 -0.5000E+01 -0.5000E+01
      -0.5000E+01 -0.5000E+01 -0.5000E+01 -0.5000E+01 -0.5000E+01
      -0.5000E+01 -0.5000E+01 -0.5000E+01 -0.5000E+01 -0.5000E+01
      -0.5000E+01 -0.5000E+01 -0.5000E+01 -0.5000E+01 -0.5000E+01
      -0.5000E+01 -0.5000E+01 -0.5000E+01 -0.5000E+01 -0.5000E+01
      -0.5000E+01 -0.5000E+01 -0.5000E+01 -0.5000E+01 -0.5000E+01
      -0.5000E+01 -0.5000E+01 -0.5000E+01 -0.5000E+01 -0.5000E+01
      -0.5000E+01 -0.5000E+01 -0.5000E+01 -0.5000E+01 -0.5000E+01
      -0.5000E+01 -0.5000E+01 -0.5000E+01 -0.5000E+01 -0.5000E+01
      -0.5000E+01 -0.5000E+01 -0.5000E+01 -0.5000E+01 -0.5000E+01
      -0.5000E+01 -0.5000E+01 -0.5000E+01 -0.5000E+01 -0.5000E+01
      -0.5000E+01 -0.5000E+01 -0.5000E+01 -0.5000E+01 -0.5000E+01
      -0.5000E+01 -0.5000E+01 -0.5000E+01 -0.5000E+01 -0.5000E+01
      -0.5000E+01 -0.5000E+01 -0.5000E+01 -0.5000E+01 -0.5000E+01
      -0.5000E+01 -0.5000E+01 -0.5000E+01 -0.5000E+01 -0.5000E+01
      -0.5000E+01 -0.5000E+01 -0.5000E+01 -0.5000E+01 -0.5000E+01
      -0.5000E+01 -0.5000E+01 -0.5000E+01 -0.5000E+01 -0.5000E+01
      -0.5000E+01 -0.5000E+01 -0.5000E+01 -0.5000E+01 -0.5000E+01
      -0.5000E+01 -0.5000E+01 -0.5000E+01 -0.5000E+01 -0.5000E+01
      -0.5000E+01 -0.5000E+01 -0.5000E+01 -0.5000E+01 -0.5000E+01
      -0.5000E+01 -0.5000E+01 -0.5000E+01 -0.5000E+01 -0.5000E+01
      -0.5000E+01 -0.5000E+01 -0.5000E+01 -0.5000E+01 -0.5000E+01
      -0.5000E+01 -0.5000E+01 -0.5000E+01 -0.5000E+01 -0.5000E+01
      -0.5000E+01 -0.5000E+01 -0.5000E+01 -0.5000E+01 -0.5000E+01
      -0.5000E+01 -0.5000E+01 -0.5000E+01 -0.5000E+01 -0.5000E+01
      -0.5000E+01 -0.5000E+01 -0.5000E+01 -0.5000E+01 -0.5000E+01
      -0.5000E+01 -0.5000E+01 -0.5000E+01 -0.5000E+01 -0.5000E+01
      -0.5000E+01 -0.5000E+01 -0.5000E+01 -0.5000E+01 -0.5000E+01
      -0.5000E+01 -0.5000E+01 -0.5000E+01 -0.5000E+01 -0.5000E+01
      -0.5000E+01 -0.5000E+01 -0.5000E+01 -0.5000E+01 -0.5000E+01
      -0.5000E+01 -0.5000E+01 -0.5000E+01 -0.5000E+01 -0.5000E+01
      -0.5000E+01 -0.5000E+01 -0.5000E+01 -0.5000E+01 -0.5000E+01
      -0.5000E+01 -0.5000E+01 -0.5000E+01 -0.5000E+01 -0.5000E+01
      -0.5000E+01 -0.5000E+01 -0.5000E+01 -0.5000E+01 -0.5000E+01
      -0.5000E+01 -0.5000E+01 -0.5000E+01 -0.5000E+01 -0.5000E+01
      -0.5000E+01 -0.5000E+01 -0.5000E+01 -0.5000E+01 -0.5000E+01
      -0.5000E+01 -0.5000E+01 -0.5000E+01 -0.5000E+01 -0.5000E+01
      -0.5000E+01 -0.5000E+01 -0.5000E+01 -0.5000E+01 -0.5000E+01
      -0.5000E+01 -0.5000E+01 -0.5000E+01 -0.5000E+01 -0.5000E+01
      -0.5000E+01 -0.5000E+01 -0.5000E+01 -0.5000E+01 -0.5000E+01
      -0.5000E+01 -0.5000E+01 -0.5000E+01 -0.5000E+01 -0.5000E+01
      -0.5000E+01 -0.5000E+01 -0.5000E+01 -0.5000E+01 -0.5000E+01
      -0.5000E+01 -0.5000E+01 -0.5000E+01 -0.5000E+01 -0.5000E+01
      -0.5000E+01 -0.5000E+01 -0.5000E+01 -0.5000E+01 -0.5000E+01
      -0.5000E+01 -0.5000E+01 -0.5000E+01 -0.5000E+01 -0.5000E+01
      -0.5000E+01 -0.5000E+01 -0.5000E+01 -0.5000E+01 -0.5000E+01
      -0.5000E+01 -0.5000E+01 -0.5000E+01 -0.5000E+01 -0.5000E+01
      -0.5000E+01 -0.5000E+01 -0.5000E+01 -0.5000E+01 -0.5000E+01
      -0.5000E+01 -0.5000E+01 -0.5000E+01 -0.5000E+01 -0.5000E+01
      -0.5000E+01 -0.5000E+01 -0.5000E+01 -0.5000E+01 -0.5000E+01
      -0.5000E+01 -0.5000E+01 -0.5000E+01 -0.5000E+01 -0.5000E+01
      -0.5000E+01 -0.5000E+01 -0.5000E+01 -0.5000E+01 -0.5000E+01
      -0.5000E+01 -0.5000E+01 -0.5000E+01 -0.5000E+01 -0.5000E+01
      -0.5000E+01 -0.5000E+01 -0.5000E+01 -0.5000E+01 -0.5000E+01
      -0.5000E+01 -0.5000E+01 -0.5000E+01 -0.5000E+01 -0.5000E+01
      -0.5000E+01 -0.5000E+01 -0.5000E+01 -0.5000E+01 -0.5000E+01
      -0.5000E+01 -0.5000E+01 -0.5000E+01 -0.5000E+01 -0.5000E+01
      -0.5000E+01 -0.5000E+01 -0.5000E+01 -0.5000E+01 -0.5000E+01
      -0.5000E+01 -0.5000E+01 -0.5000E+01 -0.5000E+01 -0.5000E+01
      -0.5000E+01 -0.5000E+01 -0.5000E+01 -0.5000E+01 -0.5000E+01
      -0.5000E+01 -0.5000E+01 -0.5000E+01 -0.5000E+01 -0.5000E+01
      -0.5000E+01 -0.5000E+01 -0.5000E+01 -0.5000E+01 -0.5000E+01
      -0.5000E+01 -0.5000E+01 -0.5000E+01 -0.5000E+01 -0.5000E+01
      -0.5000E+01 -0.5000E+01 -0.5000E+01 -0.5000E+01 -0.5000E+01
      -0.5000E+01 -0.5000E+01 -0.5000E+01 -0.5000E+01 -0.5000E+01
      -0.5000E+01 -0.5000E+01 -0.5000E+01 -0.5000E+01 -0.5000E+01
      -0.5000E+01 -0.5000E+01 -0.5000E+01 -0.5000E+01 -0.5000E+01
      -0.5000E+01 -0.5000E+01 -0.5000E+01 -0.5000E+01 -0.5000E+01
      -0.5000E+01 -0.5000E+01 -0.5000E+01 -0.5000E+01 -0.5000E+01
      -0.5000E+01 -0.5000E+01 -0.5000E+01 -0.5000E+01 -0.5000E+01
      -0.5000E+01 -0.5000E+01 -0.5000E+01 -0.5000E+01 -0.5000E+01
      -0.5000E+01 -0.5000E+01 -0.5000E+01 -0.5000E+01 -0.5000E+01
      -0.5000E+01 -0.5000E+01 -0.5000E+01 -0.5000E+01 -0.5000E+01
      -0.5000E+01 -0.5000E+01 -0.5000E+01 -0.5000E+01 -0.5000E+01
      -0.5000E+01 -0.5000E+01 -0.5000E+01 -0.5000E+01 -0.5000E+01
      -0.5000E+01 -0.5000E+01 -0.5000E+01 -0.5000E+01 -0.5000E+01
      -0.5000E+01 -0.5000E+01 -0.5000E+01 -0.5000E+01 -0.5000E+01
      -0.5000E+01 -0.5000E+01 -0.5000E+01 -0.5000E+01 -0.5000E+01
      -0.5000E+01 -0.5000E+01 -0.5000E+01 -0.5000E+01 -0.5000E+01
      -0.5000E+01 -0.5000E+01 -0.5000E+01 -0.5000E+01 -0.5000E+01
      -0.5000E+01 -0.5000E+01 -0.5000E+01 -0.5000E+01 -0.5000E+01
      -0.5000E+01 -0.5000E+01 -0.5000E+01 -0.5000E+01 -0.5000E+01
      -0.5000E+01 -0.5000E+01 -0.5000E+01 -0.5000E+01 -0.5000E+01
      -0.5000E+01 -0.5000E+01 -0.5000E+01 -0.5000E+01 -0.5000E+01
      -0.5000E+01 -0.5000E+01 -0.5000E+01 -0.5000E+01 -0.5000E+01
      -0.5000E+01 -0.5000E+01 -0.5000E+01 -0.5000E+01 -0.5000E+01
      -0.5000E+01 -0.5000E+01 -0.5000E+01 -0.5000E+01 -0.5000E+01
      -0.5000E+01 -0.5000E+01 -0.5000E+01 -0.5000E+01 -0.5000E+01
      -0.5000E+01 -0.5000E+01 -0.5000E+01 -0.5000E+01 -0.5000E+01
      -0.5000E+01 -0.5000E+01 -0.5000E+01 -0.5000E+01 -0.5000E+01
      -0.5000E+01 -0.5000E+01 -0.5000E+01 -0.5000E+01 -0.5000E+01
      -0.5000E+01 -0.5000E+01 -0.5000E+01 -0.5000E+01 -0.5000E+01
      -0.5000E+01 -0.5000E+01 -0.5000E+01 -0.5000E+01 -0.5000E+01
      -0.5000E+01 -0.5000E+01 -0.5000E+01 -0.5000E+01 -0.5000E+01
      -0.5000E+01 -0.5000E+01 -0.5000E+01 -0.5000E+01 -0.5000E+01
      -0.5000E+01 -0.5000E+01 -0.5000E+01 -0.5000E+01 -0.5000E+01
      -0.5000E+01 -0.5000E+01  0.6823E-02 -0.5000E+01 -0.5000E+01
      -0.5000E+01 -0.5000E+01 -0.5000E+01 -0.5000E+01 -0.5000E+01
      -0.5000E+01 -0.5000E+01 -0.5000E+01 -0.5000E+01 -0.5000E+01
      -0.5000E+01 -0.5000E+01 -0.5000E+01 -0.5000E+01 -0.5000E+01
      -0.5000E+01 -0.5000E+01 -0.5000E+01 -0.5000E+01 -0.5000E+01
      -0.5000E+01 -0.5000E+01 -0.5000E+01 -0.5000E+01  0.1020E-01
       0.1876E-01 -0.5000E+01 -0.5000E+01 -0.5000E+01 -0.5000E+01
      -0.5000E+01 -0.5000E+01 -0.5000E+01 -0.5000E+01 -0.5000E+01
      -0.5000E+01 -0.5000E+01 -0.5000E+01 -0.5000E+01 -0.5000E+01
      -0.5000E+01 -0.5000E+01 -0.5000E+01 -0.5000E+01 -0.5000E+01
      -0.5000E+01 -0.5000E+01 -0.5000E+01 -0.5000E+01 -0.5000E+01
      -0.5000E+01 -0.5000E+01 -0.5000E+01 -0.5000E+01 -0.5000E+01
      -0.5000E+01 -0.5000E+01 -0.5000E+01 -0.5000E+01 -0.5000E+01
      -0.5000E+01 -0.5000E+01 -0.5000E+01  0.1374E-01  0.3201E-02
      -0.5000E+01  0.3833E-02 -0.5000E+01 -0.5000E+01 -0.5000E+01
      -0.5000E+01 -0.5000E+01 -0.5000E+01 -0.5000E+01 -0.5000E+01
      -0.5000E+01 -0.5000E+01 -0.5000E+01 -0.5000E+01 -0.5000E+01
      -0.5000E+01 -0.5000E+01 -0.5000E+01 -0.5000E+01 -0.5000E+01
      -0.5000E+01 -0.5000E+01 -0.5000E+01 -0.5000E+01 -0.5000E+01
      -0.5000E+01 -0.5000E+01 -0.5000E+01 -0.5000E+01 -0.5000E+01
      -0.5000E+01 -0.5000E+01 -0.5000E+01 -0.5000E+01 -0.5000E+01
      -0.5000E+01 -0.5000E+01 -0.5000E+01 -0.5000E+01 -0.5000E+01
      -0.5000E+01 -0.5000E+01 -0.5000E+01 -0.5000E+01 -0.5000E+01
      -0.5000E+01 -0.5000E+01 -0.5000E+01 -0.5000E+01  0.5157E-02
      -0.5000E+01 -0.5000E+01 -0.5000E+01 -0.5000E+01 -0.5000E+01
      -0.5000E+01 -0.5000E+01 -0.5000E+01  0.2488E-01  0.1640E-01
      -0.5000E+01 -0.1729E-01 -0.5000E+01 -0.5000E+01 -0.5000E+01
      -0.5000E+01 -0.5000E+01 -0.5000E+01 -0.5000E+01 -0.5000E+01
      -0.5000E+01 -0.5000E+01 -0.5000E+01 -0.5000E+01 -0.5000E+01
      -0.5000E+01 -0.5000E+01 -0.5000E+01 -0.5000E+01 -0.5000E+01
      -0.5000E+01 -0.5000E+01 -0.5000E+01 -0.5000E+01 -0.5000E+01
      -0.5000E+01 -0.5000E+01 -0.5000E+01 -0.5000E+01 -0.5000E+01
      -0.5000E+01 -0.5000E+01 -0.5000E+01 -0.5000E+01 -0.5000E+01
      -0.5000E+01 -0.5000E+01 -0.5000E+01 -0.5000E+01 -0.5000E+01
      -0.5000E+01 -0.5000E+01 -0.5000E+01 -0.5000E+01 -0.5000E+01
      -0.5000E+01 -0.5000E+01 -0.5000E+01 -0.5000E+01 -0.5000E+01
      -0.5000E+01 -0.5000E+01 -0.5000E+01 -0.5000E+01 -0.5000E+01
      -0.5000E+01 -0.5000E+01 -0.5000E+01 -0.5000E+01 -0.5000E+01
      -0.2129E-02 -0.5000E+01 -0.1790E-01 -0.5000E+01 -0.5000E+01
      -0.5000E+01 -0.5000E+01 -0.5000E+01 -0.5000E+01 -0.5000E+01
      -0.5000E+01 -0.5000E+01 -0.5000E+01 -0.5000E+01 -0.5000E+01
      -0.5000E+01 -0.5000E+01 -0.5000E+01 -0.5000E+01 -0.5000E+01
      -0.5000E+01 -0.5000E+01 -0.5000E+01 -0.5000E+01 -0.5000E+01
      -0.5000E+01 -0.5000E+01 -0.5000E+01 -0.5000E+01 -0.5000E+01
      -0.5000E+01 -0.5000E+01 -0.5000E+01 -0.5000E+01 -0.5000E+01
      -0.5000E+01 -0.5000E+01 -0.5000E+01 -0.1415E-01 -0.5000E+01
      -0.5000E+01 -0.5000E+01 -0.5000E+01 -0.5000E+01 -0.5000E+01
      -0.5000E+01 -0.5000E+01 -0.5000E+01 -0.5000E+01 -0.5000E+01
      -0.5000E+01 -0.5000E+01 -0.5000E+01 -0.5000E+01 -0.5000E+01
      -0.5000E+01 -0.5000E+01 -0.5000E+01 -0.5000E+01 -0.5000E+01
      -0.5000E+01 -0.5000E+01 -0.5000E+01 -0.5000E+01 -0.5000E+01
      -0.5000E+01 -0.5000E+01 -0.5000E+01 -0.5000E+01 -0.5000E+01
      -0.5000E+01 -0.5000E+01 -0.5000E+01 -0.5000E+01 -0.5000E+01
      -0.5000E+01 -0.5000E+01 -0.5000E+01 -0.5000E+01 -0.5000E+01
      -0.5000E+01 -0.5000E+01 -0.5000E+01 -0.5000E+01 -0.5000E+01
      -0.5000E+01 -0.5000E+01 -0.5000E+01 -0.5000E+01 -0.5000E+01
      -0.5000E+01 -0.5000E+01 -0.5000E+01 -0.5000E+01 -0.5000E+01
      -0.5000E+01 -0.5000E+01 -0.5000E+01 -0.5000E+01 -0.5000E+01
      -0.5000E+01 -0.5000E+01 -0.5000E+01 -0.5000E+01 -0.5000E+01
      -0.5000E+01 -0.5000E+01 -0.5000E+01 -0.5000E+01 -0.5000E+01
      -0.5000E+01 -0.5000E+01 -0.5000E+01 -0.5000E+01 -0.5000E+01
      -0.5000E+01 -0.5000E+01 -0.5000E+01 -0.5000E+01 -0.5000E+01
      -0.5000E+01 -0.5000E+01 -0.5000E+01 -0.5000E+01 -0.5000E+01
      -0.5000E+01 -0.5000E+01 -0.5000E+01 -0.5000E+01 -0.5000E+01
      -0.5000E+01 -0.5000E+01 -0.5000E+01 -0.5000E+01 -0.5000E+01
      -0.5000E+01 -0.5000E+01 -0.5000E+01 -0.5000E+01 -0.5000E+01
      -0.5000E+01 -0.5000E+01 -0.5000E+01 -0.5000E+01 -0.5000E+01
      -0.5000E+01 -0.5000E+01 -0.5000E+01 -0.5000E+01 -0.5000E+01
      -0.5000E+01 -0.5000E+01 -0.5000E+01 -0.5000E+01 -0.5000E+01
      -0.5000E+01 -0.5000E+01 -0.5000E+01 -0.5000E+01 -0.5000E+01
      -0.5000E+01 -0.5000E+01 -0.5000E+01 -0.5000E+01 -0.5000E+01
      -0.5000E+01 -0.5000E+01 -0.5000E+01 -0.5000E+01 -0.5000E+01
      -0.5000E+01 -0.5000E+01 -0.5000E+01 -0.5000E+01 -0.5000E+01
      -0.5000E+01 -0.5000E+01 -0.5000E+01 -0.5000E+01 -0.5000E+01
      -0.5000E+01 -0.5000E+01 -0.5000E+01 -0.5000E+01 -0.5000E+01
      -0.5000E+01 -0.5000E+01 -0.5000E+01 -0.5000E+01 -0.5000E+01
      -0.5000E+01 -0.5000E+01 -0.5000E+01 -0.5000E+01 -0.5000E+01
      -0.5000E+01 -0.5000E+01 -0.5000E+01 -0.5000E+01 -0.5000E+01
      -0.5000E+01 -0.5000E+01 -0.5000E+01 -0.5000E+01 -0.5000E+01
      -0.5000E+01 -0.5000E+01 -0.5000E+01 -0.5000E+01 -0.5000E+01
      -0.5000E+01 -0.5000E+01 -0.5000E+01 -0.5000E+01 -0.5000E+01
      -0.5000E+01 -0.5000E+01 -0.5000E+01 -0.5000E+01 -0.5000E+01
      -0.5000E+01 -0.5000E+01 -0.5000E+01 -0.5000E+01 -0.5000E+01
      -0.5000E+01 -0.5000E+01 -0.5000E+01 -0.5000E+01 -0.5000E+01
      -0.5000E+01 -0.5000E+01 -0.5000E+01 -0.5000E+01 -0.5000E+01
      -0.5000E+01 -0.5000E+01  0.4654E-02 -0.5000E+01 -0.5000E+01
       0.4190E-03 -0.1638E-02 -0.5000E+01 -0.5000E+01 -0.5000E+01
      -0.5000E+01 -0.5000E+01 -0.5000E+01 -0.5000E+01 -0.5000E+01
      -0.5000E+01 -0.5000E+01 -0.5000E+01 -0.5000E+01 -0.5000E+01
      -0.5000E+01 -0.5000E+01 -0.5000E+01 -0.5000E+01 -0.5000E+01
      -0.5000E+01 -0.5000E+01 -0.5000E+01 -0.5000E+01 -0.5000E+01
      -0.5000E+01 -0.5000E+01 -0.5000E+01 -0.5000E+01 -0.5000E+01
      -0.5000E+01 -0.5000E+01  0.2361E-02 -0.5000E+01 -0.5000E+01
      -0.5000E+01 -0.5000E+01 -0.5000E+01 -0.5000E+01 -0.6172E-02
      -0.5000E+01 -0.5000E+01 -0.5000E+01 -0.5000E+01 -0.5000E+01
      -0.5000E+01  0.3554E-02  0.5333E-02  0.4195E-02  0.4399E-02
       0.3313E-02  0.4477E-02 -0.1182E-02 -0.5000E+01 -0.5000E+01
      -0.5000E+01  0.9607E-02  0.3109E-02  0.3935E-02  0.5596E-03
       0.4119E-02 -0.6001E-02 -0.5370E-02 -0.7821E-02 -0.5000E+01
      -0.5000E+01 -0.5000E+01 -0.6044E-02 -0.5000E+01 -0.5000E+01
      -0.5000E+01 -0.5000E+01  0.5640E-02 -0.5000E+01 -0.5000E+01
      -0.5000E+01 -0.4631E-03  0.3885E-02  0.6114E-02  0.1030E-02
      -0.2967E-02  0.5652E-02  0.3302E-02 -0.1087E-02 -0.5000E+01
      -0.5000E+01  0.6134E-02  0.1024E-01  0.5382E-02  0.3155E-02
       0.2796E-02 -0.2734E-02 -0.1208E-02 -0.7422E-02 -0.5000E+01
      -0.5000E+01 -0.2426E-02  0.2910E-02 -0.1988E-02  0.7975E-03
       0.2640E-02 -0.3551E-02 -0.2005E-02 -0.1573E-02 -0.5000E+01
      -0.5000E+01  0.2371E-02  0.1274E-01  0.5437E-02  0.4906E-02
       0.1940E-02  0.3762E-02 -0.9868E-02 -0.3231E-02 -0.5000E+01
      -0.5000E+01  0.7714E-02  0.4769E-02  0.1934E-02  0.1433E-02
       0.4266E-03 -0.3047E-02 -0.3684E-02 -0.6150E-02 -0.5000E+01
      -0.5000E+01  0.1734E-02 -0.1786E-02  0.7239E-02  0.3305E-03
      -0.2975E-02  0.3209E-02 -0.5027E-02 -0.5252E-02 -0.5000E+01
      -0.5000E+01  0.1137E-01  0.6020E-02  0.6604E-02  0.3975E-02
       0.3687E-02 -0.3035E-02 -0.4693E-02 -0.8367E-02 -0.5000E+01
      -0.5000E+01  0.3092E-02  0.4483E-02  0.1062E-02  0.3842E-02
       0.3527E-02 -0.1863E-02  0.3214E-03 -0.6351E-02 -0.5000E+01
      -0.5000E+01  0.4019E-02  0.2327E-02 -0.5425E-03  0.1650E-02
      -0.1178E-02 -0.3395E-02 -0.6418E-02 -0.4806E-02 -0.5000E+01
      -0.5000E+01  0.7357E-02  0.8723E-02 -0.1880E-05  0.8497E-03
       0.3546E-02  0.2402E-02 -0.4216E-02 -0.3417E-02 -0.5000E+01
      -0.5000E+01  0.1051E-01  0.4599E-02  0.4319E-02  0.3081E-02
      -0.1872E-02 -0.4259E-02 -0.8499E-02 -0.5523E-02 -0.5000E+01
      -0.5000E+01  0.1201E-01  0.6325E-02  0.4143E-02  0.1680E-02
       0.1789E-03 -0.3792E-02 -0.8747E-02 -0.1148E-01 -0.5000E+01
      -0.5000E+01  0.1190E-01  0.1035E-01  0.3942E-02  0.4752E-02
       0.2832E-02  0.1990E-02 -0.3095E-02 -0.6326E-02 -0.5000E+01
      -0.5000E+01  0.1267E-01  0.5592E-02  0.4890E-02  0.5431E-02
       0.5779E-02  0.9529E-03 -0.3731E-02 -0.7502E-02 -0.5000E+01
      -0.5000E+01  0.1141E-01  0.3534E-02  0.1740E-02  0.2369E-02
      -0.1400E-02  0.1481E-03 -0.4395E-02 -0.5210E-02 -0.5000E+01
      -0.5000E+01  0.1022E-01  0.5600E-02  0.6283E-02  0.3509E-02
       0.2001E-03 -0.3063E-02 -0.4268E-02 -0.1848E-02 -0.5000E+01
      -0.5000E+01  0.1194E-01  0.7873E-02  0.2030E-02  0.4573E-02
       0.2370E-02 -0.1360E-02 -0.6190E-02 -0.7749E-02 -0.5000E+01
      -0.5000E+01  0.1530E-01  0.9756E-02  0.5527E-02  0.8288E-02
      -0.7698E-03 -0.5012E-02 -0.7523E-02 -0.1186E-01 -0.5000E+01
      -0.5000E+01  0.1623E-01  0.1133E-01  0.4495E-02  0.4469E-02
       0.8500E-03  0.1027E-02 -0.4304E-02 -0.6960E-02 -0.5000E+01
      -0.5000E+01  0.1256E-01  0.9091E-02  0.4414E-02  0.3719E-02
      -0.3266E-03 -0.1727E-02  0.1688E-02 -0.5539E-02 -0.5000E+01
      -0.5000E+01  0.6643E-02  0.7041E-02  0.3648E-02  0.7018E-03
       0.1030E-02 -0.2876E-02 -0.2887E-02 -0.6197E-02 -0.5000E+01
      -0.5000E+01  0.6664E-02  0.6125E-02  0.4077E-02  0.1743E-02
      -0.9007E-03  0.3179E-02 -0.2068E-02 -0.4718E-02 -0.5000E+01
      -0.5000E+01  0.1367E-01  0.1027E-01  0.7411E-02  0.2917E-02
       0.5901E-03 -0.1603E-02 -0.6457E-02 -0.7342E-02 -0.5000E+01
      -0.5000E+01  0.1397E-01  0.6594E-02  0.4448E-02  0.1439E-02
      -0.3729E-03 -0.4409E-02 -0.6027E-02 -0.1133E-01 -0.5000E+01
      -0.5000E+01  0.1612E-01  0.9156E-02  0.6478E-02  0.5975E-02
      -0.5842E-03  0.2358E-03 -0.1922E-02 -0.8831E-02 -0.5000E+01
      -0.5000E+01  0.2106E-01  0.9848E-02  0.7478E-02  0.7108E-02
       0.1075E-02  0.1508E-03 -0.4873E-02 -0.9175E-02 -0.5000E+01
       0.1671E-01  0.1330E-01  0.6212E-02  0.3101E-02  0.1978E-02
       0.1264E-02 -0.1023E-02 -0.5805E-02 -0.6767E-02 -0.5000E+01
      -0.5000E+01  0.4393E-02  0.4468E-02  0.3315E-02  0.1825E-02
       0.3034E-02  0.2194E-03 -0.5237E-02 -0.4771E-02 -0.5000E+01
      -0.5000E+01  0.1584E-01  0.8155E-02  0.5553E-02  0.3904E-02
       0.7113E-03 -0.4274E-02 -0.4400E-02 -0.8705E-02 -0.5000E+01
      -0.5000E+01  0.1562E-01  0.8097E-02 -0.5000E+01 -0.5000E+01
      -0.5000E+01 -0.5000E+01 -0.5000E+01 -0.5000E+01 -0.5000E+01
      -0.5000E+01  0.1721E-01  0.9029E-02  0.5678E-02  0.5552E-02
       0.2323E-02 -0.5077E-02 -0.5525E-02 -0.7190E-02 -0.5000E+01
      -0.5000E+01  0.1875E-01  0.7112E-02  0.1833E-02 -0.3891E-02
      -0.3687E-02 -0.3387E-02 -0.1074E-01 -0.9207E-02 -0.5000E+01
      -0.5000E+01  0.1157E-01  0.6480E-02  0.2422E-02  0.3086E-02
      -0.5221E-03 -0.1734E-02 -0.5356E-02 -0.7980E-02 -0.5000E+01
      -0.5000E+01  0.7155E-02  0.4436E-02  0.2148E-02  0.1846E-02
       0.3293E-02  0.1209E-02 -0.2934E-02 -0.1022E-01 -0.5000E+01
      -0.5000E+01  0.1398E-01  0.8312E-02  0.7692E-02  0.4633E-02
       0.2797E-03  0.2739E-03 -0.2088E-02 -0.7229E-02 -0.5000E+01
      -0.5000E+01  0.1968E-01  0.1271E-01  0.1055E-01  0.1280E-02
       0.3849E-02 -0.3221E-02 -0.7020E-02 -0.8849E-02 -0.5000E+01
      -0.5000E+01  0.1401E-01  0.1089E-01  0.6440E-02  0.3211E-02
       0.1595E-02 -0.3444E-02 -0.5274E-02 -0.9276E-02 -0.5000E+01
       0.3186E-01  0.1659E-01  0.1503E-01  0.9013E-02  0.6519E-02
       0.8959E-03 -0.3361E-02 -0.5257E-02 -0.1100E-01 -0.5000E+01
      -0.5000E+01  0.1015E-01  0.6659E-02  0.4713E-02  0.2470E-02
       0.6498E-03 -0.1494E-02 -0.5651E-02 -0.6192E-02 -0.5000E+01
      -0.5000E+01  0.7041E-02  0.5251E-02  0.4035E-02  0.3498E-02
      -0.1304E-02 -0.1504E-02 -0.1710E-02 -0.9354E-02 -0.5000E+01
      -0.5000E+01  0.1482E-01  0.8767E-02  0.6246E-02  0.6961E-02
       0.4881E-02 -0.1570E-03 -0.4158E-02 -0.6832E-02 -0.5000E+01
      -0.5000E+01  0.1408E-01  0.1209E-01  0.7973E-02  0.3901E-02
       0.1965E-02 -0.1622E-02 -0.4871E-02 -0.8875E-02 -0.5000E+01
      -0.5000E+01  0.1603E-01  0.1011E-01  0.6517E-02  0.5061E-02
       0.2053E-02 -0.2189E-02 -0.6084E-02 -0.5710E-02 -0.5000E+01
       0.3781E-01  0.2760E-01  0.1827E-01  0.1491E-01  0.1230E-01
       0.1146E-01  0.3904E-02 -0.5008E-02 -0.1367E-01 -0.5000E+01
      -0.5000E+01  0.1523E-01  0.9590E-02  0.8446E-02  0.4586E-02
       0.1387E-02  0.1077E-02 -0.5694E-02 -0.8203E-02 -0.5000E+01
      -0.5000E+01  0.6523E-02 -0.5000E+01 -0.3312E-02 -0.5000E+01
      -0.5000E+01 -0.5000E+01 -0.5000E+01 -0.5000E+01 -0.5000E+01
      -0.5000E+01  0.2044E-01  0.1485E-01  0.1044E-01  0.1656E-02
       0.3436E-02 -0.1693E-01  0.5594E-02 -0.1276E-01 -0.5000E+01
      -0.5000E+01  0.2819E-01  0.8998E-02  0.3676E-02  0.8580E-02
       0.9417E-02 -0.2755E-02 -0.5540E-02  0.3061E-02 -0.5000E+01
      -0.5000E+01  0.1641E-01  0.2131E-01  0.2258E-01  0.1036E-01
       0.5566E-02  0.2978E-02 -0.7635E-02 -0.1658E-01 -0.5000E+01
      -0.5000E+01  0.3400E-01  0.3549E-01  0.2970E-01  0.9319E-02
       0.7282E-02  0.4487E-02 -0.7163E-02 -0.2026E-01 -0.5000E+01
      -0.5000E+01  0.2990E-01  0.1379E-01  0.2569E-02  0.1722E-02
       0.5223E-02 -0.1465E-02 -0.1040E-01 -0.9850E-02 -0.5000E+01
      -0.5000E+01 -0.5000E+01 -0.5000E+01 -0.5000E+01 -0.5000E+01
      -0.5000E+01 -0.5000E+01 -0.5000E+01 -0.5000E+01 -0.5000E+01
      -0.5000E+01 -0.5000E+01 -0.5000E+01 -0.5000E+01 -0.5000E+01
      -0.5000E+01 -0.5000E+01 -0.5000E+01 -0.5000E+01 -0.5000E+01
      -0.5000E+01 -0.5000E+01 -0.5000E+01 -0.5000E+01 -0.5000E+01
      -0.5000E+01 -0.5000E+01 -0.5000E+01 -0.5000E+01 -0.5000E+01
      -0.5000E+01 -0.5000E+01 -0.5000E+01 -0.5000E+01 -0.5000E+01
      -0.5000E+01 -0.5000E+01 -0.5000E+01 -0.5000E+01 -0.5000E+01
      -0.5000E+01 -0.5000E+01 -0.5000E+01 -0.5000E+01 -0.5000E+01
      -0.5000E+01 -0.5000E+01 -0.5000E+01 -0.5000E+01 -0.5000E+01
      -0.5000E+01 -0.5000E+01 -0.5000E+01 -0.5000E+01 -0.5000E+01
      -0.5000E+01 -0.5000E+01 -0.5000E+01 -0.5000E+01 -0.5000E+01
      -0.5000E+01 -0.5000E+01 -0.5000E+01 -0.5000E+01 -0.5000E+01
      -0.5000E+01 -0.5000E+01 -0.5000E+01 -0.5000E+01 -0.5000E+01
      -0.5000E+01 -0.5000E+01 -0.5000E+01 -0.5000E+01 -0.5000E+01
      -0.5000E+01 -0.5000E+01 -0.5000E+01 -0.5000E+01 -0.5000E+01
      -0.5000E+01 -0.5000E+01 -0.5000E+01 -0.5000E+01 -0.5000E+01
      -0.5000E+01 -0.5000E+01 -0.5000E+01 -0.5000E+01 -0.5000E+01
      -0.5000E+01 -0.5000E+01 -0.5000E+01 -0.5000E+01 -0.5000E+01
      -0.5000E+01 -0.5000E+01 -0.5000E+01 -0.5000E+01 -0.5000E+01
      -0.5000E+01 -0.5000E+01 -0.5000E+01 -0.5000E+01 -0.5000E+01
      -0.5000E+01 -0.5000E+01 -0.5000E+01 -0.5000E+01 -0.5000E+01
      -0.5000E+01 -0.5000E+01 -0.5000E+01 -0.5000E+01 -0.5000E+01
      -0.5000E+01 -0.5000E+01 -0.5000E+01 -0.5000E+01 -0.5000E+01
      -0.5000E+01 -0.5000E+01  0.1094E-02 -0.2704E-03 -0.5706E-02
      -0.2572E-02 -0.8384E-03 -0.2345E-02 -0.5000E+01 -0.5000E+01
      -0.5000E+01 -0.9889E-04  0.2435E-02  0.3584E-02  0.9478E-03
      -0.1434E-02 -0.6917E-02 -0.3718E-02  0.3515E-02 -0.5000E+01
      -0.5000E+01 -0.5000E+01 -0.5730E-02 -0.7494E-03 -0.3110E-02
      -0.5000E+01  0.1007E-03 -0.5556E-03  0.8667E-02 -0.5000E+01
      -0.5000E+01 -0.5000E+01 -0.5000E+01  0.5227E-02 -0.5000E+01
      -0.5000E+01 -0.1096E-01  0.7676E-03  0.1109E-01 -0.5000E+01
      -0.5000E+01 -0.5000E+01  0.5901E-02 -0.1510E-02 -0.5000E+01
       0.3634E-02 -0.6179E-03 -0.3309E-02 -0.2321E-02 -0.5000E+01
      -0.5000E+01 -0.5000E+01 -0.4774E-02 -0.5122E-02 -0.3339E-02
      -0.4262E-02 -0.4760E-02 -0.5359E-02  0.5070E-02 -0.5000E+01
      -0.5000E+01  0.1142E-02  0.2610E-02 -0.3352E-02  0.5505E-03
      -0.1118E-03 -0.3663E-02 -0.3636E-02 -0.3139E-02 -0.5000E+01
      -0.5000E+01 -0.1859E-02  0.1797E-02  0.9556E-03 -0.1619E-02
      -0.2631E-02 -0.3482E-02 -0.5169E-02 -0.5552E-02 -0.5000E+01
      -0.5000E+01 -0.3677E-03  0.6417E-03  0.2967E-02  0.1642E-02
       0.2007E-03 -0.1065E-02 -0.4969E-02 -0.1525E-02 -0.5000E+01
      -0.5000E+01  0.3405E-03  0.2302E-02  0.9878E-03  0.1291E-02
       0.2056E-02  0.1671E-02 -0.8848E-03 -0.2316E-03 -0.5000E+01
      -0.5000E+01 -0.7265E-04  0.3007E-02  0.1408E-02  0.4885E-03
      -0.1733E-03 -0.3909E-03 -0.4334E-02 -0.4790E-02 -0.5000E+01
      -0.5000E+01 -0.5333E-02 -0.4567E-02 -0.3125E-02 -0.2417E-02
      -0.2056E-02 -0.3902E-02 -0.3453E-02 -0.5800E-02 -0.5000E+01
      -0.5000E+01  0.2761E-02  0.2839E-02  0.1033E-02  0.1765E-02
      -0.1091E-02 -0.3601E-02 -0.4228E-02 -0.3945E-02 -0.1787E-01
      -0.5000E+01  0.4438E-02 -0.3959E-03  0.1034E-02  0.6446E-03
      -0.1412E-02 -0.2668E-02 -0.4395E-02 -0.8229E-02 -0.1273E-01
      -0.5000E+01  0.7687E-03 -0.3270E-03  0.3326E-02  0.1710E-02
      -0.5452E-02  0.6118E-03 -0.5854E-02 -0.4506E-02 -0.5000E+01
      -0.5000E+01  0.4011E-02  0.2669E-02  0.2189E-02  0.1070E-02
       0.9748E-03 -0.1154E-03 -0.3777E-02 -0.1428E-02 -0.5000E+01
      -0.5000E+01  0.3175E-02  0.5183E-02  0.1092E-02  0.1615E-02
      -0.4880E-03 -0.1364E-02 -0.1356E-02 -0.4466E-02 -0.1119E-01
      -0.5000E+01 -0.9643E-03  0.3208E-03 -0.1754E-02 -0.1082E-02
      -0.2880E-02 -0.1526E-02 -0.5494E-02 -0.6488E-02 -0.1577E-01
      -0.5000E+01  0.9293E-03  0.1282E-02 -0.7542E-03  0.5940E-03
      -0.1991E-02 -0.1407E-02 -0.5339E-02 -0.7215E-02 -0.5574E-02
      -0.2674E-02  0.2111E-02  0.1704E-02  0.1248E-02  0.1459E-02
      -0.1581E-02 -0.1992E-02 -0.5366E-02 -0.7530E-02 -0.1109E-01
      -0.5000E+01  0.5829E-02  0.3540E-02  0.1691E-02 -0.1056E-02
      -0.1148E-02 -0.5507E-02 -0.4337E-02 -0.8823E-02 -0.1725E-01
       0.5501E-02  0.4679E-02  0.6205E-02  0.4240E-02  0.8793E-03
      -0.2365E-03  0.5280E-03 -0.1594E-02 -0.7623E-02 -0.7948E-02
       0.6327E-02  0.6239E-02  0.5124E-02  0.4821E-02  0.1791E-02
       0.1697E-02 -0.2112E-03 -0.2816E-03 -0.2451E-02 -0.6546E-02
       0.1299E-02  0.1698E-02  0.1067E-02  0.2057E-02  0.1424E-02
      -0.1835E-02 -0.3139E-02 -0.5458E-02 -0.5894E-02 -0.5826E-02
       0.3406E-02  0.2968E-02  0.3406E-02  0.1098E-02  0.3993E-02
       0.9928E-03 -0.7795E-03 -0.3061E-02 -0.6603E-02 -0.9487E-02
      -0.6638E-03  0.6310E-02  0.4531E-02  0.2620E-02  0.1829E-02
       0.2093E-03 -0.4122E-02 -0.6024E-02 -0.1059E-01 -0.1401E-01
       0.6748E-02  0.7360E-02  0.5371E-02  0.1848E-02  0.9498E-03
      -0.1075E-02 -0.7151E-02 -0.8253E-02 -0.1005E-01 -0.1228E-01
       0.9498E-02  0.9662E-02  0.8592E-02  0.5608E-02  0.4262E-02
       0.4982E-03 -0.7566E-03 -0.5684E-02 -0.8674E-02 -0.7926E-02
       0.6830E-02  0.8285E-02  0.5712E-02  0.6007E-02  0.4057E-02
       0.1769E-02  0.8085E-03 -0.2137E-02 -0.5466E-02 -0.1542E-01
      -0.4008E-02  0.3539E-02  0.3541E-02  0.2617E-02 -0.1093E-02
      -0.1120E-02 -0.1595E-02 -0.5924E-02 -0.7619E-02 -0.1300E-01
       0.2954E-02  0.6094E-02  0.2348E-02  0.2616E-02  0.1636E-02
       0.3749E-03  0.1293E-02 -0.3147E-02 -0.6228E-02 -0.7363E-02
       0.1314E-01  0.8554E-02  0.6082E-02  0.3722E-02  0.1964E-02
       0.1396E-03 -0.2734E-02 -0.5490E-02 -0.9697E-02 -0.1177E-01
       0.2648E-02  0.8837E-02  0.7189E-02  0.4125E-02  0.2182E-02
       0.6371E-04 -0.2316E-02 -0.9640E-02 -0.1173E-01 -0.1475E-01
       0.1244E-01  0.1149E-01  0.8817E-02  0.5754E-02  0.5276E-02
       0.1476E-02 -0.1052E-02 -0.5460E-02 -0.7935E-02 -0.1223E-01
       0.1384E-01  0.7849E-02  0.5755E-02  0.5674E-02  0.6090E-02
       0.4553E-02  0.1244E-02 -0.1220E-02 -0.6054E-02 -0.8033E-02
       0.1015E-01  0.5130E-02  0.4860E-02  0.2653E-02  0.6241E-03
      -0.1422E-02 -0.1482E-02 -0.4606E-02 -0.8219E-02 -0.7540E-02
       0.6690E-02  0.3996E-02  0.2582E-02  0.2197E-02  0.1859E-02
       0.2138E-02 -0.6793E-03 -0.1984E-02 -0.4436E-02 -0.8512E-02
       0.1167E-01  0.1070E-01  0.6904E-02  0.5076E-02  0.3246E-02
       0.7417E-03 -0.1039E-02 -0.3995E-02 -0.9053E-02 -0.1164E-01
      -0.5000E+01  0.1183E-01  0.6794E-02  0.2720E-02  0.2026E-02
      -0.1666E-02 -0.6668E-02 -0.1042E-01 -0.1277E-01 -0.5000E+01
       0.1920E-01  0.1123E-01  0.8542E-02  0.6046E-02  0.5919E-02
       0.1202E-02 -0.2506E-03 -0.5037E-02 -0.1015E-01 -0.1217E-01
       0.1145E-01  0.9306E-02  0.7917E-02  0.5004E-02  0.3456E-02
       0.2737E-02 -0.2170E-02 -0.3664E-02 -0.7633E-02 -0.9502E-02
       0.1173E-01  0.5224E-02  0.3764E-02  0.3798E-02  0.9247E-03
       0.8097E-03 -0.2515E-02 -0.6335E-02 -0.9811E-02 -0.1293E-01
       0.1207E-03  0.3235E-02  0.1168E-02  0.7475E-03  0.8017E-03
       0.5953E-03 -0.1256E-02 -0.4252E-02 -0.5845E-02 -0.9817E-02
       0.1206E-01  0.9663E-02  0.6391E-02  0.3541E-02  0.5109E-02
       0.2396E-02  0.3119E-03 -0.3471E-02 -0.7253E-02 -0.1107E-01
      -0.5000E+01  0.8928E-02  0.8291E-02  0.4738E-02 -0.5000E+01
      -0.5000E+01 -0.5000E+01 -0.5000E+01 -0.5000E+01 -0.5000E+01
       0.1679E-01  0.1288E-01  0.8919E-02  0.5412E-02  0.3139E-02
       0.1714E-02 -0.3064E-02 -0.4945E-02 -0.1052E-01 -0.1150E-01
       0.1225E-01  0.2618E-02 -0.2285E-03 -0.4077E-02 -0.8584E-02
      -0.6567E-02 -0.1081E-01 -0.9801E-02 -0.1702E-01 -0.1858E-01
       0.1108E-01  0.5310E-02  0.6540E-02  0.4375E-02  0.1179E-02
       0.2441E-03 -0.2773E-02 -0.7619E-02 -0.6660E-02 -0.5000E+01
       0.1283E-02  0.5023E-02  0.1599E-02  0.1048E-03 -0.1678E-02
      -0.7424E-03  0.1324E-02 -0.4477E-02 -0.7135E-02 -0.5000E+01
       0.1040E-01  0.1041E-01  0.8207E-02  0.3937E-02  0.3910E-02
       0.3901E-02  0.1537E-02 -0.2618E-02 -0.8236E-02 -0.5000E+01
      -0.5000E+01  0.1088E-01  0.8822E-02  0.5941E-02  0.3639E-02
      -0.2297E-02 -0.1382E-02 -0.6707E-02 -0.9374E-02 -0.5000E+01
       0.1652E-01  0.1205E-01  0.6381E-02  0.5428E-02  0.4210E-02
       0.1398E-02 -0.1638E-02 -0.1820E-02 -0.8849E-02 -0.5000E+01
       0.2794E-01  0.1196E-01  0.5754E-02 -0.2607E-02 -0.2273E-02
       0.2115E-02 -0.5715E-02 -0.1513E-01 -0.2275E-01 -0.5000E+01
       0.1401E-01  0.7661E-02  0.6553E-02  0.7142E-02  0.1420E-02
       0.1881E-02 -0.2182E-02 -0.6424E-02 -0.1124E-01 -0.5000E+01
      -0.5000E+01  0.3364E-02  0.1491E-02 -0.2124E-02  0.2848E-03
      -0.2083E-03 -0.2538E-02 -0.4359E-02 -0.8108E-02 -0.5000E+01
      -0.5000E+01  0.9154E-02  0.6677E-02  0.4645E-02  0.8334E-02
       0.2473E-02  0.2193E-02 -0.6178E-03 -0.7557E-02 -0.5000E+01
      -0.5000E+01  0.1307E-01  0.5969E-02  0.5849E-02 -0.6204E-04
       0.2105E-02 -0.4446E-02 -0.8354E-02 -0.1184E-01 -0.5000E+01
      -0.5000E+01  0.1148E-01  0.7365E-02  0.6242E-02  0.5058E-02
       0.6308E-03 -0.3766E-03 -0.6207E-02 -0.7426E-02 -0.5000E+01
      -0.5000E+01  0.1969E-01  0.1945E-01  0.1377E-01 -0.5000E+01
       0.8109E-02 -0.5000E+01 -0.5000E+01 -0.5000E+01 -0.5000E+01
      -0.5000E+01  0.9973E-02  0.8528E-02  0.8139E-02  0.4562E-02
       0.3571E-03 -0.4293E-02 -0.6955E-02 -0.9411E-02 -0.5000E+01
      -0.5000E+01 -0.5000E+01 -0.5000E+01 -0.5000E+01 -0.5000E+01
      -0.5000E+01 -0.5000E+01 -0.5000E+01 -0.5000E+01 -0.5000E+01
      -0.5000E+01  0.7954E-02  0.5714E-02  0.2254E-02  0.5158E-02
       0.1923E-02  0.3951E-02 -0.7559E-02 -0.4694E-02 -0.5000E+01
      -0.5000E+01  0.7268E-02  0.8914E-02  0.4598E-02  0.1107E-02
      -0.1675E-02 -0.2729E-02 -0.8430E-02 -0.9672E-02 -0.5000E+01
      -0.5000E+01  0.1277E-01  0.7470E-02  0.2650E-02  0.1618E-02
      -0.1945E-02 -0.2879E-02 -0.6717E-02 -0.5186E-02 -0.5000E+01
      -0.5000E+01  0.1160E-01  0.7922E-02  0.7712E-02  0.5429E-02
       0.4773E-02  0.2422E-02 -0.2628E-04 -0.5011E-02 -0.5000E+01
      -0.5000E+01  0.8922E-02  0.6448E-02  0.4184E-02  0.2709E-02
      -0.3256E-02 -0.4143E-02 -0.8931E-02 -0.7913E-02 -0.5000E+01
      -0.5000E+01 -0.5000E+01 -0.5000E+01 -0.5000E+01 -0.5000E+01
      -0.5000E+01 -0.5000E+01 -0.5000E+01 -0.5000E+01 -0.5000E+01
      -0.5000E+01 -0.5000E+01 -0.5000E+01 -0.5000E+01 -0.5000E+01
      -0.5000E+01 -0.5000E+01 -0.5000E+01 -0.5000E+01 -0.5000E+01
      -0.5000E+01 -0.5000E+01 -0.5000E+01 -0.5000E+01 -0.5000E+01
      -0.5000E+01 -0.5000E+01 -0.5000E+01 -0.5000E+01 -0.5000E+01
      -0.5000E+01 -0.5000E+01 -0.5000E+01 -0.5000E+01 -0.5000E+01
      -0.5000E+01 -0.5000E+01 -0.5000E+01 -0.5000E+01 -0.5000E+01
      -0.5000E+01 -0.5000E+01 -0.5000E+01 -0.5000E+01 -0.5000E+01
      -0.5000E+01 -0.5000E+01 -0.5000E+01 -0.5000E+01 -0.5000E+01
      -0.5000E+01 -0.5000E+01 -0.5000E+01 -0.5000E+01 -0.5000E+01
      -0.5000E+01 -0.5000E+01 -0.5000E+01 -0.5000E+01 -0.5000E+01
      -0.5000E+01 -0.5000E+01 -0.5000E+01 -0.5000E+01 -0.5000E+01
      -0.5000E+01 -0.5000E+01 -0.5000E+01 -0.5000E+01 -0.5000E+01
      -0.5000E+01 -0.5000E+01 -0.5000E+01 -0.5000E+01 -0.5000E+01
      -0.5000E+01 -0.5000E+01 -0.5000E+01 -0.5000E+01 -0.5000E+01
      -0.5000E+01 -0.5000E+01 -0.5000E+01 -0.5000E+01 -0.5000E+01
      -0.5000E+01 -0.5000E+01 -0.5000E+01 -0.5000E+01 -0.5000E+01
      -0.5000E+01 -0.5000E+01 -0.5000E+01 -0.5000E+01 -0.5000E+01
      -0.5000E+01 -0.5000E+01 -0.5000E+01 -0.5000E+01 -0.5000E+01
      -0.5000E+01 -0.5000E+01 -0.5000E+01 -0.5000E+01 -0.5000E+01
      -0.5000E+01 -0.5000E+01 -0.5000E+01 -0.5000E+01 -0.5000E+01
      -0.5000E+01 -0.5000E+01 -0.5000E+01 -0.5000E+01 -0.5000E+01
      -0.5000E+01 -0.5000E+01 -0.5000E+01 -0.5000E+01 -0.5000E+01
      -0.5000E+01  0.1648E-02 -0.1032E-02 -0.1660E-03 -0.1506E-02
      -0.1626E-02 -0.1897E-02 -0.6603E-02 -0.4247E-02 -0.5000E+01
      -0.5000E+01 -0.3487E-02 -0.2236E-02  0.6220E-05 -0.1796E-02
      -0.2380E-02 -0.8010E-03 -0.3904E-02 -0.5800E-02 -0.5000E+01
      -0.5000E+01 -0.3188E-02 -0.3558E-03 -0.3503E-03 -0.2909E-02
       0.1781E-02  0.2220E-03 -0.6090E-03 -0.6735E-03 -0.5000E+01
      -0.5000E+01 -0.1658E-02 -0.2043E-02  0.1241E-02 -0.7862E-03
      -0.3170E-03  0.6176E-03 -0.1683E-03 -0.3131E-02 -0.5000E+01
      -0.5000E+01 -0.3705E-02 -0.2572E-02  0.4819E-03 -0.2118E-02
      -0.1107E-02 -0.1327E-02 -0.4685E-02 -0.3721E-02 -0.5000E+01
      -0.5000E+01 -0.5836E-02 -0.5072E-02 -0.5935E-02 -0.2863E-02
      -0.3795E-02 -0.5478E-02 -0.5993E-02 -0.5855E-02 -0.5000E+01
      -0.5000E+01 -0.5536E-03 -0.1303E-02 -0.5241E-03 -0.1184E-03
      -0.3178E-02 -0.3051E-02 -0.4324E-02 -0.7827E-02 -0.5000E+01
      -0.5000E+01 -0.5278E-03 -0.9779E-03 -0.1555E-02 -0.1135E-02
      -0.2887E-02 -0.2660E-02 -0.3943E-02 -0.6329E-02 -0.5000E+01
      -0.5000E+01 -0.9486E-03 -0.4464E-03 -0.8248E-03 -0.4216E-03
      -0.1290E-02 -0.1316E-02 -0.1711E-02 -0.5387E-02 -0.5000E+01
      -0.5000E+01 -0.1164E-03  0.1463E-02  0.1559E-02  0.5468E-03
      -0.9674E-03 -0.2124E-02 -0.2351E-02 -0.5104E-02 -0.5000E+01
      -0.5000E+01  0.8211E-03  0.2147E-03 -0.1723E-04 -0.2277E-02
       0.2382E-04 -0.3564E-02 -0.5551E-02 -0.6870E-02 -0.5000E+01
      -0.5000E+01 -0.5962E-02 -0.4753E-02 -0.3649E-02 -0.3486E-02
      -0.4140E-02 -0.6086E-02 -0.5276E-02 -0.6465E-02 -0.5000E+01
      -0.5000E+01 -0.2469E-02 -0.6416E-03 -0.5668E-03 -0.4327E-03
      -0.1161E-02 -0.3722E-02 -0.4258E-02 -0.8476E-02 -0.1441E-01
       0.3140E-02  0.2002E-02  0.4031E-03 -0.8505E-03 -0.1755E-02
      -0.2051E-02 -0.4988E-02 -0.6284E-02 -0.8911E-02 -0.1717E-01
      -0.5000E+01  0.2799E-02 -0.3599E-02 -0.1051E-02  0.2232E-02
      -0.4328E-02 -0.2548E-02 -0.4501E-02 -0.4736E-02 -0.5000E+01
      -0.2476E-02  0.2346E-02  0.1945E-02  0.3761E-03  0.7132E-03
       0.5265E-03 -0.3126E-02 -0.3324E-02 -0.7163E-02 -0.8795E-02
      -0.5000E+01  0.1554E-02  0.1700E-02  0.2118E-02  0.1874E-02
      -0.6837E-03 -0.2654E-02 -0.2830E-02 -0.5378E-02 -0.7979E-02
      -0.5000E+01 -0.2730E-02 -0.1582E-02 -0.2357E-02 -0.1968E-02
      -0.3139E-02 -0.3775E-02 -0.6148E-02 -0.6108E-02 -0.1494E-01
      -0.5000E+01 -0.3184E-03  0.2378E-02  0.1376E-02 -0.1773E-02
      -0.1206E-02 -0.2066E-02 -0.3149E-02 -0.5684E-02 -0.1003E-01
      -0.2495E-03  0.4764E-02  0.1745E-02  0.4366E-03 -0.5115E-03
      -0.1572E-02 -0.3374E-02 -0.4569E-02 -0.9817E-02 -0.1294E-01
      -0.4331E-02  0.3544E-02  0.4128E-02  0.1056E-02  0.5591E-03
      -0.1069E-02 -0.2792E-02 -0.6354E-02 -0.9761E-02 -0.1893E-01
       0.7861E-02  0.6322E-02  0.3698E-02  0.3313E-02  0.1915E-02
      -0.8174E-03 -0.2630E-02 -0.3994E-02 -0.6535E-02 -0.1237E-01
       0.3716E-02  0.3841E-02  0.4539E-02  0.3984E-02  0.1686E-02
       0.3734E-02 -0.2364E-02 -0.3713E-02 -0.5788E-02 -0.1267E-01
      -0.1644E-02  0.2541E-02  0.1475E-02 -0.1515E-02  0.1090E-02
      -0.8198E-03 -0.3111E-02 -0.5329E-02 -0.7871E-02 -0.8965E-02
      -0.5000E+01  0.3858E-02  0.3328E-02  0.1105E-02 -0.6275E-04
       0.6930E-04  0.1246E-03 -0.2201E-02 -0.4591E-02 -0.9432E-02
       0.7514E-02  0.4494E-02  0.5582E-02  0.3019E-02  0.1690E-02
       0.1098E-02 -0.1351E-02 -0.6959E-02 -0.9890E-02 -0.1497E-01
       0.1093E-01  0.5983E-02  0.4884E-02  0.2513E-02  0.8028E-03
      -0.2978E-02 -0.3478E-02 -0.1015E-01 -0.1148E-01 -0.1681E-01
       0.4799E-02  0.8213E-02  0.6234E-02  0.5242E-02  0.3388E-02
       0.1636E-02  0.3688E-03 -0.4350E-02 -0.7946E-02 -0.1267E-01
       0.6009E-02  0.6660E-02  0.5172E-02  0.4171E-02  0.1747E-02
       0.3683E-02 -0.1475E-02 -0.2828E-02 -0.5362E-02 -0.4981E-02
       0.2188E-03  0.2118E-02  0.3206E-02  0.2890E-02  0.2903E-03
      -0.6304E-03 -0.2551E-02 -0.5084E-02 -0.7414E-02 -0.1094E-01
      -0.5000E+01  0.4006E-02  0.3967E-02  0.2884E-02  0.1799E-02
       0.2420E-02  0.9580E-03 -0.2415E-02 -0.6406E-02 -0.7102E-02
       0.9323E-02  0.6795E-02  0.7620E-02  0.6747E-02  0.3097E-02
       0.2688E-02 -0.2206E-02 -0.5183E-02 -0.9039E-02 -0.1389E-01
       0.4932E-02  0.9363E-02  0.5901E-02  0.2253E-02  0.2099E-03
      -0.3481E-02 -0.5712E-02 -0.8883E-02 -0.1292E-01 -0.1389E-01
       0.1316E-01  0.1115E-01  0.7006E-02  0.6048E-02  0.3383E-02
       0.2570E-02 -0.1398E-02 -0.4717E-02 -0.1022E-01 -0.1399E-01
       0.8476E-02  0.4639E-02  0.5004E-02  0.5661E-02  0.3470E-02
       0.6936E-03  0.9728E-03 -0.2026E-02 -0.6919E-02 -0.1043E-01
       0.5885E-02  0.3664E-02  0.3332E-02  0.3370E-02  0.2593E-02
      -0.4061E-04 -0.8657E-03 -0.5848E-02 -0.9271E-02 -0.1302E-01
      -0.5000E+01  0.1302E-02  0.3931E-03  0.2881E-02  0.1020E-02
       0.1504E-02 -0.1745E-02 -0.1902E-02 -0.6374E-02 -0.5000E+01
      -0.5000E+01  0.7820E-02  0.7256E-02  0.3979E-02  0.4019E-02
       0.7669E-03 -0.1929E-02 -0.5758E-02 -0.9705E-02 -0.5000E+01
      -0.5000E+01  0.1155E-01  0.5226E-02 -0.5000E+01 -0.5000E+01
      -0.2534E-02 -0.7171E-02 -0.9586E-02 -0.1449E-01 -0.5000E+01
      -0.5000E+01  0.1202E-01  0.8888E-02  0.6043E-02  0.1466E-02
       0.2557E-02 -0.1412E-02 -0.4244E-02 -0.9409E-02 -0.5000E+01
      -0.5000E+01  0.6433E-02  0.1628E-02  0.4327E-02  0.2471E-02
       0.4077E-02 -0.1963E-02 -0.2519E-02 -0.6998E-02 -0.5000E+01
      -0.5000E+01  0.6423E-02  0.2269E-02  0.2816E-02 -0.1403E-02
       0.2828E-02 -0.3220E-02 -0.7834E-02 -0.9084E-02 -0.5000E+01
      -0.5000E+01  0.2740E-02 -0.2589E-02  0.2035E-03 -0.5000E+01
      -0.5000E+01 -0.1800E-02 -0.2415E-02 -0.5740E-02 -0.5000E+01
      -0.5000E+01  0.9671E-02  0.3261E-02  0.6372E-02  0.3482E-02
       0.1845E-02  0.4695E-03 -0.1623E-02 -0.7357E-02 -0.5000E+01
      -0.5000E+01 -0.5000E+01 -0.5000E+01 -0.5000E+01 -0.5000E+01
      -0.5000E+01 -0.5000E+01 -0.5000E+01 -0.5000E+01 -0.5000E+01
      -0.5000E+01  0.1104E-01  0.1070E-01  0.8443E-02  0.1440E-02
      -0.1601E-02 -0.7498E-02 -0.8093E-02 -0.1295E-01 -0.5000E+01
      -0.5000E+01 -0.5000E+01 -0.5000E+01 -0.5000E+01 -0.5000E+01
      -0.5000E+01 -0.5000E+01 -0.5000E+01 -0.5000E+01 -0.5000E+01
      -0.5000E+01  0.5697E-02 -0.5000E+01 -0.5000E+01 -0.5000E+01
      -0.5000E+01 -0.5000E+01 -0.7368E-02 -0.1041E-01 -0.5000E+01
      -0.5000E+01 -0.5000E+01 -0.5000E+01 -0.5000E+01 -0.5000E+01
      -0.5000E+01 -0.5000E+01 -0.5000E+01 -0.5000E+01 -0.5000E+01
      -0.5000E+01 -0.5000E+01 -0.5000E+01 -0.5000E+01 -0.5000E+01
      -0.5000E+01 -0.5000E+01 -0.5000E+01 -0.5000E+01 -0.5000E+01
      -0.5000E+01 -0.5000E+01 -0.5000E+01 -0.5000E+01 -0.5000E+01
      -0.5000E+01 -0.5000E+01 -0.5000E+01 -0.5000E+01 -0.5000E+01
      -0.5000E+01 -0.5000E+01 -0.5000E+01 -0.5000E+01 -0.5000E+01
      -0.5000E+01 -0.5000E+01 -0.5000E+01 -0.5000E+01 -0.5000E+01
      -0.5000E+01 -0.5000E+01 -0.5000E+01 -0.5000E+01 -0.5000E+01
      -0.5000E+01 -0.5000E+01 -0.5000E+01 -0.5000E+01 -0.5000E+01
      -0.5000E+01 -0.5000E+01 -0.5000E+01 -0.5000E+01 -0.5000E+01
      -0.5000E+01 -0.5000E+01 -0.5000E+01 -0.5000E+01 -0.5000E+01
      -0.5000E+01 -0.5000E+01 -0.5000E+01 -0.5000E+01 -0.5000E+01
      -0.5000E+01 -0.5000E+01 -0.5000E+01 -0.5000E+01 -0.5000E+01
      -0.5000E+01 -0.5000E+01 -0.5000E+01 -0.5000E+01 -0.5000E+01
      -0.5000E+01 -0.5000E+01 -0.5000E+01 -0.5000E+01 -0.5000E+01
      -0.5000E+01 -0.5000E+01 -0.5000E+01 -0.5000E+01 -0.5000E+01
      -0.5000E+01 -0.5000E+01 -0.5000E+01 -0.5000E+01 -0.5000E+01
      -0.5000E+01 -0.5000E+01 -0.5000E+01 -0.5000E+01 -0.5000E+01
      -0.5000E+01 -0.5000E+01 -0.5000E+01 -0.5000E+01 -0.5000E+01
      -0.5000E+01 -0.5000E+01 -0.5000E+01 -0.5000E+01 -0.5000E+01
      -0.5000E+01 -0.5000E+01 -0.5000E+01 -0.5000E+01 -0.5000E+01
      -0.5000E+01 -0.5000E+01 -0.5000E+01 -0.5000E+01 -0.5000E+01
      -0.5000E+01 -0.5000E+01 -0.5000E+01 -0.5000E+01 -0.5000E+01
      -0.5000E+01 -0.5000E+01 -0.5000E+01 -0.5000E+01 -0.5000E+01
      -0.5000E+01 -0.5000E+01 -0.5000E+01 -0.5000E+01 -0.5000E+01
      -0.5000E+01 -0.5000E+01 -0.5000E+01 -0.5000E+01 -0.5000E+01
      -0.5000E+01 -0.5000E+01 -0.5000E+01 -0.5000E+01 -0.5000E+01
      -0.5000E+01 -0.5000E+01 -0.5000E+01 -0.5000E+01 -0.5000E+01
      -0.5000E+01 -0.5000E+01 -0.5000E+01 -0.5000E+01 -0.5000E+01
      -0.5000E+01 -0.5000E+01 -0.5000E+01 -0.5000E+01 -0.5000E+01
      -0.5000E+01 -0.5000E+01 -0.5000E+01 -0.5000E+01 -0.5000E+01
      -0.5000E+01 -0.5000E+01 -0.5000E+01 -0.5000E+01 -0.5000E+01
      -0.5000E+01 -0.5000E+01 -0.5000E+01 -0.5000E+01 -0.5000E+01
      -0.5000E+01 -0.5000E+01 -0.5000E+01 -0.5000E+01 -0.5000E+01
      -0.5000E+01 -0.5000E+01 -0.5000E+01 -0.5000E+01 -0.5000E+01
      -0.5000E+01 -0.5000E+01 -0.5000E+01 -0.5000E+01 -0.5000E+01
      -0.5000E+01 -0.5000E+01 -0.5000E+01 -0.5000E+01 -0.5000E+01
      -0.5000E+01 -0.5000E+01 -0.5000E+01 -0.5000E+01 -0.5000E+01
      -0.5000E+01 -0.5000E+01 -0.5000E+01 -0.5000E+01 -0.5000E+01
      -0.5000E+01 -0.5000E+01 -0.5000E+01 -0.5000E+01 -0.5000E+01
      -0.5000E+01 -0.5000E+01 -0.5000E+01 -0.5000E+01 -0.5000E+01
      -0.5000E+01 -0.5000E+01 -0.5000E+01 -0.5000E+01 -0.5000E+01
      -0.5000E+01 -0.5000E+01 -0.5000E+01 -0.5000E+01 -0.5000E+01
      -0.5000E+01 -0.5000E+01 -0.5000E+01 -0.5000E+01 -0.5000E+01
      -0.5000E+01 -0.5000E+01 -0.5000E+01 -0.5000E+01 -0.5000E+01
      -0.5000E+01 -0.5000E+01 -0.5000E+01 -0.5000E+01 -0.5000E+01
      -0.5000E+01 -0.5000E+01 -0.5000E+01 -0.5000E+01 -0.5000E+01
      -0.5000E+01 -0.5000E+01 -0.5000E+01 -0.5000E+01 -0.5000E+01
      -0.5000E+01 -0.5000E+01 -0.5000E+01 -0.5000E+01 -0.5000E+01
      -0.5000E+01 -0.5000E+01 -0.5000E+01 -0.5000E+01 -0.5000E+01
      -0.5000E+01 -0.5000E+01 -0.5000E+01 -0.5000E+01 -0.5000E+01
      -0.5000E+01 -0.5000E+01 -0.5000E+01 -0.5000E+01 -0.5000E+01
      -0.5000E+01 -0.5000E+01 -0.5000E+01 -0.5000E+01 -0.5000E+01
      -0.5000E+01 -0.5000E+01 -0.5000E+01 -0.5000E+01 -0.5000E+01
      -0.5000E+01 -0.5000E+01 -0.5000E+01 -0.5000E+01 -0.5000E+01
      -0.5000E+01 -0.5000E+01 -0.5000E+01 -0.5000E+01 -0.5000E+01
      -0.5000E+01 -0.5000E+01 -0.5000E+01 -0.5000E+01 -0.5000E+01
      -0.5000E+01 -0.5000E+01 -0.5000E+01 -0.5000E+01 -0.5000E+01
      -0.5000E+01 -0.5000E+01 -0.5000E+01 -0.5000E+01 -0.5000E+01
      -0.5000E+01 -0.2087E-02 -0.7051E-03 -0.1504E-03  0.9098E-03
      -0.1952E-02 -0.1198E-02 -0.4649E-02 -0.8182E-02 -0.5000E+01
      -0.5000E+01 -0.6294E-02 -0.2182E-02 -0.2836E-02 -0.2580E-02
      -0.3198E-02 -0.3367E-02 -0.5192E-02 -0.9867E-02 -0.5000E+01
      -0.5000E+01 -0.5389E-02 -0.3314E-02 -0.2396E-02 -0.1220E-02
      -0.1506E-02 -0.2103E-02 -0.2754E-02 -0.1467E-02 -0.5000E+01
      -0.5000E+01 -0.1729E-02 -0.3181E-03 -0.8746E-03  0.1284E-03
       0.9498E-04 -0.5913E-03 -0.3357E-02 -0.6208E-02 -0.5000E+01
      -0.5000E+01 -0.1159E-02 -0.1747E-02 -0.1259E-02 -0.2334E-02
      -0.1739E-02 -0.3366E-02 -0.3734E-02 -0.7363E-02 -0.5000E+01
      -0.5000E+01 -0.7108E-02 -0.7636E-02 -0.6396E-02 -0.5474E-02
      -0.5391E-02 -0.4491E-02 -0.5936E-02 -0.9146E-02 -0.5000E+01
      -0.5000E+01 -0.2571E-03  0.5514E-03  0.2872E-02 -0.3284E-02
      -0.6387E-03 -0.2845E-02 -0.1377E-02 -0.4745E-02 -0.5000E+01
      -0.5000E+01 -0.4022E-02  0.1106E-03 -0.1828E-02 -0.1600E-02
      -0.2014E-02 -0.4395E-02 -0.5093E-02 -0.6877E-02 -0.5000E+01
      -0.5000E+01 -0.1586E-02 -0.1105E-02  0.3370E-03 -0.5790E-03
      -0.1110E-02 -0.1978E-02 -0.1580E-02 -0.2961E-02 -0.5000E+01
      -0.5000E+01 -0.1467E-02 -0.9301E-03  0.2205E-03 -0.7961E-03
      -0.1220E-02 -0.2753E-02 -0.4206E-02 -0.6384E-02 -0.5000E+01
      -0.5000E+01 -0.1115E-02  0.4699E-03  0.2356E-03 -0.8506E-03
      -0.8177E-03 -0.1330E-02 -0.5321E-02 -0.5981E-02 -0.5000E+01
      -0.5000E+01 -0.5417E-02 -0.4767E-02 -0.3022E-02 -0.3726E-02
      -0.2803E-02 -0.4261E-02 -0.4349E-02 -0.6752E-02 -0.5000E+01
      -0.5000E+01 -0.1335E-02  0.1811E-02 -0.4045E-02  0.4385E-03
      -0.2197E-02 -0.5255E-03 -0.3218E-02 -0.3452E-02 -0.5000E+01
      -0.5000E+01  0.2621E-02  0.6816E-03  0.4472E-03 -0.1204E-02
      -0.4916E-03 -0.2788E-02 -0.5480E-02 -0.7601E-02 -0.5000E+01
      -0.5000E+01  0.1553E-02  0.4934E-03  0.5470E-03 -0.1458E-02
      -0.5180E-03 -0.3001E-02 -0.5910E-02 -0.6168E-02 -0.5000E+01
      -0.5000E+01  0.2415E-02  0.3347E-02  0.9921E-03 -0.5429E-03
       0.4441E-03 -0.1658E-02 -0.4968E-02 -0.7935E-02 -0.5000E+01
      -0.5000E+01  0.2182E-02  0.2271E-02  0.1713E-02  0.1373E-02
      -0.7769E-03 -0.3379E-02 -0.3714E-02 -0.8316E-02 -0.5000E+01
      -0.5000E+01 -0.1935E-02  0.5458E-04 -0.1608E-02  0.1506E-02
      -0.2736E-02 -0.3410E-02 -0.3601E-02 -0.6270E-02 -0.1247E-01
      -0.5000E+01 -0.3749E-03  0.7460E-03  0.2250E-02 -0.4459E-03
       0.4445E-03 -0.3804E-03 -0.1878E-02 -0.4208E-02 -0.5000E+01
      -0.5000E+01  0.5426E-02  0.4490E-02  0.1781E-02 -0.9332E-03
      -0.1711E-02 -0.2132E-02 -0.5948E-02 -0.8647E-02 -0.5000E+01
      -0.5000E+01  0.4651E-02  0.3648E-02  0.7238E-03  0.1690E-02
      -0.7741E-03 -0.3133E-02 -0.6040E-02 -0.8889E-02 -0.5000E+01
      -0.5000E+01  0.7294E-02  0.5330E-02  0.4354E-02  0.1836E-02
       0.1745E-02 -0.3325E-02 -0.6107E-02 -0.9132E-02 -0.1021E-01
      -0.5000E+01  0.5662E-02  0.5729E-02  0.2297E-02  0.2387E-02
       0.4120E-03 -0.2383E-02 -0.2064E-02 -0.3478E-02 -0.5000E+01
      -0.5000E+01  0.1196E-02  0.2707E-02  0.2640E-02  0.1861E-03
      -0.1332E-02 -0.3094E-02 -0.4092E-02 -0.8322E-02 -0.5000E+01
      -0.5000E+01  0.4318E-02  0.1878E-02 -0.5000E+01 -0.5000E+01
      -0.2032E-03  0.2239E-02 -0.7203E-03 -0.6873E-02 -0.5000E+01
      -0.5000E+01  0.6950E-02  0.4370E-02  0.4474E-02  0.4209E-02
       0.3534E-02 -0.5223E-02 -0.5045E-02 -0.8441E-02 -0.5000E+01
      -0.5000E+01  0.4728E-02  0.3989E-02  0.3771E-02  0.1270E-02
      -0.4359E-02 -0.6173E-02 -0.6898E-02 -0.1064E-01 -0.5000E+01
      -0.5000E+01  0.8486E-02  0.6683E-02  0.7212E-02  0.4054E-02
      -0.1297E-02 -0.6923E-03 -0.5782E-02 -0.8016E-02 -0.5000E+01
      -0.5000E+01  0.6130E-02  0.6577E-02  0.2918E-02  0.1931E-02
       0.1087E-02  0.2346E-02 -0.2836E-02 -0.6452E-02 -0.5000E+01
      -0.5000E+01  0.5661E-02  0.5994E-02  0.2967E-02  0.2275E-02
      -0.3154E-02  0.8233E-03 -0.4381E-02 -0.9887E-02 -0.5000E+01
      -0.5000E+01 -0.5000E+01 -0.5000E+01 -0.5000E+01 -0.5000E+01
      -0.5000E+01 -0.5000E+01 -0.5000E+01 -0.5000E+01 -0.5000E+01
      -0.5000E+01 -0.5000E+01 -0.5000E+01 -0.5000E+01 -0.5000E+01
      -0.5000E+01 -0.5000E+01 -0.5000E+01 -0.5000E+01 -0.5000E+01
      -0.5000E+01 -0.5000E+01 -0.5000E+01 -0.5000E+01 -0.5000E+01
      -0.5000E+01 -0.5000E+01 -0.5000E+01 -0.5000E+01 -0.5000E+01
      -0.5000E+01 -0.5000E+01 -0.5000E+01 -0.5000E+01 -0.5000E+01
      -0.5000E+01 -0.5000E+01 -0.4656E-02 -0.7066E-02 -0.5000E+01
      -0.5000E+01 -0.5000E+01 -0.5000E+01 -0.5000E+01 -0.5000E+01
      -0.5000E+01 -0.5000E+01 -0.5000E+01 -0.5000E+01 -0.5000E+01
      -0.5000E+01 -0.5000E+01 -0.5000E+01 -0.5000E+01 -0.5000E+01
      -0.5000E+01 -0.5000E+01 -0.5000E+01 -0.5000E+01 -0.5000E+01
      -0.5000E+01 -0.5000E+01 -0.5000E+01 -0.5000E+01 -0.5000E+01
      -0.5000E+01 -0.5000E+01 -0.5000E+01 -0.5000E+01 -0.5000E+01
      -0.5000E+01 -0.5000E+01 -0.5000E+01 -0.5000E+01 -0.5000E+01
      -0.5000E+01 -0.5000E+01 -0.5000E+01 -0.5000E+01 -0.5000E+01
      -0.5000E+01 -0.5000E+01 -0.5000E+01 -0.5000E+01 -0.5000E+01
      -0.5000E+01 -0.5000E+01 -0.5000E+01 -0.5000E+01 -0.5000E+01
      -0.5000E+01 -0.5000E+01 -0.5000E+01 -0.5000E+01 -0.5000E+01
      -0.5000E+01 -0.5000E+01 -0.5000E+01 -0.5000E+01 -0.5000E+01
      -0.5000E+01 -0.5000E+01 -0.5000E+01 -0.5000E+01 -0.5000E+01
      -0.5000E+01 -0.5000E+01 -0.5000E+01 -0.5000E+01 -0.5000E+01
      -0.5000E+01 -0.5000E+01 -0.5000E+01 -0.5000E+01 -0.5000E+01
      -0.5000E+01 -0.5000E+01 -0.5000E+01 -0.5000E+01 -0.5000E+01
      -0.5000E+01 -0.5000E+01 -0.5000E+01 -0.5000E+01 -0.5000E+01
      -0.5000E+01 -0.5000E+01 -0.5000E+01 -0.5000E+01 -0.5000E+01
      -0.5000E+01 -0.5000E+01 -0.5000E+01 -0.5000E+01 -0.5000E+01
      -0.5000E+01 -0.5000E+01 -0.5000E+01 -0.5000E+01 -0.5000E+01
      -0.5000E+01 -0.5000E+01 -0.5000E+01 -0.5000E+01 -0.5000E+01
      -0.5000E+01 -0.5000E+01 -0.5000E+01 -0.5000E+01 -0.5000E+01
      -0.5000E+01 -0.5000E+01 -0.5000E+01 -0.5000E+01 -0.5000E+01
      -0.5000E+01 -0.5000E+01 -0.5000E+01 -0.5000E+01 -0.5000E+01
      -0.5000E+01 -0.5000E+01 -0.5000E+01 -0.5000E+01 -0.5000E+01
      -0.5000E+01 -0.5000E+01 -0.5000E+01 -0.5000E+01 -0.5000E+01
      -0.5000E+01 -0.5000E+01 -0.5000E+01 -0.5000E+01 -0.5000E+01
      -0.5000E+01 -0.5000E+01 -0.5000E+01 -0.5000E+01 -0.5000E+01
      -0.5000E+01 -0.5000E+01 -0.5000E+01 -0.5000E+01 -0.5000E+01
      -0.5000E+01 -0.5000E+01 -0.5000E+01 -0.5000E+01 -0.5000E+01
      -0.5000E+01 -0.5000E+01 -0.5000E+01 -0.5000E+01 -0.5000E+01
      -0.5000E+01 -0.5000E+01 -0.5000E+01 -0.5000E+01 -0.5000E+01
      -0.5000E+01 -0.5000E+01 -0.5000E+01 -0.5000E+01 -0.5000E+01
      -0.5000E+01 -0.5000E+01 -0.5000E+01 -0.5000E+01 -0.5000E+01
      -0.5000E+01 -0.5000E+01 -0.5000E+01 -0.5000E+01 -0.5000E+01
      -0.5000E+01 -0.5000E+01 -0.5000E+01 -0.5000E+01 -0.5000E+01
      -0.5000E+01 -0.5000E+01 -0.5000E+01 -0.5000E+01 -0.5000E+01
      -0.5000E+01 -0.5000E+01 -0.5000E+01 -0.5000E+01 -0.5000E+01
      -0.5000E+01 -0.5000E+01 -0.5000E+01 -0.5000E+01 -0.5000E+01
      -0.5000E+01 -0.5000E+01 -0.5000E+01 -0.5000E+01 -0.5000E+01
      -0.5000E+01 -0.5000E+01 -0.5000E+01 -0.5000E+01 -0.5000E+01
      -0.5000E+01 -0.5000E+01 -0.5000E+01 -0.5000E+01 -0.5000E+01
      -0.5000E+01 -0.5000E+01 -0.5000E+01 -0.5000E+01 -0.5000E+01
      -0.5000E+01 -0.5000E+01 -0.5000E+01 -0.5000E+01 -0.5000E+01
      -0.5000E+01 -0.5000E+01 -0.5000E+01 -0.5000E+01 -0.5000E+01
      -0.5000E+01 -0.5000E+01 -0.5000E+01 -0.5000E+01 -0.5000E+01
      -0.5000E+01 -0.5000E+01 -0.5000E+01 -0.5000E+01 -0.5000E+01
      -0.5000E+01 -0.5000E+01 -0.5000E+01 -0.5000E+01 -0.5000E+01
      -0.5000E+01 -0.5000E+01 -0.5000E+01 -0.5000E+01 -0.5000E+01
      -0.5000E+01 -0.5000E+01 -0.5000E+01 -0.5000E+01 -0.5000E+01
      -0.5000E+01 -0.5000E+01 -0.5000E+01 -0.5000E+01 -0.5000E+01
      -0.5000E+01 -0.5000E+01 -0.5000E+01 -0.5000E+01 -0.5000E+01
      -0.5000E+01 -0.5000E+01 -0.5000E+01 -0.5000E+01 -0.5000E+01
      -0.5000E+01 -0.5000E+01 -0.5000E+01 -0.5000E+01 -0.5000E+01
      -0.5000E+01 -0.5000E+01 -0.5000E+01 -0.5000E+01 -0.5000E+01
      -0.5000E+01 -0.5000E+01 -0.5000E+01 -0.5000E+01 -0.5000E+01
      -0.5000E+01 -0.5000E+01 -0.5000E+01 -0.5000E+01 -0.5000E+01
      -0.5000E+01 -0.5000E+01 -0.5000E+01 -0.5000E+01 -0.5000E+01
      -0.5000E+01 -0.5000E+01 -0.5000E+01 -0.5000E+01 -0.5000E+01
      -0.5000E+01 -0.5000E+01 -0.5000E+01 -0.5000E+01 -0.5000E+01
      -0.5000E+01 -0.5000E+01 -0.5000E+01 -0.5000E+01 -0.5000E+01
      -0.5000E+01 -0.5000E+01 -0.5000E+01 -0.5000E+01 -0.5000E+01
      -0.5000E+01 -0.5000E+01 -0.5000E+01 -0.5000E+01 -0.5000E+01
      -0.5000E+01 -0.5000E+01 -0.5000E+01 -0.5000E+01 -0.5000E+01
      -0.5000E+01 -0.5000E+01 -0.5000E+01 -0.5000E+01 -0.5000E+01
      -0.5000E+01 -0.5000E+01 -0.5000E+01 -0.5000E+01 -0.5000E+01
      -0.5000E+01 -0.5000E+01 -0.5000E+01 -0.5000E+01 -0.5000E+01
      -0.5000E+01 -0.5000E+01 -0.5000E+01 -0.5000E+01 -0.5000E+01
      -0.5000E+01 -0.5000E+01 -0.5000E+01 -0.5000E+01 -0.5000E+01
      -0.5000E+01 -0.5000E+01 -0.5000E+01 -0.5000E+01 -0.5000E+01
      -0.5000E+01 -0.5000E+01 -0.5000E+01 -0.5000E+01 -0.5000E+01
      -0.5000E+01 -0.5000E+01 -0.5000E+01 -0.5000E+01 -0.5000E+01
      -0.5000E+01 -0.5000E+01 -0.5000E+01 -0.5000E+01 -0.5000E+01
      -0.5000E+01 -0.5000E+01 -0.5000E+01 -0.5000E+01 -0.5000E+01
      -0.5000E+01 -0.5000E+01 -0.5000E+01 -0.5000E+01 -0.5000E+01
      -0.5000E+01 -0.5000E+01 -0.5000E+01 -0.5000E+01 -0.5000E+01
      -0.5000E+01 -0.5000E+01 -0.5000E+01 -0.5000E+01 -0.5000E+01
      -0.5000E+01 -0.5000E+01 -0.5000E+01 -0.5000E+01 -0.5000E+01
      -0.5000E+01 -0.5000E+01 -0.5000E+01  0.8592E-03  0.1843E-02
       0.1691E-02 -0.1427E-01 -0.5000E+01 -0.5000E+01 -0.5000E+01
      -0.5000E+01 -0.5000E+01 -0.5000E+01 -0.5000E+01 -0.2000E-02
       0.8438E-03 -0.5000E+01 -0.5000E+01 -0.5000E+01 -0.5000E+01
      -0.5000E+01 -0.5000E+01 -0.5000E+01 -0.5000E+01  0.1121E-02
      -0.3211E-02 -0.5000E+01 -0.5000E+01 -0.5000E+01 -0.5000E+01
      -0.5000E+01 -0.5000E+01 -0.5000E+01 -0.5000E+01 -0.5000E+01
      -0.5000E+01 -0.5000E+01 -0.5000E+01 -0.5000E+01 -0.5000E+01
      -0.5000E+01 -0.5000E+01 -0.5000E+01 -0.5000E+01  0.2284E-03
      -0.5631E-02 -0.1013E-02 -0.5000E+01 -0.5000E+01 -0.5000E+01
      -0.5000E+01 -0.5185E-02 -0.1712E-02 -0.1150E-02 -0.3483E-02
      -0.1657E-02 -0.8234E-03 -0.3777E-02 -0.6926E-02 -0.5000E+01
      -0.5000E+01 -0.2360E-02 -0.1646E-02 -0.1841E-02 -0.3294E-02
      -0.1826E-02 -0.5248E-02 -0.2964E-02 -0.6675E-02 -0.5000E+01
      -0.5000E+01 -0.3656E-02 -0.5112E-02 -0.3094E-02 -0.3703E-02
      -0.1218E-02 -0.8363E-03  0.2076E-02 -0.1553E-02 -0.5000E+01
      -0.5000E+01 -0.5076E-02 -0.9825E-03  0.4560E-03 -0.1812E-02
       0.2225E-03 -0.2277E-03 -0.2520E-02 -0.7958E-02 -0.5000E+01
      -0.5000E+01 -0.5735E-03 -0.1518E-02 -0.1629E-03 -0.2628E-02
      -0.3622E-02 -0.2661E-02 -0.6819E-02 -0.5986E-02 -0.5000E+01
      -0.5000E+01 -0.9689E-02 -0.4899E-02 -0.6651E-02 -0.3235E-02
      -0.1922E-02 -0.6383E-02 -0.6585E-02 -0.5912E-02 -0.5000E+01
      -0.5000E+01 -0.1050E-02  0.1416E-03 -0.1222E-02 -0.7140E-03
       0.1524E-02 -0.2450E-02 -0.4886E-02 -0.5338E-02 -0.5000E+01
      -0.5000E+01  0.1071E-02  0.3825E-03 -0.1498E-02 -0.1375E-02
      -0.1756E-02 -0.2434E-02 -0.3261E-02 -0.7641E-02 -0.5000E+01
      -0.5000E+01 -0.3473E-02  0.8659E-03 -0.6157E-03  0.8826E-03
      -0.2880E-03 -0.5053E-02 -0.1022E-02 -0.8489E-03 -0.5000E+01
      -0.5000E+01  0.1298E-02  0.6928E-03  0.1844E-02  0.1531E-02
       0.1108E-03 -0.2499E-02 -0.2236E-02 -0.5345E-02 -0.5000E+01
      -0.5000E+01  0.2253E-02 -0.7782E-04  0.4044E-03 -0.9727E-03
      -0.1416E-02 -0.4605E-03 -0.4178E-02 -0.7546E-02 -0.5000E+01
      -0.5000E+01 -0.4727E-02 -0.5336E-02 -0.4078E-02 -0.2172E-02
      -0.1644E-02 -0.5321E-02 -0.3890E-02 -0.4669E-02 -0.5000E+01
      -0.5000E+01  0.4291E-02 -0.5000E+01 -0.5000E+01 -0.1303E-02
      -0.5000E+01 -0.9976E-03 -0.4083E-02 -0.4479E-02 -0.5000E+01
      -0.5000E+01  0.3019E-02  0.1041E-02  0.8084E-03 -0.1298E-02
      -0.2104E-02 -0.2244E-02 -0.6053E-02 -0.9157E-02 -0.5000E+01
      -0.5000E+01 -0.5000E+01 -0.5000E+01 -0.5000E+01 -0.5000E+01
      -0.5000E+01 -0.5000E+01 -0.5000E+01 -0.5000E+01 -0.5000E+01
      -0.5000E+01  0.4366E-02  0.1281E-02  0.4090E-02  0.2140E-02
       0.2675E-04 -0.7306E-03 -0.5833E-02 -0.7154E-02 -0.5000E+01
      -0.5000E+01  0.3338E-02  0.3347E-02 -0.1026E-02 -0.2903E-03
      -0.4315E-03 -0.7269E-03 -0.4568E-02 -0.6495E-02 -0.5000E+01
      -0.5000E+01  0.1604E-04  0.5005E-03 -0.6479E-03 -0.7858E-03
      -0.1047E-02 -0.4325E-02 -0.2609E-02 -0.6092E-02 -0.5000E+01
      -0.5000E+01 -0.5000E+01 -0.5000E+01 -0.5000E+01 -0.5000E+01
      -0.5000E+01 -0.5000E+01 -0.5000E+01 -0.5000E+01 -0.5000E+01
      -0.5000E+01  0.4002E-02  0.1954E-02 -0.5000E+01 -0.5000E+01
      -0.5000E+01 -0.5000E+01 -0.5378E-02 -0.6164E-02 -0.5000E+01
      -0.5000E+01  0.5863E-02 -0.5000E+01 -0.5000E+01 -0.5000E+01
      -0.5000E+01 -0.5000E+01 -0.5000E+01 -0.5000E+01 -0.5000E+01
      -0.5000E+01  0.7758E-02 -0.5000E+01 -0.5000E+01 -0.5000E+01
      -0.5000E+01 -0.5000E+01 -0.4058E-02 -0.9830E-02 -0.5000E+01
      -0.5000E+01 -0.5000E+01  0.7311E-02 -0.5000E+01 -0.5000E+01
      -0.5000E+01 -0.5000E+01 -0.5000E+01 -0.5000E+01 -0.5000E+01
      -0.5000E+01 -0.5000E+01 -0.5000E+01 -0.5000E+01 -0.5000E+01
      -0.5000E+01 -0.5000E+01 -0.5000E+01 -0.5000E+01 -0.5000E+01
      -0.5000E+01 -0.5000E+01 -0.5000E+01 -0.5000E+01 -0.5000E+01
      -0.5000E+01 -0.5000E+01 -0.5000E+01 -0.5000E+01 -0.5000E+01
      -0.5000E+01 -0.5000E+01 -0.5000E+01 -0.5000E+01 -0.5000E+01
      -0.5000E+01 -0.5000E+01 -0.5000E+01 -0.5000E+01 -0.5000E+01
      -0.5000E+01 -0.5000E+01 -0.5000E+01 -0.5000E+01 -0.5000E+01
      -0.5000E+01 -0.5000E+01 -0.5000E+01 -0.5000E+01 -0.5000E+01
      -0.5000E+01 -0.5000E+01 -0.5000E+01 -0.5000E+01 -0.5000E+01
      -0.5000E+01 -0.5000E+01 -0.5000E+01 -0.5000E+01 -0.5000E+01
      -0.5000E+01 -0.5000E+01 -0.5000E+01 -0.5000E+01 -0.5000E+01
      -0.5000E+01 -0.5000E+01 -0.5000E+01 -0.5000E+01 -0.5000E+01
      -0.5000E+01 -0.5000E+01 -0.5000E+01 -0.5000E+01 -0.5000E+01
      -0.5000E+01 -0.5000E+01 -0.5000E+01 -0.5000E+01 -0.5000E+01
      -0.5000E+01 -0.5000E+01 -0.5000E+01 -0.5000E+01 -0.5000E+01
      -0.5000E+01 -0.5000E+01 -0.5000E+01 -0.5000E+01 -0.5000E+01
      -0.5000E+01 -0.5000E+01 -0.5000E+01 -0.5000E+01 -0.5000E+01
      -0.5000E+01 -0.5000E+01 -0.5000E+01 -0.5000E+01 -0.5000E+01
      -0.5000E+01 -0.5000E+01 -0.5000E+01 -0.5000E+01 -0.5000E+01
      -0.5000E+01 -0.5000E+01 -0.5000E+01 -0.5000E+01 -0.5000E+01
      -0.5000E+01 -0.5000E+01 -0.5000E+01 -0.5000E+01 -0.5000E+01
      -0.5000E+01 -0.5000E+01 -0.5000E+01 -0.5000E+01 -0.5000E+01
      -0.5000E+01 -0.5000E+01 -0.5000E+01 -0.5000E+01 -0.5000E+01
      -0.5000E+01 -0.5000E+01 -0.5000E+01 -0.5000E+01 -0.5000E+01
      -0.5000E+01 -0.5000E+01 -0.5000E+01 -0.5000E+01 -0.5000E+01
      -0.5000E+01 -0.5000E+01 -0.5000E+01 -0.5000E+01 -0.5000E+01
      -0.5000E+01 -0.5000E+01 -0.5000E+01 -0.5000E+01 -0.5000E+01
      -0.5000E+01 -0.5000E+01 -0.5000E+01 -0.5000E+01 -0.5000E+01
      -0.5000E+01 -0.5000E+01 -0.5000E+01 -0.5000E+01 -0.5000E+01
      -0.5000E+01 -0.5000E+01 -0.5000E+01 -0.5000E+01 -0.5000E+01
      -0.5000E+01 -0.5000E+01 -0.5000E+01 -0.5000E+01 -0.5000E+01
      -0.5000E+01 -0.5000E+01 -0.5000E+01 -0.5000E+01 -0.5000E+01
      -0.5000E+01 -0.5000E+01 -0.5000E+01 -0.5000E+01 -0.5000E+01
      -0.5000E+01 -0.5000E+01 -0.5000E+01 -0.5000E+01 -0.5000E+01
      -0.5000E+01 -0.5000E+01 -0.5000E+01 -0.5000E+01 -0.5000E+01
      -0.5000E+01 -0.5000E+01 -0.5000E+01 -0.5000E+01 -0.5000E+01
      -0.5000E+01 -0.5000E+01 -0.5000E+01 -0.5000E+01 -0.5000E+01
      -0.5000E+01 -0.5000E+01 -0.5000E+01 -0.5000E+01 -0.5000E+01
      -0.5000E+01 -0.5000E+01 -0.5000E+01 -0.5000E+01 -0.5000E+01
      -0.5000E+01 -0.5000E+01 -0.5000E+01 -0.5000E+01 -0.5000E+01
      -0.5000E+01 -0.5000E+01 -0.5000E+01 -0.5000E+01 -0.5000E+01
      -0.5000E+01 -0.5000E+01 -0.5000E+01 -0.5000E+01 -0.5000E+01
      -0.5000E+01 -0.5000E+01 -0.5000E+01 -0.5000E+01 -0.5000E+01
      -0.5000E+01 -0.5000E+01 -0.5000E+01 -0.5000E+01 -0.5000E+01
      -0.5000E+01 -0.5000E+01 -0.5000E+01 -0.5000E+01 -0.5000E+01
      -0.5000E+01 -0.5000E+01 -0.5000E+01 -0.5000E+01 -0.5000E+01
      -0.5000E+01 -0.5000E+01 -0.5000E+01 -0.5000E+01 -0.5000E+01
      -0.5000E+01 -0.5000E+01 -0.5000E+01 -0.5000E+01 -0.5000E+01
      -0.5000E+01 -0.5000E+01 -0.5000E+01 -0.5000E+01 -0.5000E+01
      -0.5000E+01 -0.5000E+01 -0.5000E+01 -0.5000E+01 -0.5000E+01
      -0.5000E+01 -0.5000E+01 -0.5000E+01 -0.5000E+01 -0.5000E+01
      -0.5000E+01 -0.5000E+01 -0.5000E+01 -0.5000E+01 -0.5000E+01
      -0.5000E+01 -0.5000E+01 -0.5000E+01 -0.5000E+01 -0.5000E+01
      -0.5000E+01 -0.5000E+01 -0.5000E+01 -0.5000E+01 -0.5000E+01
      -0.5000E+01 -0.5000E+01 -0.5000E+01 -0.5000E+01 -0.5000E+01
      -0.5000E+01 -0.5000E+01 -0.5000E+01 -0.5000E+01 -0.5000E+01
      -0.5000E+01 -0.5000E+01 -0.5000E+01 -0.5000E+01 -0.5000E+01
      -0.5000E+01 -0.5000E+01 -0.5000E+01 -0.5000E+01 -0.5000E+01
      -0.5000E+01 -0.5000E+01 -0.5000E+01 -0.5000E+01 -0.5000E+01
      -0.5000E+01 -0.5000E+01 -0.5000E+01 -0.5000E+01 -0.5000E+01
      -0.5000E+01 -0.5000E+01 -0.5000E+01 -0.5000E+01 -0.5000E+01
      -0.5000E+01 -0.5000E+01 -0.5000E+01 -0.5000E+01 -0.5000E+01
      -0.5000E+01 -0.5000E+01 -0.5000E+01 -0.5000E+01 -0.5000E+01
      -0.5000E+01 -0.5000E+01 -0.5000E+01 -0.5000E+01 -0.5000E+01
      -0.5000E+01 -0.5000E+01 -0.5000E+01 -0.5000E+01 -0.5000E+01
      -0.5000E+01 -0.5000E+01 -0.5000E+01 -0.5000E+01 -0.5000E+01
      -0.5000E+01 -0.5000E+01 -0.5000E+01 -0.5000E+01 -0.5000E+01
      -0.5000E+01 -0.5000E+01 -0.5000E+01 -0.5000E+01 -0.5000E+01
      -0.5000E+01 -0.5000E+01 -0.5000E+01 -0.5000E+01 -0.5000E+01
      -0.5000E+01 -0.5000E+01 -0.5000E+01 -0.5000E+01 -0.5000E+01
      -0.5000E+01 -0.5000E+01 -0.5000E+01 -0.5000E+01 -0.5000E+01
      -0.5000E+01 -0.5000E+01 -0.5000E+01 -0.5000E+01 -0.5000E+01
      -0.5000E+01 -0.5000E+01 -0.5000E+01 -0.5000E+01 -0.5000E+01
      -0.5000E+01 -0.5000E+01 -0.5000E+01 -0.5000E+01 -0.5000E+01
      -0.5000E+01 -0.5000E+01 -0.5000E+01 -0.5000E+01 -0.5000E+01
      -0.5000E+01 -0.5000E+01 -0.5000E+01 -0.5000E+01 -0.5000E+01
      -0.5000E+01 -0.5000E+01 -0.5000E+01 -0.5000E+01 -0.5000E+01
      -0.5000E+01 -0.5000E+01 -0.5000E+01 -0.5000E+01 -0.5000E+01
      -0.5000E+01 -0.5000E+01 -0.5000E+01 -0.5000E+01 -0.5000E+01
      -0.5000E+01 -0.5000E+01 -0.5000E+01 -0.5000E+01 -0.5000E+01
      -0.5000E+01 -0.5000E+01 -0.5000E+01 -0.5000E+01 -0.5000E+01
      -0.5000E+01 -0.5000E+01 -0.5000E+01 -0.5000E+01 -0.5000E+01
      -0.5000E+01 -0.5000E+01 -0.5000E+01 -0.5000E+01 -0.5000E+01
      -0.5000E+01 -0.5000E+01 -0.5000E+01 -0.5000E+01 -0.5000E+01
      -0.5000E+01 -0.5000E+01 -0.5000E+01 -0.5000E+01 -0.5000E+01
      -0.5000E+01 -0.5000E+01 -0.5000E+01 -0.5000E+01 -0.5000E+01
      -0.5000E+01 -0.5000E+01 -0.5000E+01 -0.5000E+01 -0.5000E+01
      -0.5000E+01 -0.5000E+01 -0.5000E+01 -0.5000E+01 -0.5000E+01
      -0.5000E+01 -0.5000E+01 -0.5000E+01 -0.5000E+01 -0.5000E+01
      -0.5000E+01 -0.5000E+01 -0.5000E+01 -0.5000E+01 -0.5000E+01
      -0.5000E+01 -0.5000E+01 -0.5000E+01 -0.5000E+01 -0.5000E+01
      -0.5000E+01 -0.5000E+01 -0.5000E+01 -0.5000E+01 -0.5000E+01
      -0.5000E+01 -0.5000E+01 -0.5000E+01 -0.5000E+01 -0.5000E+01
      -0.5000E+01 -0.5000E+01 -0.5000E+01 -0.5000E+01 -0.5000E+01
      -0.5000E+01 -0.5000E+01 -0.5000E+01 -0.5000E+01 -0.5000E+01
      -0.5000E+01 -0.5000E+01 -0.5000E+01 -0.5000E+01 -0.5000E+01
      -0.5000E+01 -0.5000E+01 -0.5000E+01 -0.5000E+01 -0.5000E+01
      -0.5000E+01 -0.5000E+01 -0.5000E+01 -0.5000E+01 -0.5000E+01
      -0.5000E+01 -0.5000E+01 -0.5000E+01 -0.5000E+01 -0.5000E+01
      -0.5000E+01 -0.5000E+01 -0.5000E+01 -0.5000E+01 -0.5000E+01
      -0.5000E+01 -0.5000E+01 -0.5000E+01 -0.5000E+01 -0.6707E-02
      -0.3812E-02 -0.5000E+01 -0.5000E+01 -0.5000E+01 -0.5000E+01
      -0.5000E+01 -0.5000E+01 -0.5000E+01 -0.5000E+01  0.4764E-02
      -0.6025E-02  0.1600E-05 -0.5000E+01 -0.5000E+01 -0.5000E+01
      -0.5000E+01 -0.5000E+01 -0.5000E+01  0.8294E-03 -0.1379E-02
      -0.6222E-02 -0.4620E-05 -0.5000E+01 -0.5000E+01 -0.5000E+01
      -0.5000E+01 -0.5000E+01 -0.5000E+01 -0.5000E+01 -0.5000E+01
      -0.5456E-02 -0.5000E+01 -0.5000E+01 -0.5000E+01 -0.5000E+01
      -0.5000E+01 -0.5000E+01 -0.5000E+01 -0.5000E+01 -0.5000E-02
      -0.4277E-02 -0.5000E+01 -0.5000E+01 -0.5000E+01 -0.5000E+01
      -0.5000E+01 -0.5000E+01 -0.7963E-03  0.2167E-02  0.1905E-02
      -0.2098E-02 -0.3992E-02 -0.1932E-02 -0.5000E+01 -0.5000E+01
      -0.5000E+01 -0.1261E-02 -0.1848E-02 -0.3415E-02 -0.3263E-02
      -0.3449E-02 -0.4816E-03 -0.2450E-02 -0.3982E-02 -0.5000E+01
      -0.5000E+01 -0.3969E-02 -0.4271E-02 -0.4636E-02 -0.1203E-02
       0.1636E-02  0.1292E-02 -0.1298E-02 -0.2440E-02 -0.5000E+01
      -0.5000E+01 -0.4009E-02 -0.2755E-02 -0.1911E-02 -0.1399E-02
      -0.5019E-03  0.2117E-02 -0.4770E-04 -0.3660E-02 -0.5000E+01
      -0.5000E+01 -0.5892E-02  0.1225E-02 -0.1996E-02  0.6659E-03
      -0.3396E-03 -0.2582E-02 -0.5277E-02 -0.4926E-02 -0.5000E+01
      -0.5000E+01 -0.4035E-02 -0.5959E-02 -0.3063E-02 -0.9109E-03
      -0.2947E-02 -0.4431E-02 -0.5397E-02 -0.3468E-02 -0.5000E+01
      -0.5000E+01  0.8053E-04 -0.1940E-02 -0.5000E+01 -0.5000E+01
      -0.5000E+01 -0.5000E+01 -0.5000E+01 -0.5000E+01 -0.5000E+01
      -0.5000E+01 -0.1612E-02 -0.1804E-02 -0.1747E-02 -0.1360E-02
      -0.1941E-02 -0.1578E-02 -0.1117E-02 -0.7495E-02 -0.5000E+01
      -0.5000E+01 -0.5000E+01 -0.5000E+01 -0.5000E+01 -0.5000E+01
      -0.5000E+01 -0.5000E+01 -0.5000E+01 -0.5000E+01 -0.5000E+01
      -0.5000E+01 -0.5000E+01  0.1331E-02 -0.5000E+01 -0.1987E-03
      -0.2701E-02 -0.4234E-02 -0.4424E-02 -0.5943E-02 -0.5000E+01
      -0.5000E+01  0.1713E-02  0.2804E-02 -0.6288E-03 -0.5000E+01
      -0.5000E+01 -0.2083E-02 -0.2758E-02 -0.5000E+01 -0.5000E+01
      -0.5000E+01 -0.5000E+01 -0.3337E-02 -0.5000E+01 -0.5000E+01
      -0.5000E+01 -0.2485E-02 -0.3813E-02 -0.3923E-02 -0.5000E+01
      -0.5000E+01 -0.5000E+01 -0.5000E+01 -0.5000E+01 -0.5000E+01
      -0.5000E+01 -0.5000E+01 -0.5000E+01 -0.5000E+01 -0.5000E+01
      -0.5000E+01 -0.5000E+01 -0.5000E+01 -0.5000E+01 -0.5000E+01
      -0.5000E+01 -0.5000E+01 -0.5000E+01 -0.5000E+01 -0.5000E+01
      -0.5000E+01 -0.5000E+01 -0.5000E+01 -0.5000E+01 -0.5000E+01
      -0.5000E+01 -0.5000E+01 -0.5000E+01 -0.5000E+01 -0.5000E+01
      -0.5000E+01 -0.5000E+01 -0.5000E+01 -0.5000E+01 -0.5000E+01
      -0.5000E+01 -0.5000E+01 -0.5000E+01 -0.5000E+01 -0.5000E+01
      -0.5000E+01 -0.5000E+01 -0.5000E+01 -0.5000E+01 -0.5000E+01
      -0.5000E+01 -0.5000E+01 -0.5000E+01 -0.5000E+01 -0.5000E+01
      -0.5000E+01 -0.5000E+01 -0.5000E+01 -0.5000E+01 -0.5000E+01
      -0.5000E+01 -0.5000E+01 -0.5000E+01 -0.5000E+01 -0.5000E+01
      -0.5000E+01 -0.5000E+01 -0.5000E+01 -0.5000E+01 -0.5000E+01
      -0.5000E+01 -0.5000E+01 -0.5000E+01 -0.5000E+01 -0.5000E+01
      -0.5000E+01 -0.5000E+01 -0.5000E+01 -0.5000E+01 -0.5000E+01
      -0.5000E+01 -0.5000E+01 -0.5000E+01 -0.5000E+01 -0.5000E+01
      -0.5000E+01 -0.5000E+01 -0.5000E+01 -0.5000E+01 -0.5000E+01
      -0.5000E+01 -0.5000E+01 -0.5000E+01 -0.5000E+01 -0.5000E+01
      -0.5000E+01 -0.5000E+01 -0.5000E+01 -0.5000E+01 -0.5000E+01
      -0.5000E+01 -0.5000E+01 -0.5000E+01 -0.5000E+01 -0.5000E+01
      -0.5000E+01 -0.5000E+01 -0.5000E+01 -0.5000E+01 -0.5000E+01
      -0.5000E+01 -0.5000E+01 -0.5000E+01 -0.5000E+01 -0.5000E+01
      -0.5000E+01 -0.5000E+01 -0.5000E+01 -0.5000E+01 -0.5000E+01
      -0.5000E+01 -0.5000E+01 -0.5000E+01 -0.5000E+01 -0.5000E+01
      -0.5000E+01 -0.5000E+01 -0.5000E+01 -0.5000E+01 -0.5000E+01
      -0.5000E+01 -0.5000E+01 -0.5000E+01 -0.5000E+01 -0.5000E+01
      -0.5000E+01 -0.5000E+01 -0.5000E+01 -0.5000E+01 -0.5000E+01
      -0.5000E+01 -0.5000E+01 -0.5000E+01 -0.5000E+01 -0.5000E+01
      -0.5000E+01 -0.5000E+01 -0.5000E+01 -0.5000E+01 -0.5000E+01
      -0.5000E+01 -0.5000E+01 -0.5000E+01 -0.5000E+01 -0.5000E+01
      -0.5000E+01 -0.5000E+01 -0.5000E+01 -0.5000E+01 -0.5000E+01
      -0.5000E+01 -0.5000E+01 -0.5000E+01 -0.5000E+01 -0.5000E+01
      -0.5000E+01 -0.5000E+01 -0.5000E+01 -0.5000E+01 -0.5000E+01
      -0.5000E+01 -0.5000E+01 -0.5000E+01 -0.5000E+01 -0.5000E+01
      -0.5000E+01 -0.5000E+01 -0.5000E+01 -0.5000E+01 -0.5000E+01
      -0.5000E+01 -0.5000E+01 -0.5000E+01 -0.5000E+01 -0.5000E+01
      -0.5000E+01 -0.5000E+01 -0.5000E+01 -0.5000E+01 -0.5000E+01
      -0.5000E+01 -0.5000E+01 -0.5000E+01 -0.5000E+01 -0.5000E+01
      -0.5000E+01 -0.5000E+01 -0.5000E+01 -0.5000E+01 -0.5000E+01
      -0.5000E+01 -0.5000E+01 -0.5000E+01 -0.5000E+01 -0.5000E+01
      -0.5000E+01 -0.5000E+01 -0.5000E+01 -0.5000E+01 -0.5000E+01
      -0.5000E+01 -0.5000E+01 -0.5000E+01 -0.5000E+01 -0.5000E+01
      -0.5000E+01 -0.5000E+01 -0.5000E+01 -0.5000E+01 -0.5000E+01
      -0.5000E+01 -0.5000E+01 -0.5000E+01 -0.5000E+01 -0.5000E+01
      -0.5000E+01 -0.5000E+01 -0.5000E+01 -0.5000E+01 -0.5000E+01
      -0.5000E+01 -0.5000E+01 -0.5000E+01 -0.5000E+01 -0.5000E+01
      -0.5000E+01 -0.5000E+01 -0.5000E+01 -0.5000E+01 -0.5000E+01
      -0.5000E+01 -0.5000E+01 -0.5000E+01 -0.5000E+01 -0.5000E+01
      -0.5000E+01 -0.5000E+01 -0.5000E+01 -0.5000E+01 -0.5000E+01
      -0.5000E+01 -0.5000E+01 -0.5000E+01 -0.5000E+01 -0.5000E+01
      -0.5000E+01 -0.5000E+01 -0.5000E+01 -0.5000E+01 -0.5000E+01
      -0.5000E+01 -0.5000E+01 -0.5000E+01 -0.5000E+01 -0.5000E+01
      -0.5000E+01 -0.5000E+01 -0.5000E+01 -0.5000E+01 -0.5000E+01
      -0.5000E+01 -0.5000E+01 -0.5000E+01 -0.5000E+01 -0.5000E+01
      -0.5000E+01 -0.5000E+01 -0.5000E+01 -0.5000E+01 -0.5000E+01
      -0.5000E+01 -0.5000E+01 -0.5000E+01 -0.5000E+01 -0.5000E+01
      -0.5000E+01 -0.5000E+01 -0.5000E+01 -0.5000E+01 -0.5000E+01
      -0.5000E+01 -0.5000E+01 -0.5000E+01 -0.5000E+01 -0.5000E+01
      -0.5000E+01 -0.5000E+01 -0.5000E+01 -0.5000E+01 -0.5000E+01
      -0.5000E+01 -0.5000E+01 -0.5000E+01 -0.5000E+01 -0.5000E+01
      -0.5000E+01 -0.5000E+01 -0.5000E+01 -0.5000E+01 -0.5000E+01
      -0.5000E+01 -0.5000E+01 -0.5000E+01 -0.5000E+01 -0.5000E+01
      -0.5000E+01 -0.5000E+01 -0.5000E+01 -0.5000E+01 -0.5000E+01
      -0.5000E+01 -0.5000E+01 -0.5000E+01 -0.5000E+01 -0.5000E+01
      -0.5000E+01 -0.5000E+01 -0.5000E+01 -0.5000E+01 -0.5000E+01
      -0.5000E+01 -0.5000E+01 -0.5000E+01 -0.5000E+01 -0.5000E+01
      -0.5000E+01 -0.5000E+01 -0.5000E+01 -0.5000E+01 -0.5000E+01
      -0.5000E+01 -0.5000E+01 -0.5000E+01 -0.5000E+01 -0.5000E+01
      -0.5000E+01 -0.5000E+01 -0.5000E+01 -0.5000E+01 -0.5000E+01
      -0.5000E+01 -0.5000E+01 -0.5000E+01 -0.5000E+01 -0.5000E+01
      -0.5000E+01 -0.5000E+01 -0.5000E+01 -0.5000E+01 -0.5000E+01
      -0.5000E+01 -0.5000E+01 -0.5000E+01 -0.5000E+01 -0.5000E+01
      -0.5000E+01 -0.5000E+01 -0.5000E+01 -0.5000E+01 -0.5000E+01
      -0.5000E+01 -0.5000E+01 -0.5000E+01 -0.5000E+01 -0.5000E+01
      -0.5000E+01 -0.5000E+01 -0.5000E+01 -0.5000E+01 -0.5000E+01
      -0.5000E+01 -0.5000E+01 -0.5000E+01 -0.5000E+01 -0.5000E+01
      -0.5000E+01 -0.5000E+01 -0.5000E+01 -0.5000E+01 -0.5000E+01
      -0.5000E+01 -0.5000E+01 -0.5000E+01 -0.5000E+01 -0.5000E+01
      -0.5000E+01 -0.5000E+01 -0.5000E+01 -0.5000E+01 -0.5000E+01
      -0.5000E+01 -0.5000E+01 -0.5000E+01 -0.5000E+01 -0.5000E+01
      -0.5000E+01 -0.5000E+01 -0.5000E+01 -0.5000E+01 -0.5000E+01
      -0.5000E+01 -0.5000E+01 -0.5000E+01 -0.5000E+01 -0.5000E+01
      -0.5000E+01 -0.5000E+01 -0.5000E+01 -0.5000E+01 -0.5000E+01
      -0.5000E+01 -0.5000E+01 -0.5000E+01 -0.5000E+01 -0.5000E+01
      -0.5000E+01 -0.5000E+01 -0.5000E+01 -0.5000E+01 -0.5000E+01
      -0.5000E+01 -0.5000E+01 -0.5000E+01 -0.5000E+01 -0.5000E+01
      -0.5000E+01 -0.5000E+01 -0.5000E+01 -0.5000E+01 -0.5000E+01
      -0.5000E+01 -0.5000E+01 -0.5000E+01 -0.5000E+01 -0.5000E+01
      -0.5000E+01 -0.5000E+01 -0.5000E+01 -0.5000E+01 -0.5000E+01
      -0.5000E+01 -0.5000E+01 -0.5000E+01 -0.5000E+01 -0.5000E+01
      -0.5000E+01 -0.5000E+01 -0.5000E+01 -0.5000E+01 -0.5000E+01
      -0.5000E+01 -0.5000E+01 -0.5000E+01 -0.5000E+01 -0.5000E+01
      -0.5000E+01 -0.5000E+01 -0.5000E+01 -0.5000E+01 -0.5000E+01
      -0.5000E+01 -0.5000E+01 -0.5000E+01 -0.5000E+01 -0.5000E+01
      -0.5000E+01 -0.5000E+01 -0.5000E+01 -0.5000E+01 -0.5000E+01
      -0.5000E+01 -0.5000E+01 -0.5000E+01 -0.5000E+01 -0.5000E+01
      -0.5000E+01 -0.5000E+01 -0.5000E+01 -0.5000E+01 -0.5000E+01
      -0.5000E+01 -0.5000E+01 -0.5000E+01 -0.5000E+01 -0.5000E+01
      -0.5000E+01 -0.5000E+01 -0.5000E+01 -0.5000E+01 -0.5000E+01
      -0.5000E+01 -0.5000E+01 -0.5000E+01 -0.5000E+01 -0.5000E+01
      -0.5000E+01 -0.5000E+01 -0.5000E+01 -0.5000E+01 -0.5000E+01
      -0.5000E+01 -0.5000E+01 -0.5000E+01 -0.5000E+01 -0.5000E+01
      -0.5000E+01 -0.5000E+01 -0.5000E+01 -0.5000E+01 -0.5000E+01
      -0.5000E+01 -0.5000E+01 -0.5000E+01 -0.5000E+01 -0.5000E+01
      -0.5000E+01 -0.5000E+01 -0.5000E+01 -0.5000E+01 -0.5000E+01
      -0.5000E+01 -0.5000E+01 -0.5000E+01 -0.5000E+01 -0.5000E+01
      -0.5000E+01 -0.5000E+01 -0.5000E+01 -0.5000E+01 -0.5000E+01
      -0.5000E+01 -0.5000E+01 -0.5000E+01 -0.5000E+01 -0.5000E+01
      -0.5000E+01 -0.5000E+01 -0.5000E+01 -0.5000E+01 -0.5000E+01
      -0.5000E+01 -0.5000E+01 -0.5000E+01 -0.5000E+01 -0.5000E+01
      -0.5000E+01 -0.5000E+01 -0.5000E+01 -0.5000E+01 -0.5000E+01
      -0.5000E+01 -0.5000E+01 -0.5000E+01 -0.5000E+01 -0.5000E+01
      -0.5000E+01 -0.5000E+01 -0.5000E+01 -0.5000E+01 -0.5000E+01
      -0.5000E+01 -0.5000E+01 -0.5000E+01 -0.5000E+01 -0.5000E+01
      -0.5000E+01 -0.5000E+01 -0.5000E+01 -0.5000E+01 -0.5000E+01
      -0.5000E+01 -0.5000E+01 -0.5000E+01 -0.5000E+01 -0.5000E+01
      -0.5000E+01 -0.5000E+01 -0.5000E+01 -0.5000E+01 -0.5000E+01
      -0.5000E+01 -0.5000E+01 -0.5000E+01 -0.5000E+01 -0.5000E+01
      -0.5000E+01 -0.5000E+01 -0.5000E+01 -0.5000E+01 -0.5000E+01
      -0.5000E+01 -0.5000E+01 -0.5000E+01 -0.5000E+01 -0.5000E+01
      -0.5000E+01 -0.5000E+01 -0.5000E+01 -0.5000E+01 -0.5000E+01
      -0.5000E+01 -0.5000E+01 -0.5000E+01 -0.5000E+01 -0.5000E+01
      -0.5000E+01 -0.5000E+01 -0.5000E+01 -0.5000E+01 -0.1891E-02
      -0.5000E+01 -0.5000E+01 -0.5000E+01 -0.5000E+01 -0.5000E+01
      -0.5000E+01 -0.5000E+01 -0.5000E+01 -0.5000E+01 -0.5000E+01
      -0.5000E+01 -0.5000E+01 -0.5000E+01 -0.5000E+01 -0.5000E+01
      -0.5000E+01 -0.5000E+01 -0.5000E+01 -0.5000E+01 -0.5000E+01
      -0.5000E+01 -0.5000E+01 -0.5000E+01 -0.5000E+01 -0.5000E+01
      -0.5000E+01 -0.5000E+01 -0.5000E+01 -0.5000E+01 -0.5000E+01
      -0.5000E+01 -0.5000E+01 -0.5000E+01 -0.5000E+01 -0.5000E+01
      -0.5000E+01 -0.5000E+01 -0.5000E+01 -0.5000E+01 -0.5000E+01
      -0.5000E+01 -0.5000E+01 -0.5000E+01 -0.5000E+01 -0.5000E+01
      -0.5000E+01 -0.5000E+01 -0.5000E+01 -0.5000E+01 -0.5000E+01
      -0.5000E+01 -0.5000E+01 -0.5000E+01 -0.5000E+01 -0.5000E+01
      -0.5000E+01 -0.5000E+01 -0.3450E-02 -0.5000E+01 -0.5000E+01
      -0.5000E+01 -0.5000E+01 -0.5000E+01 -0.5000E+01 -0.5000E+01
      -0.5000E+01 -0.5000E+01 -0.5000E+01 -0.5000E+01 -0.5000E+01
      -0.5000E+01 -0.5000E+01 -0.5000E+01 -0.5000E+01 -0.5000E+01
      -0.5000E+01 -0.5000E+01 -0.5000E+01 -0.5000E+01 -0.5000E+01
      -0.5000E+01 -0.5000E+01 -0.1571E-02 -0.5000E+01 -0.5000E+01
      -0.5000E+01 -0.5000E+01 -0.5000E+01 -0.3733E-03 -0.5000E+01
      -0.5000E+01 -0.5000E+01 -0.5000E+01 -0.5000E+01 -0.5000E+01
      -0.5000E+01 -0.5000E+01 -0.5000E+01 -0.5000E+01 -0.5000E+01
      -0.5000E+01 -0.5000E+01 -0.5000E+01 -0.5000E+01 -0.5000E+01
      -0.5000E+01 -0.5000E+01 -0.5000E+01 -0.5000E+01 -0.5000E+01
      -0.5000E+01 -0.5000E+01 -0.5000E+01 -0.5000E+01 -0.5000E+01
      -0.5000E+01 -0.5000E+01 -0.5000E+01 -0.5000E+01 -0.5000E+01
      -0.5000E+01 -0.5000E+01 -0.5000E+01 -0.5000E+01 -0.5000E+01
      -0.5000E+01 -0.5000E+01 -0.5000E+01 -0.5000E+01 -0.5000E+01
      -0.5000E+01 -0.5000E+01 -0.5000E+01 -0.5000E+01 -0.5000E+01
      -0.5000E+01 -0.5000E+01 -0.5000E+01 -0.5000E+01 -0.5000E+01
      -0.5000E+01 -0.5000E+01 -0.5000E+01 -0.5000E+01 -0.5000E+01
      -0.5000E+01 -0.5000E+01 -0.5000E+01 -0.5000E+01 -0.5000E+01
      -0.5000E+01 -0.5000E+01 -0.5000E+01 -0.5000E+01 -0.5000E+01
      -0.5000E+01 -0.5000E+01 -0.5000E+01 -0.5000E+01 -0.5000E+01
      -0.5000E+01 -0.5000E+01 -0.5000E+01 -0.5000E+01 -0.5000E+01
      -0.5000E+01 -0.5000E+01 -0.5000E+01 -0.5000E+01 -0.5000E+01
      -0.5000E+01 -0.5000E+01 -0.5000E+01 -0.5000E+01 -0.5000E+01
      -0.5000E+01 -0.5000E+01 -0.5000E+01 -0.5000E+01 -0.5000E+01
      -0.5000E+01 -0.5000E+01 -0.5000E+01 -0.5000E+01 -0.5000E+01
      -0.5000E+01 -0.5000E+01 -0.5000E+01 -0.5000E+01 -0.5000E+01
      -0.5000E+01 -0.5000E+01 -0.5000E+01 -0.5000E+01 -0.5000E+01
      -0.5000E+01 -0.5000E+01 -0.5000E+01 -0.5000E+01 -0.5000E+01
      -0.5000E+01 -0.5000E+01 -0.5000E+01 -0.5000E+01 -0.5000E+01
      -0.5000E+01 -0.5000E+01 -0.5000E+01 -0.5000E+01 -0.5000E+01
      -0.5000E+01 -0.5000E+01 -0.5000E+01 -0.5000E+01 -0.5000E+01
      -0.5000E+01 -0.5000E+01 -0.5000E+01 -0.5000E+01 -0.5000E+01
      -0.5000E+01 -0.5000E+01 -0.5000E+01 -0.5000E+01 -0.5000E+01
      -0.5000E+01 -0.5000E+01 -0.5000E+01 -0.5000E+01 -0.5000E+01
      -0.5000E+01 -0.5000E+01 -0.5000E+01 -0.5000E+01 -0.5000E+01
      -0.5000E+01 -0.5000E+01 -0.5000E+01 -0.5000E+01 -0.5000E+01
      -0.5000E+01 -0.5000E+01 -0.5000E+01 -0.5000E+01 -0.5000E+01
      -0.5000E+01 -0.5000E+01 -0.5000E+01 -0.5000E+01 -0.5000E+01
      -0.5000E+01 -0.5000E+01 -0.5000E+01 -0.5000E+01 -0.5000E+01
      -0.5000E+01 -0.5000E+01 -0.5000E+01 -0.5000E+01 -0.5000E+01
      -0.5000E+01 -0.5000E+01 -0.5000E+01 -0.5000E+01 -0.5000E+01
      -0.5000E+01 -0.5000E+01 -0.5000E+01 -0.5000E+01 -0.5000E+01
      -0.5000E+01 -0.5000E+01 -0.5000E+01 -0.5000E+01 -0.5000E+01
      -0.5000E+01 -0.5000E+01 -0.5000E+01 -0.5000E+01 -0.5000E+01
      -0.5000E+01 -0.5000E+01 -0.5000E+01 -0.5000E+01 -0.5000E+01
      -0.5000E+01 -0.5000E+01 -0.5000E+01 -0.5000E+01 -0.5000E+01
      -0.5000E+01 -0.5000E+01 -0.5000E+01 -0.5000E+01 -0.5000E+01
      -0.5000E+01 -0.5000E+01 -0.5000E+01 -0.5000E+01 -0.5000E+01
      -0.5000E+01 -0.5000E+01 -0.5000E+01 -0.5000E+01 -0.5000E+01
      -0.5000E+01 -0.5000E+01 -0.5000E+01 -0.5000E+01 -0.5000E+01
      -0.5000E+01 -0.5000E+01 -0.5000E+01 -0.5000E+01 -0.5000E+01
      -0.5000E+01 -0.5000E+01 -0.5000E+01 -0.5000E+01 -0.5000E+01
      -0.5000E+01 -0.5000E+01 -0.5000E+01 -0.5000E+01 -0.5000E+01
      -0.5000E+01 -0.5000E+01 -0.5000E+01 -0.5000E+01 -0.5000E+01
      -0.5000E+01 -0.5000E+01 -0.5000E+01 -0.5000E+01 -0.5000E+01
      -0.5000E+01 -0.5000E+01 -0.5000E+01 -0.5000E+01 -0.5000E+01
      -0.5000E+01 -0.5000E+01 -0.5000E+01 -0.5000E+01 -0.5000E+01
      -0.5000E+01 -0.5000E+01 -0.5000E+01 -0.5000E+01 -0.5000E+01
      -0.5000E+01 -0.5000E+01 -0.5000E+01 -0.5000E+01 -0.5000E+01
      -0.5000E+01 -0.5000E+01 -0.5000E+01 -0.5000E+01 -0.5000E+01
      -0.5000E+01 -0.5000E+01 -0.5000E+01 -0.5000E+01 -0.5000E+01
      -0.5000E+01 -0.5000E+01 -0.5000E+01 -0.5000E+01 -0.5000E+01
      -0.5000E+01 -0.5000E+01 -0.5000E+01 -0.5000E+01 -0.5000E+01
      -0.5000E+01 -0.5000E+01 -0.5000E+01 -0.5000E+01 -0.5000E+01
      -0.5000E+01 -0.5000E+01 -0.5000E+01 -0.5000E+01 -0.5000E+01
      -0.5000E+01 -0.5000E+01 -0.5000E+01 -0.5000E+01 -0.5000E+01
      -0.5000E+01 -0.5000E+01 -0.5000E+01 -0.5000E+01 -0.5000E+01
      -0.5000E+01 -0.5000E+01 -0.5000E+01 -0.5000E+01 -0.5000E+01
      -0.5000E+01 -0.5000E+01 -0.5000E+01 -0.5000E+01 -0.5000E+01
      -0.5000E+01 -0.5000E+01 -0.5000E+01 -0.5000E+01 -0.5000E+01
      -0.5000E+01 -0.5000E+01 -0.5000E+01 -0.5000E+01 -0.5000E+01
      -0.5000E+01 -0.5000E+01 -0.5000E+01 -0.5000E+01 -0.5000E+01
      -0.5000E+01 -0.5000E+01 -0.5000E+01 -0.5000E+01 -0.5000E+01
      -0.5000E+01 -0.5000E+01 -0.5000E+01 -0.5000E+01 -0.5000E+01
      -0.5000E+01 -0.5000E+01 -0.5000E+01 -0.5000E+01 -0.5000E+01
      -0.5000E+01 -0.5000E+01 -0.5000E+01 -0.5000E+01 -0.5000E+01
      -0.5000E+01 -0.5000E+01 -0.5000E+01 -0.5000E+01 -0.5000E+01
      -0.5000E+01 -0.5000E+01 -0.5000E+01 -0.5000E+01 -0.5000E+01
      -0.5000E+01 -0.5000E+01 -0.5000E+01 -0.5000E+01 -0.5000E+01
      -0.5000E+01 -0.5000E+01 -0.5000E+01 -0.5000E+01 -0.5000E+01
      -0.5000E+01 -0.5000E+01 -0.5000E+01 -0.5000E+01 -0.5000E+01
      -0.5000E+01 -0.5000E+01 -0.5000E+01 -0.5000E+01 -0.5000E+01
      -0.5000E+01 -0.5000E+01 -0.5000E+01 -0.5000E+01 -0.5000E+01
      -0.5000E+01 -0.5000E+01 -0.5000E+01 -0.5000E+01 -0.5000E+01
      -0.5000E+01 -0.5000E+01 -0.5000E+01 -0.5000E+01 -0.5000E+01
      -0.5000E+01 -0.5000E+01 -0.5000E+01 -0.5000E+01 -0.5000E+01
      -0.5000E+01 -0.5000E+01 -0.5000E+01 -0.5000E+01 -0.5000E+01
      -0.5000E+01 -0.5000E+01 -0.5000E+01 -0.5000E+01 -0.5000E+01
      -0.5000E+01 -0.5000E+01 -0.5000E+01 -0.5000E+01 -0.5000E+01
      -0.5000E+01 -0.5000E+01 -0.5000E+01 -0.5000E+01 -0.5000E+01
      -0.5000E+01 -0.5000E+01 -0.5000E+01 -0.5000E+01 -0.5000E+01
      -0.5000E+01 -0.5000E+01 -0.5000E+01 -0.5000E+01 -0.5000E+01
      -0.5000E+01 -0.5000E+01 -0.5000E+01 -0.5000E+01 -0.5000E+01
      -0.5000E+01 -0.5000E+01 -0.5000E+01 -0.5000E+01 -0.5000E+01
      -0.5000E+01 -0.5000E+01 -0.5000E+01 -0.5000E+01 -0.5000E+01
      -0.5000E+01 -0.5000E+01 -0.5000E+01 -0.5000E+01 -0.5000E+01
      -0.5000E+01 -0.5000E+01 -0.5000E+01 -0.5000E+01 -0.5000E+01
      -0.5000E+01 -0.5000E+01 -0.5000E+01 -0.5000E+01 -0.5000E+01
      -0.5000E+01 -0.5000E+01 -0.5000E+01 -0.5000E+01 -0.5000E+01
      -0.5000E+01 -0.5000E+01 -0.5000E+01 -0.5000E+01 -0.5000E+01
      -0.5000E+01 -0.5000E+01 -0.5000E+01 -0.5000E+01 -0.5000E+01
      -0.5000E+01 -0.5000E+01 -0.5000E+01 -0.5000E+01 -0.5000E+01
      -0.5000E+01 -0.5000E+01 -0.5000E+01 -0.5000E+01 -0.5000E+01
      -0.5000E+01 -0.5000E+01 -0.5000E+01 -0.5000E+01 -0.5000E+01
      -0.5000E+01 -0.5000E+01 -0.5000E+01 -0.5000E+01 -0.5000E+01
      -0.5000E+01 -0.5000E+01 -0.5000E+01 -0.5000E+01 -0.5000E+01
      -0.5000E+01 -0.5000E+01 -0.5000E+01 -0.5000E+01 -0.5000E+01
      -0.5000E+01 -0.5000E+01 -0.5000E+01 -0.5000E+01 -0.5000E+01
      -0.5000E+01 -0.5000E+01 -0.5000E+01 -0.5000E+01 -0.5000E+01
      -0.5000E+01 -0.5000E+01 -0.5000E+01 -0.5000E+01 -0.5000E+01
      -0.5000E+01 -0.5000E+01 -0.5000E+01 -0.5000E+01 -0.5000E+01
      -0.5000E+01 -0.5000E+01 -0.5000E+01 -0.5000E+01 -0.5000E+01
      -0.5000E+01 -0.5000E+01 -0.5000E+01 -0.5000E+01 -0.5000E+01
      -0.5000E+01 -0.5000E+01 -0.5000E+01 -0.5000E+01 -0.5000E+01
      -0.5000E+01 -0.5000E+01 -0.5000E+01 -0.5000E+01 -0.5000E+01
      -0.5000E+01 -0.5000E+01 -0.5000E+01 -0.5000E+01 -0.5000E+01
      -0.5000E+01 -0.5000E+01 -0.5000E+01 -0.5000E+01 -0.5000E+01
      -0.5000E+01 -0.5000E+01 -0.5000E+01 -0.5000E+01 -0.5000E+01
      -0.5000E+01 -0.5000E+01 -0.5000E+01 -0.5000E+01 -0.5000E+01
      -0.5000E+01 -0.5000E+01 -0.5000E+01 -0.5000E+01 -0.5000E+01
      -0.5000E+01 -0.5000E+01 -0.5000E+01 -0.5000E+01 -0.5000E+01
      -0.5000E+01 -0.5000E+01 -0.5000E+01 -0.5000E+01 -0.5000E+01
      -0.5000E+01 -0.5000E+01 -0.5000E+01 -0.5000E+01 -0.5000E+01
      -0.5000E+01 -0.5000E+01 -0.5000E+01 -0.5000E+01 -0.5000E+01
      -0.5000E+01 -0.5000E+01 -0.5000E+01 -0.5000E+01 -0.5000E+01
      -0.5000E+01 -0.5000E+01 -0.5000E+01 -0.5000E+01 -0.5000E+01
      -0.5000E+01 -0.5000E+01 -0.5000E+01 -0.5000E+01 -0.5000E+01
      -0.5000E+01 -0.5000E+01 -0.5000E+01 -0.5000E+01 -0.5000E+01
      -0.5000E+01 -0.5000E+01 -0.5000E+01 -0.5000E+01 -0.5000E+01
