     -0.5000E+01 -0.5000E+01 -0.5000E+01 -0.5000E+01 -0.5000E+01
     -0.5000E+01 -0.5000E+01 -0.5000E+01 -0.5000E+01 -0.5000E+01
     -0.5000E+01 -0.5000E+01 -0.5000E+01 -0.5000E+01 -0.5000E+01
     -0.5000E+01 -0.5000E+01 -0.5000E+01 -0.5000E+01 -0.5000E+01
     -0.5000E+01 -0.5000E+01 -0.5000E+01 -0.5000E+01 -0.5000E+01
     -0.5000E+01 -0.5000E+01 -0.5000E+01 -0.5000E+01 -0.5000E+01
     -0.5000E+01 -0.5000E+01 -0.5000E+01 -0.5000E+01 -0.5000E+01
     -0.5000E+01 -0.5000E+01 -0.5000E+01 -0.5000E+01 -0.5000E+01
     -0.5000E+01 -0.5000E+01 -0.5000E+01 -0.5000E+01 -0.5000E+01
     -0.5000E+01 -0.5000E+01 -0.5000E+01 -0.5000E+01 -0.5000E+01
     -0.5000E+01 -0.5000E+01 -0.5000E+01 -0.5000E+01 -0.5000E+01
     -0.5000E+01 -0.5000E+01 -0.5000E+01 -0.5000E+01 -0.5000E+01
     -0.5000E+01 -0.5000E+01 -0.5000E+01 -0.5000E+01 -0.5000E+01
     -0.5000E+01 -0.5000E+01 -0.5000E+01 -0.5000E+01 -0.5000E+01
     -0.5000E+01 -0.5000E+01 -0.5000E+01 -0.5000E+01 -0.5000E+01
     -0.5000E+01 -0.5000E+01 -0.5000E+01 -0.5000E+01 -0.5000E+01
     -0.5000E+01 -0.5000E+01 -0.5000E+01 -0.5000E+01 -0.5000E+01
     -0.5000E+01 -0.5000E+01 -0.5000E+01 -0.5000E+01 -0.5000E+01
     -0.5000E+01 -0.5000E+01 -0.5000E+01 -0.5000E+01 -0.5000E+01
     -0.5000E+01 -0.5000E+01 -0.5000E+01 -0.5000E+01 -0.5000E+01
     -0.5000E+01 -0.5000E+01 -0.5000E+01 -0.5000E+01 -0.5000E+01
     -0.5000E+01 -0.5000E+01 -0.5000E+01 -0.5000E+01 -0.5000E+01
     -0.5000E+01 -0.5000E+01 -0.5000E+01 -0.5000E+01 -0.5000E+01
     -0.5000E+01 -0.5000E+01 -0.5000E+01 -0.5000E+01 -0.5000E+01
     -0.5000E+01 -0.5000E+01 -0.5000E+01 -0.5000E+01 -0.5000E+01
     -0.5000E+01 -0.5000E+01 -0.5000E+01 -0.5000E+01 -0.5000E+01
     -0.5000E+01 -0.5000E+01 -0.5000E+01 -0.5000E+01 -0.5000E+01
     -0.5000E+01 -0.5000E+01 -0.5000E+01 -0.5000E+01 -0.5000E+01
     -0.5000E+01 -0.5000E+01 -0.5000E+01 -0.5000E+01 -0.5000E+01
     -0.5000E+01 -0.5000E+01 -0.5000E+01 -0.5000E+01 -0.5000E+01
     -0.5000E+01 -0.5000E+01 -0.5000E+01 -0.5000E+01 -0.5000E+01
     -0.5000E+01 -0.5000E+01 -0.5000E+01 -0.5000E+01 -0.5000E+01
     -0.5000E+01 -0.5000E+01 -0.5000E+01 -0.5000E+01 -0.5000E+01
     -0.5000E+01 -0.5000E+01 -0.5000E+01 -0.5000E+01 -0.5000E+01
     -0.5000E+01 -0.5000E+01 -0.5000E+01 -0.5000E+01 -0.5000E+01
     -0.5000E+01 -0.5000E+01 -0.5000E+01 -0.5000E+01 -0.5000E+01
     -0.5000E+01 -0.5000E+01 -0.5000E+01 -0.5000E+01 -0.5000E+01
     -0.5000E+01 -0.5000E+01 -0.5000E+01 -0.5000E+01 -0.5000E+01
     -0.5000E+01 -0.5000E+01 -0.5000E+01 -0.5000E+01 -0.5000E+01
     -0.5000E+01 -0.5000E+01 -0.5000E+01 -0.5000E+01 -0.5000E+01
     -0.5000E+01 -0.5000E+01 -0.5000E+01 -0.5000E+01 -0.5000E+01
     -0.5000E+01 -0.5000E+01 -0.5000E+01 -0.5000E+01 -0.5000E+01
     -0.5000E+01 -0.5000E+01 -0.5000E+01 -0.5000E+01 -0.5000E+01
     -0.5000E+01 -0.5000E+01 -0.5000E+01 -0.5000E+01 -0.5000E+01
     -0.5000E+01 -0.5000E+01 -0.5000E+01 -0.5000E+01 -0.5000E+01
     -0.5000E+01 -0.5000E+01 -0.5000E+01 -0.5000E+01 -0.5000E+01
     -0.5000E+01 -0.5000E+01 -0.5000E+01 -0.5000E+01 -0.5000E+01
     -0.5000E+01 -0.5000E+01 -0.5000E+01 -0.5000E+01 -0.5000E+01
     -0.5000E+01 -0.5000E+01 -0.5000E+01 -0.5000E+01 -0.5000E+01
     -0.5000E+01 -0.5000E+01 -0.5000E+01 -0.5000E+01 -0.5000E+01
     -0.5000E+01 -0.5000E+01 -0.5000E+01 -0.5000E+01 -0.5000E+01
     -0.5000E+01 -0.5000E+01 -0.5000E+01 -0.5000E+01 -0.5000E+01
     -0.5000E+01 -0.5000E+01 -0.5000E+01 -0.5000E+01 -0.5000E+01
     -0.5000E+01 -0.5000E+01 -0.5000E+01 -0.5000E+01 -0.5000E+01
     -0.5000E+01 -0.5000E+01 -0.5000E+01 -0.5000E+01 -0.5000E+01
     -0.5000E+01 -0.5000E+01 -0.5000E+01 -0.5000E+01 -0.5000E+01
     -0.5000E+01 -0.5000E+01 -0.5000E+01 -0.5000E+01 -0.5000E+01
     -0.5000E+01 -0.5000E+01 -0.5000E+01 -0.5000E+01 -0.5000E+01
     -0.5000E+01 -0.5000E+01 -0.5000E+01 -0.5000E+01 -0.5000E+01
     -0.5000E+01 -0.5000E+01 -0.5000E+01 -0.5000E+01 -0.5000E+01
     -0.5000E+01 -0.5000E+01 -0.5000E+01 -0.5000E+01 -0.5000E+01
     -0.5000E+01 -0.5000E+01 -0.5000E+01 -0.5000E+01 -0.5000E+01
     -0.5000E+01 -0.5000E+01 -0.5000E+01 -0.5000E+01 -0.5000E+01
     -0.5000E+01 -0.5000E+01 -0.5000E+01 -0.5000E+01 -0.5000E+01
     -0.5000E+01 -0.5000E+01 -0.5000E+01 -0.5000E+01 -0.5000E+01
     -0.5000E+01 -0.5000E+01 -0.5000E+01 -0.5000E+01 -0.5000E+01
     -0.5000E+01 -0.5000E+01 -0.5000E+01 -0.5000E+01 -0.5000E+01
     -0.5000E+01 -0.5000E+01 -0.5000E+01 -0.5000E+01 -0.5000E+01
     -0.5000E+01 -0.5000E+01 -0.5000E+01 -0.5000E+01 -0.5000E+01
     -0.5000E+01 -0.5000E+01 -0.5000E+01 -0.5000E+01 -0.5000E+01
     -0.5000E+01 -0.5000E+01 -0.5000E+01 -0.5000E+01 -0.5000E+01
     -0.5000E+01 -0.5000E+01 -0.5000E+01 -0.5000E+01 -0.5000E+01
     -0.5000E+01 -0.5000E+01 -0.5000E+01 -0.5000E+01 -0.5000E+01
     -0.5000E+01 -0.5000E+01 -0.5000E+01 -0.5000E+01 -0.5000E+01
     -0.5000E+01 -0.5000E+01 -0.5000E+01 -0.1122E-01  0.1946E-01
     -0.5000E+01 -0.1142E-01 -0.5000E+01 -0.1867E-01 -0.5000E+01
     -0.5000E+01 -0.5000E+01 -0.5000E+01 -0.5000E+01 -0.5000E+01
     -0.5000E+01 -0.5000E+01 -0.5000E+01 -0.5000E+01 -0.5000E+01
     -0.5000E+01 -0.5000E+01 -0.5000E+01 -0.5000E+01 -0.5000E+01
     -0.5000E+01 -0.5000E+01 -0.5000E+01 -0.5000E+01 -0.5000E+01
     -0.5000E+01 -0.5000E+01  0.1006E+00 -0.5000E+01 -0.5000E+01
     -0.5000E+01 -0.5000E+01 -0.5000E+01 -0.5000E+01 -0.5000E+01
     -0.5000E+01 -0.5000E+01 -0.5000E+01 -0.5000E+01 -0.5000E+01
     -0.5000E+01 -0.4734E-01 -0.5000E+01 -0.5000E+01 -0.5000E+01
     -0.5000E+01 -0.5000E+01 -0.5000E+01 -0.5000E+01 -0.5000E+01
     -0.5000E+01 -0.5000E+01 -0.5000E+01 -0.5000E+01 -0.5000E+01
     -0.5000E+01 -0.5000E+01 -0.5000E+01 -0.5000E+01 -0.5000E+01
     -0.5000E+01 -0.5000E+01 -0.5000E+01 -0.5000E+01 -0.5000E+01
     -0.5000E+01 -0.5000E+01 -0.5000E+01 -0.5000E+01 -0.5000E+01
     -0.5000E+01 -0.5000E+01 -0.5000E+01 -0.5000E+01 -0.5000E+01
     -0.5000E+01 -0.5000E+01 -0.5000E+01 -0.5000E+01 -0.5000E+01
     -0.5000E+01 -0.5000E+01 -0.5000E+01 -0.5000E+01 -0.5000E+01
     -0.5000E+01 -0.5000E+01 -0.5000E+01 -0.5000E+01 -0.5000E+01
     -0.5000E+01 -0.5000E+01 -0.5000E+01 -0.5000E+01 -0.5000E+01
     -0.5000E+01 -0.5000E+01 -0.5000E+01 -0.5000E+01 -0.5000E+01
     -0.5000E+01 -0.5000E+01 -0.5000E+01 -0.5000E+01 -0.5000E+01
     -0.5000E+01 -0.5000E+01 -0.5000E+01 -0.5000E+01 -0.5000E+01
     -0.5000E+01 -0.5000E+01 -0.5000E+01 -0.5000E+01 -0.5000E+01
     -0.5000E+01 -0.5000E+01  0.5495E-01 -0.5000E+01 -0.5000E+01
     -0.5000E+01 -0.5000E+01 -0.5000E+01 -0.5000E+01 -0.5000E+01
     -0.5000E+01 -0.5000E+01 -0.5000E+01 -0.5000E+01 -0.5000E+01
     -0.5000E+01 -0.5000E+01 -0.5000E+01 -0.5000E+01 -0.5000E+01
     -0.5000E+01 -0.5000E+01 -0.5000E+01 -0.2038E-01 -0.5000E+01
     -0.5000E+01 -0.5000E+01 -0.5000E+01 -0.5000E+01 -0.5000E+01
     -0.5000E+01 -0.5000E+01 -0.5000E+01 -0.5000E+01 -0.5000E+01
     -0.5000E+01 -0.5000E+01 -0.5000E+01 -0.5000E+01 -0.5000E+01
     -0.5000E+01 -0.5000E+01 -0.5000E+01 -0.5000E+01 -0.5000E+01
     -0.5000E+01 -0.5000E+01 -0.5000E+01 -0.5000E+01 -0.5000E+01
     -0.5000E+01 -0.5000E+01 -0.5000E+01 -0.5000E+01 -0.5000E+01
     -0.5000E+01 -0.5000E+01 -0.5000E+01 -0.5000E+01 -0.5000E+01
     -0.5000E+01  0.1050E+00  0.8658E-02 -0.1085E-01 -0.1539E-01
      0.1843E-01 -0.2495E-01 -0.2534E-01 -0.5000E+01 -0.5000E+01
     -0.5000E+01 -0.5000E+01 -0.5000E+01 -0.5000E+01 -0.5000E+01
     -0.5000E+01 -0.5000E+01 -0.5000E+01 -0.5000E+01 -0.5000E+01
     -0.5000E+01  0.1281E-01 -0.2639E-01 -0.5000E+01 -0.3284E-01
      0.2199E-01 -0.5000E+01 -0.5000E+01 -0.5000E+01 -0.5000E+01
     -0.5000E+01 -0.5000E+01 -0.5000E+01 -0.5000E+01 -0.5000E+01
     -0.5000E+01 -0.5000E+01 -0.5000E+01 -0.5000E+01 -0.5000E+01
     -0.5000E+01  0.4038E-02  0.1773E-01  0.4094E-01 -0.3497E-02
     -0.5000E+01  0.5012E-01 -0.5000E+01 -0.5000E+01 -0.5000E+01
     -0.5000E+01  0.7693E-01 -0.5000E+01 -0.5000E+01 -0.5000E+01
     -0.5000E+01 -0.6054E-01 -0.4606E-02 -0.5000E+01 -0.5000E+01
     -0.5000E+01 -0.1173E-01 -0.6820E-01 -0.3936E-01 -0.9793E-02
      0.2528E-01  0.9987E-02  0.4269E-02 -0.5000E+01 -0.5000E+01
     -0.5000E+01 -0.5000E+01 -0.5000E+01 -0.5000E+01 -0.5000E+01
     -0.5000E+01 -0.5000E+01 -0.5000E+01 -0.5000E+01 -0.5000E+01
     -0.5000E+01  0.5578E-01  0.1969E-01  0.2520E-01  0.3119E-01
      0.2947E-01  0.3538E-02 -0.2153E-01 -0.5000E+01 -0.5000E+01
     -0.5000E+01 -0.5000E+01 -0.5000E+01 -0.5000E+01  0.6582E-01
      0.1094E-01  0.6593E-01 -0.5000E+01 -0.5000E+01 -0.5000E+01
     -0.5000E+01  0.5313E-01  0.3560E-01  0.4382E-02  0.3577E-01
     -0.3329E-01 -0.7954E-02 -0.4823E-01 -0.5000E+01 -0.5000E+01
     -0.5000E+01  0.9474E-01  0.5836E-01 -0.5000E+01 -0.3764E-01
     -0.5000E+01  0.6155E-03 -0.5000E+01 -0.5000E+01 -0.5000E+01
     -0.5000E+01  0.1899E-01  0.5239E-01  0.1466E-01 -0.7245E-02
      0.9164E-03 -0.1244E-01 -0.2701E-01 -0.5000E+01 -0.5000E+01
     -0.5000E+01  0.6651E-01  0.3665E-01 -0.6830E-03  0.1199E-01
     -0.5718E-01 -0.1292E-01  0.1013E+00 -0.5000E+01 -0.5000E+01
     -0.5000E+01  0.2718E-01  0.3586E-01  0.3180E-01  0.2242E-01
     -0.3234E-01 -0.5857E-03  0.1849E-01 -0.5000E+01 -0.5000E+01
     -0.5000E+01  0.5686E-01  0.1137E-01  0.7634E-01 -0.5000E+01
      0.6546E-01  0.3917E-01 -0.3034E-01 -0.5000E+01 -0.5000E+01
     -0.5000E+01  0.4854E-01  0.5448E-01  0.6160E-01  0.4885E-01
      0.1143E-01  0.1698E-02  0.1350E-01 -0.5000E+01 -0.5000E+01
     -0.5000E+01 -0.5000E+01 -0.5000E+01 -0.5000E+01 -0.5000E+01
     -0.5000E+01 -0.5000E+01 -0.5000E+01 -0.5000E+01 -0.5000E+01
     -0.5000E+01  0.3698E-01  0.4200E-01  0.2004E-02 -0.2574E-01
      0.2761E-02  0.1024E-01  0.1003E-01 -0.4061E-01 -0.5000E+01
     -0.5000E+01 -0.5000E+01 -0.5000E+01  0.6247E-01 -0.5000E+01
     -0.5000E+01 -0.5000E+01 -0.5000E+01 -0.5000E+01 -0.5000E+01
     -0.5000E+01  0.6679E-01  0.2729E-01  0.5670E-01  0.2686E-01
      0.2927E-02  0.1408E-01 -0.2251E-02 -0.1091E-01 -0.5000E+01
     -0.5000E+01  0.9673E-01  0.8800E-01  0.6121E-01  0.3092E-01
      0.3434E-01  0.4390E-01  0.3510E-01 -0.5000E+01 -0.5000E+01
     -0.5000E+01  0.4774E-01  0.6129E-01  0.4632E-01  0.1701E-01
      0.6094E-01  0.3396E-01  0.1649E-01 -0.5000E+01 -0.5000E+01
     -0.5000E+01 -0.5000E+01 -0.5000E+01 -0.5000E+01 -0.5000E+01
     -0.5000E+01 -0.5000E+01 -0.5000E+01 -0.5000E+01 -0.5000E+01
     -0.5000E+01 -0.5000E+01 -0.5000E+01 -0.5000E+01 -0.5000E+01
     -0.5000E+01 -0.5000E+01 -0.5000E+01 -0.5000E+01 -0.5000E+01
     -0.5000E+01 -0.5000E+01 -0.5000E+01 -0.5000E+01 -0.5000E+01
     -0.5000E+01 -0.5000E+01 -0.5000E+01 -0.5000E+01 -0.5000E+01
     -0.5000E+01 -0.5000E+01 -0.5000E+01 -0.5000E+01 -0.5000E+01
     -0.5000E+01 -0.5000E+01 -0.5000E+01 -0.5000E+01 -0.5000E+01
     -0.5000E+01 -0.5000E+01 -0.5000E+01 -0.5000E+01 -0.5000E+01
     -0.5000E+01 -0.5000E+01 -0.5000E+01 -0.5000E+01 -0.5000E+01
     -0.5000E+01 -0.5000E+01 -0.5000E+01 -0.5000E+01 -0.5000E+01
     -0.5000E+01 -0.5000E+01 -0.5000E+01 -0.5000E+01 -0.5000E+01
     -0.5000E+01 -0.5000E+01 -0.5000E+01 -0.5000E+01 -0.5000E+01
     -0.5000E+01 -0.5000E+01 -0.5000E+01 -0.5000E+01 -0.5000E+01
     -0.5000E+01 -0.5000E+01 -0.5000E+01 -0.5000E+01 -0.5000E+01
     -0.5000E+01 -0.5000E+01 -0.5000E+01 -0.5000E+01 -0.5000E+01
     -0.5000E+01 -0.5000E+01 -0.5000E+01 -0.5000E+01 -0.5000E+01
     -0.5000E+01 -0.5000E+01 -0.5000E+01 -0.5000E+01 -0.5000E+01
     -0.5000E+01 -0.5000E+01 -0.5000E+01 -0.5000E+01 -0.5000E+01
     -0.5000E+01 -0.5000E+01 -0.5000E+01 -0.5000E+01 -0.5000E+01
     -0.5000E+01 -0.5000E+01 -0.5000E+01 -0.5000E+01 -0.5000E+01
     -0.5000E+01 -0.5000E+01 -0.5000E+01 -0.5000E+01 -0.5000E+01
     -0.5000E+01 -0.5000E+01 -0.5000E+01 -0.5000E+01 -0.5000E+01
     -0.5000E+01 -0.5000E+01 -0.5000E+01 -0.5000E+01 -0.5000E+01
     -0.5000E+01 -0.5000E+01 -0.5000E+01  0.5427E-02 -0.5000E+01
     -0.5000E+01 -0.5000E+01 -0.5000E+01 -0.5000E+01 -0.5000E+01
     -0.5000E+01 -0.5000E+01 -0.5000E+01  0.3494E-02 -0.3024E-01
      0.1401E-01  0.9416E-02  0.1779E-01 -0.5000E+01 -0.5000E+01
     -0.5000E+01 -0.5000E+01 -0.5000E+01  0.6316E-02  0.5072E-01
     -0.5000E+01 -0.5000E+01  0.1138E-01 -0.5000E+01 -0.5000E+01
     -0.5000E+01 -0.5000E+01 -0.5000E+01  0.6661E-02 -0.5000E+01
      0.5125E-01 -0.1642E-01 -0.5000E+01 -0.5000E+01 -0.5000E+01
     -0.5000E+01 -0.5000E+01 -0.5000E+01 -0.5000E+01 -0.5000E+01
     -0.5000E+01 -0.5000E+01 -0.5000E+01 -0.5000E+01 -0.5000E+01
     -0.5000E+01 -0.5000E+01 -0.5000E+01 -0.1770E-01  0.3792E-01
     -0.5000E+01 -0.5000E+01 -0.5000E+01 -0.5000E+01 -0.5000E+01
     -0.5000E+01  0.7417E-02  0.6985E-03  0.5598E-02  0.6322E-02
      0.1795E-02 -0.7618E-03  0.9580E-02 -0.8751E-02 -0.5000E+01
     -0.5000E+01 -0.3841E-02  0.1294E-02  0.1062E-02 -0.5101E-02
      0.3483E-02 -0.1592E-02 -0.2262E-02 -0.3584E-02 -0.5000E+01
     -0.5000E+01 -0.3912E-02 -0.1762E-02  0.3656E-02 -0.1412E-02
      0.2989E-02  0.2446E-02  0.3292E-02  0.1017E-01 -0.5000E+01
     -0.5000E+01  0.2408E-02  0.2944E-02  0.5356E-02  0.1077E-01
      0.2014E-02  0.4485E-02  0.1786E-02  0.3997E-02 -0.5000E+01
     -0.5000E+01  0.3816E-02  0.8122E-02  0.8627E-02  0.4974E-02
      0.1672E-02  0.5984E-02  0.4948E-03 -0.4021E-02 -0.5000E+01
     -0.5000E+01 -0.7437E-03  0.5227E-02  0.9228E-02  0.7549E-02
      0.6853E-02  0.3979E-02 -0.1881E-02 -0.7113E-03 -0.5000E+01
     -0.5000E+01  0.1740E-02  0.5079E-02  0.4266E-02  0.4199E-02
      0.7034E-03  0.3317E-02 -0.1251E-02 -0.5027E-02 -0.5000E+01
     -0.5000E+01  0.3541E-02  0.1260E-02  0.2074E-02  0.1684E-02
     -0.3486E-02 -0.4714E-02 -0.8868E-02 -0.8784E-02 -0.5000E+01
     -0.5000E+01  0.6900E-02  0.3854E-02  0.7221E-02  0.8081E-02
      0.2403E-02  0.6713E-02  0.2489E-02 -0.4913E-02 -0.5000E+01
     -0.5000E+01  0.1986E-02  0.1216E-02  0.2699E-02  0.4782E-02
      0.5863E-02  0.2016E-02  0.5712E-02  0.4529E-02 -0.5000E+01
     -0.5000E+01  0.1240E-01  0.9777E-02  0.1099E-01  0.5274E-02
      0.8964E-02  0.3204E-02  0.8098E-03 -0.1657E-02 -0.5000E+01
     -0.5000E+01  0.2057E-02  0.2407E-02  0.2490E-02  0.5938E-02
     -0.1407E-02  0.2493E-02  0.1078E-02 -0.6679E-02 -0.5000E+01
     -0.5000E+01  0.4625E-02  0.6092E-02  0.6438E-02  0.4141E-02
      0.5780E-03  0.2601E-02 -0.6396E-02 -0.4112E-02 -0.8205E-02
     -0.3811E-02  0.3922E-02  0.4387E-02  0.3094E-02  0.2773E-02
     -0.1388E-02 -0.2583E-02 -0.5849E-02 -0.7763E-02 -0.2015E-01
     -0.5000E+01  0.4807E-02  0.5026E-02  0.3064E-02  0.7187E-04
     -0.4239E-02 -0.2320E-02 -0.2859E-02 -0.8308E-02 -0.1040E-01
      0.5533E-02  0.8240E-02  0.8447E-02  0.6562E-02  0.4325E-02
      0.1921E-02  0.7793E-03  0.1554E-02 -0.6060E-02 -0.7037E-02
      0.1249E-01  0.9447E-02  0.9571E-02  0.7987E-02  0.4683E-02
      0.4577E-02  0.3854E-02 -0.6173E-03 -0.4047E-02  0.1258E-01
      0.1431E-03  0.6022E-02  0.8647E-02  0.6228E-02  0.4353E-02
      0.3198E-02  0.6351E-03 -0.3275E-02 -0.4076E-02 -0.9523E-02
     -0.5000E+01  0.6821E-02  0.7551E-02  0.6574E-02  0.5365E-02
     -0.1713E-03  0.2384E-02 -0.1606E-02 -0.3334E-02  0.1171E-02
      0.1270E-01  0.4747E-02  0.3613E-02  0.2244E-03  0.2078E-02
     -0.1403E-03 -0.3553E-02 -0.5781E-02 -0.9469E-02 -0.1410E-01
     -0.5000E+01  0.4904E-02  0.6033E-02  0.8725E-03  0.2740E-02
     -0.4311E-02 -0.3242E-02 -0.6415E-02 -0.1066E-01 -0.1550E-01
      0.4361E-02  0.1258E-01  0.1071E-01  0.2003E-02  0.6858E-02
      0.4973E-02 -0.3473E-02 -0.6103E-02 -0.3911E-02 -0.8429E-02
     -0.5000E+01  0.7546E-02  0.8016E-02  0.1150E-01  0.9348E-02
      0.9714E-02  0.3380E-02  0.3667E-03  0.2553E-02 -0.5000E+01
     -0.5000E+01  0.9792E-02  0.7242E-02  0.5866E-02  0.6568E-02
      0.1313E-02  0.7995E-02 -0.1172E-03 -0.4666E-02 -0.3287E-02
     -0.5000E+01  0.5479E-02  0.5985E-02  0.8787E-02  0.6607E-02
      0.8475E-03 -0.1251E-02 -0.4161E-02 -0.6432E-02 -0.9016E-02
     -0.5000E+01  0.7073E-02  0.7641E-02  0.6547E-02  0.4868E-02
      0.7318E-03 -0.3404E-02 -0.2673E-02 -0.1202E-01 -0.1287E-01
     -0.5000E+01  0.7569E-02  0.8028E-02  0.9943E-03  0.3208E-02
     -0.4005E-04 -0.8146E-02 -0.1128E-01 -0.1495E-01 -0.5000E+01
      0.1353E-01  0.9696E-02  0.1240E-01  0.9621E-02  0.2427E-02
      0.3620E-02  0.2571E-02 -0.2438E-02 -0.8812E-02 -0.5000E+01
     -0.5000E+01  0.1319E-01  0.1029E-01  0.1036E-01  0.6910E-02
      0.8768E-02  0.3818E-03  0.8597E-03 -0.6629E-02 -0.5000E+01
     -0.5000E+01  0.8485E-02  0.1102E-01  0.7722E-02  0.9188E-02
      0.1825E-02  0.1018E-02 -0.6239E-02 -0.6192E-02 -0.5000E+01
      0.5328E-02  0.5171E-02  0.5528E-02  0.2005E-02  0.5199E-02
     -0.6568E-03 -0.6526E-04 -0.3730E-02 -0.1088E-01 -0.1081E-01
      0.1720E-01  0.1056E-01  0.5449E-02  0.5685E-02  0.2953E-02
      0.3309E-02 -0.5523E-02 -0.1276E-02 -0.1082E-01 -0.9729E-02
     -0.5000E+01  0.9701E-02  0.9124E-02  0.5655E-02  0.1907E-02
     -0.2290E-02 -0.6578E-02 -0.4758E-02 -0.7166E-02 -0.5000E+01
      0.1798E-01  0.1529E-01  0.1398E-01  0.7285E-02  0.8188E-02
      0.4862E-02  0.2774E-02 -0.3519E-02 -0.6224E-02 -0.7784E-02
     -0.5000E+01  0.1581E-01  0.9260E-02  0.8361E-02  0.8132E-02
      0.8349E-02  0.5528E-02  0.1966E-03 -0.4369E-02 -0.1133E-01
      0.1815E-01  0.1305E-01  0.6365E-02  0.7875E-02  0.6511E-02
      0.4507E-02  0.8792E-04 -0.3670E-02 -0.9096E-02 -0.1059E-01
      0.1338E-02  0.9767E-02  0.3876E-02  0.4709E-02  0.5996E-02
      0.1703E-02  0.2929E-02 -0.4253E-02 -0.6149E-02 -0.1226E-01
      0.9614E-02  0.8078E-02  0.7999E-02  0.7341E-02  0.4213E-02
      0.8989E-03  0.9513E-03 -0.3117E-02 -0.6575E-02 -0.1168E-01
     -0.5000E+01  0.1972E-01  0.4498E-02  0.9392E-03  0.3696E-02
      0.3673E-02 -0.5000E+01 -0.4589E-02 -0.5000E+01 -0.5000E+01
      0.1764E-01  0.1571E-01  0.1134E-01  0.7783E-02  0.8294E-02
      0.4893E-02  0.1950E-02 -0.2063E-02 -0.7461E-02 -0.1054E-01
      0.3255E-01  0.9547E-02  0.4505E-02 -0.1609E-02  0.2863E-02
     -0.1519E-02 -0.1929E-02 -0.6111E-02 -0.1005E-01 -0.1554E-01
      0.1754E-01  0.1027E-01  0.8466E-02  0.7193E-02  0.3191E-02
      0.3435E-02  0.1068E-02 -0.1490E-02 -0.2525E-02 -0.8987E-02
      0.2557E-02  0.3392E-02  0.6666E-02  0.5665E-02  0.4483E-02
      0.2276E-02  0.5943E-03 -0.2534E-02 -0.5744E-02 -0.5495E-02
      0.4067E-02  0.1141E-01  0.8277E-02  0.8373E-02  0.6691E-02
      0.2954E-02  0.7870E-03 -0.3248E-02 -0.8103E-02 -0.1127E-01
     -0.5000E+01  0.1228E-01  0.1212E-01  0.9648E-02  0.7122E-02
      0.2311E-02 -0.3047E-02 -0.1038E-01 -0.1070E-01 -0.5000E+01
      0.2183E-01  0.1576E-01  0.1052E-01  0.8722E-02  0.6819E-02
      0.1914E-02  0.3127E-03 -0.1663E-02 -0.6192E-02 -0.5893E-02
      0.4308E-01  0.1992E-01  0.2023E-01  0.1054E-01  0.7202E-02
      0.8886E-02  0.2872E-02  0.1691E-02 -0.1636E-01 -0.2144E-01
      0.2162E-01  0.1174E-01  0.1002E-01  0.8336E-02  0.6466E-02
      0.6128E-02  0.2404E-02 -0.2191E-02 -0.4394E-02 -0.9389E-02
      0.8413E-02  0.7213E-02  0.3328E-02  0.7044E-02  0.4064E-02
      0.2667E-02 -0.1577E-02 -0.2100E-02 -0.5998E-02 -0.5000E+01
      0.1437E-01  0.1081E-01  0.8700E-02  0.7274E-02  0.9384E-02
      0.5933E-02  0.7630E-03 -0.1860E-02 -0.6544E-02 -0.5000E+01
     -0.5000E+01  0.1264E-01  0.1109E-01  0.1081E-01  0.6348E-02
      0.3398E-02  0.6020E-03 -0.4912E-02 -0.1399E-01 -0.5000E+01
      0.1397E-01  0.1670E-01  0.1105E-01  0.1066E-01  0.6605E-02
      0.5308E-02 -0.2914E-03 -0.4140E-02 -0.4869E-02 -0.4949E-02
      0.4683E-01  0.3329E-01  0.2949E-01  0.2228E-01  0.2351E-01
      0.1433E-01  0.1031E-01  0.2817E-02 -0.7521E-02 -0.5000E+01
      0.2299E-01  0.1328E-01  0.1063E-01  0.1131E-01  0.7699E-02
      0.2908E-02 -0.3805E-03 -0.6936E-03 -0.6744E-02 -0.8392E-02
     -0.5000E+01  0.1673E-01  0.1280E-01 -0.2219E-01  0.3974E-02
      0.9366E-02 -0.7507E-02 -0.3349E-01 -0.4010E-02 -0.5000E+01
      0.3316E-01  0.1499E-01  0.6557E-02  0.1604E-01  0.8373E-02
      0.3978E-02 -0.2044E-02 -0.8159E-02 -0.7103E-02 -0.5000E+01
     -0.5000E+01  0.1292E-01  0.2953E-01  0.1565E-01  0.2491E-01
      0.2115E-01  0.6221E-02 -0.1268E-01 -0.1119E-01 -0.5000E+01
      0.6720E-01  0.1995E-01  0.1419E-01 -0.2218E-03  0.1272E-01
      0.4484E-02 -0.3482E-02 -0.2759E-02 -0.1548E-01 -0.5000E+01
      0.1467E+00  0.2902E-01  0.2128E-01  0.1856E-01  0.4806E-01
      0.9146E-02  0.1625E-01  0.2129E-02  0.5620E-02 -0.5000E+01
      0.7763E-01  0.1705E-01  0.2260E-01  0.9553E-02  0.8023E-02
      0.2179E-01  0.1148E-01  0.6106E-02  0.1025E-01 -0.5000E+01
     -0.5000E+01 -0.5000E+01 -0.5000E+01 -0.5000E+01 -0.5000E+01
     -0.5000E+01 -0.5000E+01 -0.5000E+01 -0.5000E+01 -0.5000E+01
     -0.5000E+01 -0.5000E+01 -0.5000E+01 -0.5000E+01 -0.5000E+01
     -0.5000E+01 -0.5000E+01 -0.5000E+01 -0.5000E+01 -0.5000E+01
     -0.5000E+01 -0.5000E+01 -0.5000E+01 -0.5000E+01 -0.5000E+01
     -0.5000E+01 -0.5000E+01 -0.5000E+01 -0.5000E+01 -0.5000E+01
     -0.5000E+01 -0.5000E+01 -0.5000E+01 -0.5000E+01 -0.5000E+01
     -0.5000E+01 -0.5000E+01 -0.5000E+01 -0.5000E+01 -0.5000E+01
     -0.5000E+01 -0.5000E+01 -0.5000E+01 -0.5000E+01 -0.5000E+01
     -0.5000E+01 -0.5000E+01 -0.5000E+01 -0.5000E+01 -0.5000E+01
     -0.5000E+01 -0.5000E+01 -0.5000E+01 -0.5000E+01 -0.5000E+01
     -0.5000E+01 -0.5000E+01 -0.5000E+01 -0.5000E+01 -0.5000E+01
     -0.5000E+01 -0.5000E+01 -0.5000E+01 -0.5000E+01 -0.5000E+01
     -0.5000E+01 -0.5000E+01 -0.5000E+01 -0.5000E+01 -0.5000E+01
     -0.5000E+01 -0.5000E+01 -0.5000E+01 -0.5000E+01 -0.5000E+01
     -0.5000E+01 -0.5000E+01 -0.5000E+01 -0.5000E+01 -0.5000E+01
     -0.5000E+01 -0.5000E+01 -0.5000E+01 -0.5000E+01 -0.5000E+01
     -0.5000E+01 -0.5000E+01 -0.5000E+01 -0.5000E+01 -0.5000E+01
     -0.5000E+01 -0.5000E+01 -0.5000E+01 -0.5000E+01 -0.5000E+01
     -0.5000E+01 -0.5000E+01 -0.5000E+01 -0.5000E+01 -0.5000E+01
     -0.5000E+01 -0.5000E+01 -0.5000E+01 -0.5000E+01 -0.5000E+01
     -0.5000E+01 -0.5000E+01 -0.5000E+01 -0.5000E+01 -0.5000E+01
     -0.5000E+01 -0.5000E+01 -0.5000E+01 -0.5000E+01 -0.5000E+01
     -0.5000E+01 -0.5000E+01 -0.5000E+01 -0.5000E+01 -0.5000E+01
     -0.5000E+01  0.1117E-02  0.1745E-02  0.5112E-02  0.2433E-02
      0.2478E-02 -0.4228E-03 -0.5138E-02 -0.1182E-01 -0.5000E+01
     -0.5000E+01 -0.2102E-02 -0.6052E-02  0.2374E-03 -0.2524E-02
     -0.3809E-02 -0.4778E-02 -0.4275E-02 -0.1328E-02 -0.5000E+01
     -0.5000E+01 -0.7072E-03  0.4255E-03  0.4855E-03 -0.7958E-03
     -0.1097E-02  0.7662E-03 -0.1946E-02  0.3276E-03 -0.5000E+01
     -0.5000E+01  0.2768E-02  0.4565E-02  0.4640E-02  0.4799E-03
      0.2454E-02  0.1018E-02  0.3934E-03 -0.1615E-02 -0.5000E+01
     -0.5000E+01  0.4129E-02  0.9735E-03  0.4547E-02  0.4781E-02
      0.6309E-02  0.2301E-02  0.1764E-02 -0.1746E-02 -0.5000E+01
     -0.5000E+01 -0.7034E-02 -0.2475E-02 -0.1840E-02 -0.3069E-02
      0.1030E-02  0.1928E-02 -0.3155E-02  0.2763E-03 -0.5000E+01
     -0.5000E+01  0.3634E-03  0.1862E-02  0.4918E-02  0.9835E-03
      0.1486E-02 -0.2299E-02 -0.1842E-02 -0.6359E-02 -0.5000E+01
     -0.5000E+01 -0.1014E-02 -0.1207E-02 -0.1748E-02 -0.3526E-02
     -0.4837E-02 -0.3952E-02 -0.6178E-02 -0.8796E-02 -0.1260E-01
     -0.5000E+01  0.5220E-03  0.1226E-02 -0.4001E-03  0.1496E-02
      0.1875E-02 -0.5795E-03 -0.4495E-02 -0.1501E-02 -0.5000E+01
     -0.5000E+01  0.3068E-02  0.4165E-02  0.2823E-02  0.4203E-02
      0.2684E-02  0.1466E-02 -0.1480E-02 -0.2247E-02 -0.2074E-01
     -0.5000E+01  0.4415E-02  0.3954E-02  0.4489E-02  0.2762E-02
      0.3765E-02  0.2889E-03 -0.1501E-02 -0.3048E-02 -0.1199E-01
     -0.5000E+01 -0.3749E-02 -0.2540E-02 -0.1242E-03 -0.8934E-03
     -0.1199E-02 -0.1162E-02 -0.2915E-02 -0.5072E-02 -0.1668E-01
      0.3396E-02  0.6756E-04  0.2807E-02  0.2237E-02  0.1424E-02
      0.4129E-04 -0.2827E-02 -0.5473E-02 -0.4668E-02 -0.1641E-01
      0.8058E-02  0.1113E-02 -0.2086E-03 -0.1356E-02 -0.1727E-02
     -0.1710E-02 -0.4634E-02 -0.5568E-02 -0.8425E-02 -0.1227E-01
     -0.5000E+01  0.2385E-02 -0.4009E-03  0.5298E-02 -0.1098E-02
     -0.3323E-02 -0.2946E-02 -0.3021E-02 -0.9055E-02 -0.5000E+01
      0.3926E-02  0.5969E-02  0.5558E-02  0.4735E-02  0.2102E-02
      0.1031E-02 -0.1747E-02 -0.3076E-02 -0.3483E-02 -0.1172E-01
      0.4088E-02  0.7514E-02  0.6138E-02  0.5196E-02  0.3973E-02
      0.3913E-03 -0.5412E-03  0.7030E-03 -0.4954E-02 -0.7982E-02
      0.4937E-03 -0.1259E-02  0.2060E-02  0.3477E-02  0.4223E-03
     -0.9608E-03 -0.3039E-02 -0.3421E-02 -0.4994E-02 -0.1041E-01
     -0.8102E-03  0.2863E-02  0.4439E-02  0.2073E-02  0.3712E-03
     -0.9405E-03 -0.1644E-03 -0.2505E-02 -0.4797E-02 -0.4359E-02
      0.1852E-02  0.2905E-02  0.2691E-02 -0.5689E-04 -0.5431E-03
     -0.4323E-03 -0.3904E-02 -0.6582E-02 -0.9240E-02 -0.1405E-01
      0.2917E-02  0.5795E-02  0.4048E-02  0.2152E-02  0.2416E-02
     -0.1907E-02 -0.4054E-02 -0.6936E-02 -0.9507E-02 -0.1049E-01
      0.9966E-02  0.6983E-02  0.8001E-02  0.3801E-02  0.4171E-02
      0.4087E-02  0.3194E-03 -0.3946E-02 -0.4938E-02 -0.9501E-02
      0.3874E-02  0.8163E-02  0.8018E-02  0.5038E-02  0.7862E-02
      0.6077E-02  0.1806E-02 -0.1382E-02 -0.1438E-02 -0.3026E-02
      0.6908E-03  0.3683E-02  0.6945E-03  0.4692E-02  0.2524E-02
      0.6885E-03  0.1833E-02 -0.3036E-02 -0.6814E-02 -0.9330E-02
     -0.5000E+01  0.3664E-02  0.4819E-02  0.4501E-02  0.5681E-02
      0.1000E-02 -0.1484E-02 -0.3412E-02 -0.6589E-02 -0.6052E-02
      0.2313E-02  0.9554E-02  0.2873E-02  0.5265E-02  0.1793E-02
     -0.1191E-03 -0.6717E-02 -0.7225E-02 -0.9443E-02 -0.1494E-01
      0.1021E-01  0.8030E-02  0.6307E-02  0.5442E-02  0.1796E-03
     -0.5568E-03 -0.5813E-02 -0.8374E-02 -0.8709E-02 -0.1402E-01
      0.1149E-01  0.1157E-01  0.9289E-02  0.8592E-02  0.5064E-02
      0.3870E-02  0.4051E-04 -0.2775E-02 -0.6722E-02 -0.4474E-02
      0.1207E-01  0.1069E-01  0.9209E-02  0.9348E-02  0.7881E-02
      0.4882E-02  0.6332E-02  0.1103E-02 -0.3007E-02 -0.9191E-02
     -0.8675E-03  0.7310E-02  0.7573E-02  0.3521E-02  0.3065E-02
      0.1879E-02 -0.5663E-03 -0.3514E-02 -0.4325E-02 -0.1944E-02
      0.5020E-02  0.3553E-02  0.2987E-02  0.6076E-02  0.2848E-02
      0.3027E-02  0.3726E-03 -0.2792E-02 -0.4204E-02 -0.7243E-02
      0.9418E-02  0.1108E-01  0.7219E-02  0.4806E-02  0.4799E-02
     -0.2537E-03 -0.1731E-02 -0.6834E-02 -0.1092E-01 -0.1060E-01
      0.1155E-01  0.9965E-02  0.5777E-02  0.1656E-02  0.9230E-03
     -0.2604E-02 -0.9109E-02 -0.8813E-02 -0.1096E-01 -0.2194E-01
      0.1386E-01  0.1257E-01  0.1118E-01  0.9400E-02  0.6759E-02
      0.5518E-02  0.8897E-03 -0.4931E-02 -0.6873E-02 -0.9943E-02
      0.7620E-02  0.6538E-02  0.9372E-02  0.7872E-02  0.6930E-02
      0.6178E-02  0.3067E-02  0.2649E-02 -0.2252E-02 -0.3736E-02
      0.7835E-02  0.6837E-02  0.7324E-02  0.3465E-02  0.2672E-02
      0.1958E-02 -0.6380E-03 -0.3017E-02 -0.7090E-02 -0.8561E-02
      0.6210E-02  0.2944E-02  0.3146E-02  0.3224E-02  0.1746E-02
      0.1684E-02  0.3944E-02 -0.1619E-02 -0.4619E-02 -0.7095E-02
      0.1313E-01  0.1028E-01  0.8791E-02  0.6917E-02  0.3028E-02
      0.1594E-02 -0.5002E-03 -0.4125E-02 -0.8175E-02 -0.1307E-01
      0.1552E-01  0.1347E-01  0.1016E-01  0.8553E-02  0.3406E-02
     -0.1274E-02 -0.2471E-02 -0.1039E-01 -0.1619E-01 -0.1408E-01
      0.1881E-01  0.1392E-01  0.9660E-02  0.9179E-02  0.6098E-02
      0.5675E-02  0.2765E-03 -0.2791E-02 -0.8900E-02 -0.1179E-01
      0.1266E-01  0.1063E-01  0.1034E-01  0.9385E-02  0.5240E-02
      0.3582E-02  0.3374E-02 -0.3774E-03 -0.5337E-02 -0.8607E-02
      0.5622E-02  0.9187E-02  0.6105E-02  0.6035E-02  0.3263E-02
      0.1556E-02 -0.1262E-02 -0.1275E-02 -0.6221E-02 -0.7464E-02
     -0.9643E-03  0.3502E-02  0.2326E-02 -0.7316E-04  0.4254E-02
      0.1268E-02  0.1114E-03 -0.1860E-02 -0.4765E-02 -0.5157E-02
      0.1388E-01  0.9235E-02  0.7136E-02  0.6205E-02  0.4589E-02
      0.2652E-02  0.9209E-03 -0.1792E-02 -0.8180E-02 -0.9670E-02
     -0.5000E+01  0.8509E-02  0.8493E-02  0.4038E-02  0.3503E-02
      0.7429E-02 -0.5670E-02 -0.1023E-01 -0.1193E-01 -0.5000E+01
      0.1714E-01  0.1173E-01  0.1091E-01  0.6793E-02  0.6125E-02
      0.3158E-02  0.3681E-03 -0.3141E-02 -0.7936E-02 -0.1107E-01
      0.2194E-01  0.5365E-02  0.2831E-02  0.1915E-02  0.3018E-02
     -0.1408E-02 -0.6774E-02 -0.7169E-02 -0.1372E-01 -0.2127E-01
      0.1132E-01  0.7143E-02  0.3998E-02  0.4152E-02  0.3490E-02
      0.1073E-02  0.1343E-02 -0.3831E-02 -0.6839E-02 -0.1071E-01
      0.4298E-02  0.2327E-02  0.2684E-02  0.1936E-02  0.7296E-04
     -0.1689E-02 -0.1623E-02 -0.2535E-03 -0.4507E-02 -0.6343E-02
      0.7973E-02  0.8202E-02  0.7108E-02  0.6920E-02  0.6473E-02
      0.6925E-02  0.2073E-02 -0.2883E-02 -0.7084E-02 -0.7542E-02
     -0.5000E+01  0.1155E-01  0.1130E-01  0.7623E-02  0.4787E-02
      0.1573E-02 -0.3470E-02 -0.9519E-02 -0.1198E-01 -0.1792E-01
      0.1399E-01  0.1258E-01  0.1185E-01  0.7283E-02  0.7778E-02
      0.2304E-02  0.6673E-03 -0.3496E-02 -0.8473E-02 -0.8851E-02
      0.4218E-01  0.1636E-01  0.1172E-02  0.3952E-02  0.3683E-03
     -0.5653E-02  0.1472E-02 -0.3226E-02 -0.2085E-01 -0.3202E-01
      0.1342E-01  0.8936E-02  0.9766E-02  0.5148E-02  0.3910E-02
      0.1838E-02 -0.5928E-03 -0.4433E-02 -0.9229E-02 -0.1324E-01
      0.1596E-02  0.1114E-02  0.1265E-02 -0.5012E-02 -0.1998E-02
      0.2894E-02 -0.5548E-03 -0.2384E-02 -0.8053E-02 -0.5000E+01
      0.4591E-02  0.8895E-02  0.6426E-02  0.6693E-02  0.6863E-02
      0.6049E-02  0.3289E-02  0.1001E-02 -0.4002E-02 -0.6507E-02
     -0.5000E+01  0.1062E-01  0.8673E-02 -0.5000E+01 -0.5000E+01
     -0.5000E+01 -0.5000E+01 -0.5169E-02 -0.9479E-02 -0.5000E+01
      0.1562E-01  0.1191E-01  0.9989E-02  0.8860E-02  0.7597E-02
      0.4533E-02  0.2381E-02 -0.3141E-02 -0.5307E-02 -0.8080E-02
      0.5109E-01  0.2014E-01  0.1332E-01  0.9354E-02  0.3843E-02
      0.8635E-02  0.3655E-02 -0.3353E-02 -0.9249E-02 -0.2749E-01
      0.2030E-01  0.9447E-02  0.8279E-02  0.7131E-02  0.6504E-02
      0.2565E-02 -0.2253E-03 -0.4376E-02 -0.8524E-02 -0.1168E-01
     -0.5000E+01 -0.5000E+01 -0.5000E+01 -0.5000E+01 -0.5000E+01
     -0.5000E+01 -0.5000E+01 -0.5000E+01 -0.9877E-02 -0.5000E+01
     -0.5000E+01  0.2859E-02  0.3488E-02  0.5297E-02  0.9287E-02
      0.5423E-02  0.5952E-02  0.1254E-03 -0.4431E-02 -0.5000E+01
     -0.5000E+01  0.1229E-01  0.5803E-02  0.5706E-02  0.5978E-03
     -0.3711E-02 -0.4930E-02 -0.5873E-02 -0.1083E-01 -0.5000E+01
     -0.5000E+01  0.1127E-01  0.1257E-01  0.9943E-02  0.6766E-02
      0.5246E-02  0.8987E-03 -0.2727E-02 -0.3655E-02 -0.5000E+01
     -0.5000E+01  0.1523E-01  0.1420E-01  0.1631E-01  0.1210E-01
      0.8183E-02  0.4287E-02 -0.1945E-02 -0.5709E-02 -0.5000E+01
     -0.5000E+01  0.8452E-02  0.6475E-02  0.4633E-02  0.2077E-02
     -0.4742E-02 -0.2763E-02 -0.8288E-02 -0.1082E-01 -0.5000E+01
     -0.5000E+01 -0.5000E+01 -0.5000E+01 -0.5000E+01 -0.5000E+01
     -0.5000E+01 -0.5000E+01 -0.5000E+01 -0.5000E+01 -0.5000E+01
     -0.5000E+01 -0.5000E+01 -0.5000E+01 -0.5000E+01 -0.5000E+01
     -0.5000E+01 -0.5000E+01 -0.5000E+01 -0.5000E+01 -0.5000E+01
     -0.5000E+01 -0.5000E+01 -0.5000E+01 -0.5000E+01 -0.5000E+01
     -0.5000E+01 -0.5000E+01 -0.5000E+01 -0.5000E+01 -0.5000E+01
     -0.5000E+01 -0.5000E+01 -0.5000E+01 -0.5000E+01 -0.5000E+01
     -0.5000E+01 -0.5000E+01 -0.5000E+01 -0.5000E+01 -0.5000E+01
     -0.5000E+01 -0.5000E+01 -0.5000E+01 -0.5000E+01 -0.5000E+01
     -0.5000E+01 -0.5000E+01 -0.5000E+01 -0.5000E+01 -0.5000E+01
     -0.5000E+01 -0.5000E+01 -0.5000E+01 -0.5000E+01 -0.5000E+01
     -0.5000E+01 -0.5000E+01 -0.5000E+01 -0.5000E+01 -0.5000E+01
     -0.5000E+01 -0.5000E+01 -0.5000E+01 -0.7945E-03  0.3601E-03
     -0.5601E-02 -0.3773E-02 -0.4248E-02 -0.5000E+01 -0.5000E+01
     -0.5000E+01 -0.5000E+01  0.3868E-02 -0.7238E-02 -0.1246E-02
     -0.5532E-02 -0.8853E-02 -0.2277E-02 -0.5000E+01 -0.5000E+01
     -0.5000E+01 -0.5000E+01 -0.4215E-02 -0.4312E-02 -0.3081E-02
      0.6864E-03  0.1608E-04 -0.2243E-02 -0.5000E+01 -0.5000E+01
     -0.5000E+01 -0.5000E+01  0.5980E-02  0.8595E-02 -0.2594E-03
      0.1826E-02  0.5669E-02  0.2503E-02 -0.5000E+01 -0.5000E+01
     -0.5000E+01 -0.5000E+01 -0.5000E+01 -0.5262E-02  0.2045E-02
      0.9591E-03 -0.1057E-01 -0.5000E+01 -0.5000E+01 -0.5000E+01
     -0.5000E+01 -0.5000E+01 -0.7882E-03 -0.4908E-02 -0.1425E-02
      0.1318E-02 -0.6839E-02  0.1098E-02 -0.5000E+01 -0.5000E+01
     -0.5000E+01  0.1127E-02 -0.3531E-03  0.3284E-02  0.1110E-02
      0.7072E-03 -0.3224E-02 -0.5330E-02 -0.8924E-02 -0.5000E+01
     -0.5000E+01 -0.2331E-02 -0.1875E-02 -0.3661E-02 -0.2463E-02
     -0.4392E-02 -0.3635E-02 -0.5689E-02 -0.6475E-02 -0.5000E+01
     -0.5000E+01 -0.3816E-02 -0.1411E-02 -0.1512E-02 -0.9893E-03
     -0.1687E-02 -0.9191E-03  0.2916E-03 -0.2273E-02 -0.5000E+01
     -0.5000E+01  0.7988E-03  0.1749E-02  0.2616E-02  0.3565E-02
      0.1533E-02  0.1054E-02 -0.5754E-03 -0.1205E-02 -0.5000E+01
     -0.5000E+01  0.2058E-02  0.2603E-02  0.2000E-02  0.3148E-02
      0.1716E-02  0.8412E-03  0.5090E-04  0.1017E-02 -0.5000E+01
     -0.5000E+01 -0.9180E-02 -0.3020E-02 -0.2044E-02 -0.2321E-02
     -0.4119E-02 -0.2634E-02 -0.3779E-02 -0.6101E-02 -0.5000E+01
     -0.5000E+01 -0.3024E-03  0.1713E-02  0.1777E-03 -0.1002E-02
     -0.9248E-03 -0.2191E-02 -0.4736E-02 -0.8201E-02 -0.5000E+01
     -0.5000E+01 -0.2078E-02 -0.1009E-02 -0.2122E-02 -0.2975E-02
     -0.3578E-02 -0.3170E-02 -0.5969E-02 -0.8253E-02 -0.1687E-01
     -0.5000E+01  0.1112E-02  0.1697E-03 -0.5946E-03 -0.1330E-02
     -0.1155E-02 -0.3804E-03 -0.2665E-02 -0.2955E-02 -0.5000E+01
     -0.5000E+01 -0.6822E-04  0.2524E-02  0.1051E-02  0.1697E-02
      0.5302E-03 -0.4804E-04 -0.3446E-02 -0.4015E-02 -0.1007E-01
     -0.5000E+01  0.3294E-02  0.4806E-02  0.4083E-02  0.2913E-02
      0.1045E-02  0.3138E-04 -0.3582E-02 -0.4968E-02 -0.1156E-01
     -0.5000E+01 -0.4521E-02 -0.3452E-02 -0.3979E-03 -0.2695E-02
     -0.2307E-02 -0.1141E-02 -0.4456E-02 -0.5379E-02 -0.1492E-01
     -0.4143E-02  0.1494E-02  0.2512E-02  0.1667E-02 -0.1477E-02
      0.1130E-02 -0.1903E-02 -0.4763E-02 -0.6411E-02 -0.1583E-01
      0.3351E-02  0.4205E-03  0.1176E-02 -0.5511E-03 -0.1184E-02
     -0.2816E-02 -0.4455E-02 -0.6632E-02 -0.9652E-02 -0.1829E-01
     -0.5000E+01  0.2635E-02  0.3926E-02  0.1607E-02  0.2547E-02
      0.4482E-03 -0.4805E-02 -0.7078E-02 -0.9012E-02 -0.5000E+01
      0.8226E-02  0.5241E-02  0.4629E-02  0.3183E-02  0.2744E-02
      0.1329E-03 -0.1545E-02 -0.5180E-02 -0.8050E-02 -0.1446E-01
      0.4844E-02  0.5494E-02  0.4750E-02  0.4168E-02  0.4035E-02
      0.1426E-02  0.7807E-03 -0.2289E-02 -0.4940E-02 -0.8437E-02
     -0.4631E-02  0.9797E-03 -0.3637E-03  0.8994E-03  0.9050E-03
     -0.1022E-02 -0.2461E-02 -0.5005E-02 -0.5444E-02 -0.9443E-02
      0.5447E-02 -0.2168E-03  0.9710E-03  0.1091E-02  0.2391E-03
      0.2150E-02  0.1379E-02 -0.4707E-02 -0.3340E-02 -0.3917E-02
     -0.4445E-03  0.3852E-02  0.2576E-02  0.1328E-02  0.4356E-03
     -0.1291E-02 -0.4153E-02 -0.6735E-02 -0.1014E-01 -0.1236E-01
      0.2354E-02  0.7083E-02  0.4599E-02  0.4076E-02  0.2842E-02
     -0.1128E-03 -0.5015E-02 -0.8640E-02 -0.9219E-02 -0.1339E-01
      0.7203E-02  0.9131E-02  0.7724E-02  0.5240E-02  0.2978E-02
      0.3788E-02 -0.1664E-02 -0.4085E-02 -0.8475E-02 -0.1181E-01
      0.8805E-02  0.7404E-02  0.8878E-02  0.6420E-02  0.4097E-02
      0.5464E-02  0.2223E-02 -0.9817E-03 -0.3857E-02 -0.4543E-02
     -0.3302E-02  0.3614E-02  0.3493E-02  0.4385E-02  0.3487E-02
      0.1464E-02 -0.1658E-02 -0.4638E-02 -0.6573E-02 -0.9481E-02
     -0.5000E+01  0.4959E-02  0.2289E-02  0.5365E-02  0.3325E-02
      0.2025E-02  0.2338E-02 -0.3623E-02 -0.3571E-02 -0.4918E-02
      0.7719E-02  0.6707E-02  0.6604E-02  0.4900E-02  0.4214E-02
     -0.2922E-03 -0.1043E-02 -0.5128E-02 -0.7867E-02 -0.1121E-01
      0.9358E-02  0.7778E-02  0.7093E-02  0.1691E-02 -0.5203E-03
     -0.4453E-02 -0.4921E-02 -0.1108E-01 -0.1496E-01 -0.1662E-01
      0.8764E-02  0.1328E-01  0.8639E-02  0.7664E-02  0.8160E-02
      0.3735E-02  0.1342E-02 -0.4043E-02 -0.7298E-02 -0.8582E-02
      0.1368E-01  0.7911E-02  0.8129E-02  0.9702E-02  0.9450E-02
      0.5511E-02  0.5395E-02 -0.9072E-03 -0.2584E-02 -0.1501E-02
      0.7276E-02  0.7353E-02  0.4877E-02  0.4472E-02  0.2762E-02
      0.7583E-03 -0.3653E-03 -0.2147E-02 -0.7198E-02 -0.9033E-02
      0.1650E-02  0.3486E-02  0.5586E-02  0.1665E-02  0.7226E-02
      0.4011E-02  0.3184E-02  0.1526E-03 -0.4610E-02 -0.5320E-02
      0.9195E-02  0.1206E-01  0.6977E-02  0.6248E-02  0.4306E-02
      0.2549E-02 -0.1106E-02 -0.4970E-02 -0.9777E-02 -0.1257E-01
      0.6227E-02  0.1346E-01  0.8949E-02  0.3166E-02  0.9891E-03
     -0.3326E-02 -0.7131E-02 -0.1172E-01 -0.1342E-01 -0.1808E-01
      0.1831E-01  0.1480E-01  0.1074E-01  0.1129E-01  0.5708E-02
      0.3025E-02  0.3514E-03 -0.2970E-02 -0.6295E-02 -0.7263E-02
      0.1039E-01  0.7437E-02  0.8957E-02  0.7333E-02  0.8474E-02
      0.9313E-02  0.7626E-02  0.9849E-03 -0.1137E-02 -0.3060E-02
      0.5256E-02  0.6023E-02  0.8147E-02  0.3326E-02  0.5716E-02
      0.1611E-02 -0.9311E-03 -0.4321E-02 -0.7174E-02 -0.9280E-02
      0.1055E-02  0.3316E-02  0.5422E-03  0.3617E-02  0.1580E-02
      0.3279E-02  0.2726E-02  0.1037E-02 -0.1660E-02 -0.5730E-03
      0.1144E-01  0.1050E-01  0.8826E-02  0.8046E-02  0.4564E-02
      0.3361E-02 -0.1034E-02 -0.2085E-02 -0.5491E-02 -0.9962E-02
     -0.5000E+01  0.1180E-01  0.7938E-02  0.6892E-02 -0.1916E-03
     -0.2911E-02 -0.4193E-02 -0.7698E-02 -0.1400E-01 -0.5000E+01
      0.1355E-01  0.1476E-01  0.1155E-01  0.7288E-02  0.6246E-02
      0.2517E-02 -0.1809E-02 -0.5774E-02 -0.5395E-02 -0.1003E-01
      0.1086E-01  0.1019E-01  0.6557E-02  0.8519E-02  0.2042E-02
      0.3772E-02  0.4293E-02  0.1379E-02 -0.4447E-02 -0.1037E-01
      0.8677E-02  0.6578E-02  0.3455E-02  0.4839E-02  0.3697E-03
     -0.4850E-03 -0.3434E-03 -0.4340E-02 -0.7861E-02 -0.7901E-02
     -0.5000E+01 -0.2588E-02  0.8647E-03 -0.3232E-02  0.1323E-02
      0.1185E-02  0.2657E-03 -0.2725E-02 -0.2438E-02 -0.5000E+01
     -0.5000E+01  0.9027E-02  0.1108E-01  0.7102E-02  0.8764E-02
      0.4195E-02  0.1803E-02  0.3645E-03 -0.2637E-02 -0.1031E-01
     -0.5000E+01 -0.5000E+01 -0.5000E+01 -0.5000E+01 -0.5000E+01
     -0.5000E+01 -0.5000E+01 -0.5000E+01 -0.5000E+01 -0.5000E+01
     -0.5000E+01  0.1031E-01  0.6987E-02  0.4952E-02  0.2349E-02
      0.3190E-02 -0.4603E-02 -0.1222E-02 -0.7206E-02 -0.1214E-01
     -0.5000E+01 -0.9098E-03 -0.4490E-02 -0.6082E-02 -0.8153E-02
     -0.1921E-02 -0.4197E-02 -0.1696E-01 -0.1894E-01 -0.2207E-01
     -0.5000E+01  0.6970E-02  0.6781E-02  0.4056E-02 -0.2807E-03
      0.2718E-03 -0.3733E-02 -0.3235E-02 -0.9290E-02 -0.1191E-01
     -0.5000E+01 -0.4083E-02 -0.5000E+01 -0.5000E+01 -0.5000E+01
     -0.5000E+01 -0.5000E+01 -0.5000E+01 -0.7738E-02 -0.5000E+01
     -0.5000E+01  0.1612E-01  0.2391E-01 -0.5000E+01 -0.5000E+01
     -0.5000E+01 -0.5000E+01  0.1991E-01  0.8801E-02 -0.5000E+01
     -0.5000E+01 -0.5000E+01 -0.5000E+01 -0.5000E+01 -0.5000E+01
     -0.5000E+01 -0.5000E+01 -0.5000E+01 -0.5000E+01 -0.5000E+01
     -0.5000E+01  0.1405E-01 -0.5000E+01 -0.5000E+01 -0.5000E+01
     -0.5000E+01 -0.5000E+01  0.5568E-02  0.4538E-02 -0.5000E+01
     -0.5000E+01 -0.5000E+01 -0.5000E+01 -0.5000E+01 -0.5000E+01
     -0.5000E+01 -0.5000E+01 -0.5000E+01 -0.5000E+01 -0.5000E+01
     -0.5000E+01  0.7097E-02 -0.5000E+01 -0.5000E+01 -0.5000E+01
     -0.5000E+01 -0.5000E+01 -0.5000E+01 -0.1071E-01 -0.5000E+01
     -0.5000E+01 -0.5000E+01 -0.5000E+01 -0.5000E+01 -0.5000E+01
     -0.5000E+01 -0.5000E+01 -0.5000E+01 -0.5000E+01 -0.5000E+01
     -0.5000E+01 -0.5000E+01 -0.5000E+01 -0.5000E+01 -0.5000E+01
     -0.5000E+01 -0.5000E+01 -0.5000E+01 -0.5000E+01 -0.5000E+01
     -0.5000E+01 -0.5000E+01 -0.5000E+01 -0.5000E+01 -0.5000E+01
     -0.5000E+01 -0.5000E+01 -0.5000E+01 -0.5000E+01 -0.5000E+01
     -0.5000E+01 -0.5000E+01 -0.5000E+01 -0.5000E+01 -0.5000E+01
     -0.5000E+01 -0.5000E+01 -0.5000E+01 -0.5000E+01 -0.5000E+01
     -0.5000E+01 -0.5000E+01 -0.5000E+01 -0.5000E+01 -0.5000E+01
     -0.5000E+01 -0.5000E+01 -0.5000E+01 -0.5000E+01 -0.5000E+01
     -0.5000E+01 -0.5000E+01 -0.5000E+01 -0.5000E+01 -0.5000E+01
     -0.5000E+01 -0.5000E+01 -0.5000E+01 -0.5000E+01 -0.5000E+01
     -0.5000E+01 -0.5000E+01 -0.5000E+01 -0.5000E+01 -0.5000E+01
     -0.5000E+01 -0.5000E+01 -0.5000E+01 -0.5000E+01 -0.5000E+01
     -0.5000E+01 -0.5000E+01 -0.5000E+01 -0.5000E+01 -0.5000E+01
     -0.5000E+01 -0.5000E+01 -0.5000E+01 -0.5000E+01 -0.5000E+01
     -0.5000E+01 -0.5000E+01 -0.5000E+01 -0.5000E+01 -0.5000E+01
     -0.5000E+01 -0.5000E+01 -0.5000E+01 -0.5000E+01 -0.5000E+01
     -0.5000E+01 -0.5000E+01 -0.5000E+01 -0.5000E+01 -0.5000E+01
     -0.5000E+01 -0.5000E+01 -0.5000E+01 -0.5000E+01 -0.5000E+01
     -0.5000E+01 -0.5000E+01 -0.5000E+01 -0.5000E+01 -0.5000E+01
     -0.5000E+01 -0.5000E+01 -0.5000E+01 -0.5000E+01 -0.5000E+01
     -0.5000E+01 -0.5000E+01 -0.5000E+01 -0.5000E+01 -0.5000E+01
     -0.5000E+01 -0.5000E+01 -0.5000E+01 -0.5000E+01 -0.5000E+01
     -0.5000E+01 -0.5000E+01 -0.5000E+01 -0.5000E+01 -0.5000E+01
     -0.5000E+01 -0.5000E+01 -0.5000E+01 -0.5000E+01 -0.5000E+01
     -0.5000E+01 -0.5000E+01 -0.5000E+01 -0.5000E+01 -0.5000E+01
     -0.5000E+01 -0.5000E+01 -0.5000E+01 -0.5000E+01 -0.5000E+01
     -0.5000E+01 -0.5000E+01 -0.5000E+01 -0.5000E+01 -0.5000E+01
     -0.5000E+01 -0.5000E+01 -0.5000E+01 -0.5000E+01 -0.5000E+01
     -0.5000E+01 -0.5000E+01 -0.5000E+01 -0.5000E+01 -0.5000E+01
     -0.5000E+01 -0.5000E+01 -0.5000E+01 -0.5000E+01 -0.5000E+01
     -0.5000E+01 -0.5000E+01 -0.5000E+01 -0.5000E+01 -0.5000E+01
     -0.5000E+01 -0.5000E+01 -0.5000E+01 -0.5000E+01 -0.5000E+01
     -0.5000E+01 -0.5000E+01 -0.5000E+01 -0.5000E+01 -0.5000E+01
     -0.5000E+01 -0.5000E+01 -0.5000E+01 -0.5000E+01 -0.5000E+01
     -0.5000E+01 -0.5000E+01  0.2165E-02  0.1058E-02 -0.1054E-02
      0.7713E-03 -0.8150E-02 -0.8474E-02 -0.5000E+01 -0.5000E+01
     -0.5000E+01 -0.5000E+01 -0.8569E-02 -0.3268E-02 -0.9842E-03
     -0.3361E-02 -0.7198E-02 -0.4093E-02 -0.5000E+01 -0.5000E+01
     -0.5000E+01 -0.5000E+01 -0.3792E-02 -0.3611E-02 -0.3205E-02
      0.2481E-03 -0.2448E-02 -0.4134E-02 -0.5000E+01 -0.5000E+01
     -0.5000E+01 -0.5000E+01  0.6078E-03 -0.1483E-03  0.2217E-02
      0.1192E-02  0.1925E-02  0.2525E-02 -0.5000E+01 -0.5000E+01
     -0.5000E+01 -0.5000E+01  0.2023E-02 -0.2020E-02  0.1523E-03
      0.4890E-04 -0.1373E-02 -0.5848E-02 -0.5000E+01 -0.5000E+01
     -0.5000E+01 -0.5000E+01 -0.3689E-02 -0.4183E-02 -0.4893E-02
     -0.6099E-02 -0.5153E-02 -0.5672E-02 -0.5000E+01 -0.5000E+01
     -0.5000E+01 -0.1421E-02  0.1283E-02 -0.9816E-04  0.3985E-03
     -0.8638E-03 -0.2926E-02 -0.5803E-02 -0.5700E-02 -0.5000E+01
     -0.5000E+01 -0.5846E-02 -0.2435E-02 -0.5157E-02 -0.2967E-02
     -0.4616E-02 -0.5316E-02 -0.6355E-02 -0.7896E-02 -0.5000E+01
     -0.5000E+01 -0.4995E-02 -0.4903E-02 -0.2681E-02 -0.1663E-02
     -0.1557E-02 -0.1645E-02 -0.1842E-02 -0.2639E-02 -0.5000E+01
     -0.5000E+01 -0.9543E-03  0.5526E-03  0.3332E-02  0.9846E-03
      0.4654E-03  0.6420E-03  0.4055E-03 -0.3693E-02 -0.5000E+01
     -0.5000E+01  0.1015E-03  0.3500E-02  0.1993E-02  0.3692E-02
      0.1367E-02 -0.2060E-05 -0.1964E-02 -0.6456E-03 -0.5000E+01
     -0.5000E+01 -0.9628E-02 -0.5713E-02 -0.4031E-02 -0.4404E-02
     -0.2418E-02 -0.2050E-02 -0.4006E-02 -0.4901E-02 -0.5000E+01
     -0.5000E+01  0.1696E-02  0.1108E-02 -0.5116E-03 -0.9265E-03
     -0.1297E-02 -0.3290E-02 -0.5198E-02 -0.8255E-02 -0.5000E+01
     -0.5000E+01 -0.1590E-02 -0.1655E-02 -0.2720E-02 -0.1612E-02
     -0.3317E-02 -0.5565E-02 -0.5716E-02 -0.7902E-02 -0.1126E-01
     -0.5000E+01 -0.1511E-03 -0.8928E-03 -0.2382E-02 -0.2132E-02
     -0.2808E-02 -0.3240E-03 -0.4183E-02 -0.4117E-02 -0.5000E+01
     -0.5000E+01  0.1381E-02  0.3045E-02  0.2283E-02  0.1580E-02
      0.6176E-03 -0.1741E-02 -0.4198E-02 -0.6374E-02 -0.5000E+01
     -0.5000E+01  0.3210E-02  0.3663E-02  0.1111E-03  0.1690E-02
     -0.9046E-03 -0.1668E-04 -0.2817E-02 -0.5181E-02 -0.5000E+01
     -0.5000E+01 -0.5359E-02 -0.4438E-02 -0.5447E-03 -0.2162E-02
     -0.2090E-02 -0.3800E-02 -0.5023E-02 -0.7145E-02 -0.5000E+01
     -0.5000E+01 -0.3118E-02  0.7077E-03 -0.2533E-03  0.2195E-02
     -0.1962E-02 -0.3808E-02 -0.3801E-02 -0.5386E-02 -0.5000E+01
      0.2341E-03  0.3129E-02  0.1734E-02  0.2843E-03 -0.9698E-03
     -0.2923E-02 -0.4760E-02 -0.6426E-02 -0.1016E-01 -0.1236E-01
     -0.5000E+01  0.4285E-02  0.3050E-02  0.4986E-02  0.3220E-02
     -0.3849E-02 -0.2096E-02 -0.4258E-02 -0.9626E-02 -0.5000E+01
      0.6063E-03  0.6122E-02  0.4772E-02  0.3717E-02  0.2808E-02
     -0.1456E-03 -0.1725E-03 -0.6248E-02 -0.7689E-02 -0.1171E-01
      0.4500E-02  0.6743E-02  0.5518E-02  0.3587E-02  0.3860E-02
      0.5297E-02 -0.6402E-03  0.2270E-02 -0.3532E-02 -0.7186E-02
     -0.5000E+01 -0.2237E-04  0.1945E-02  0.8814E-03  0.8643E-03
      0.1579E-04 -0.2351E-02 -0.4716E-02 -0.5969E-02 -0.8477E-02
     -0.5000E+01  0.2275E-02  0.3118E-02  0.3137E-02  0.2829E-02
      0.8868E-03  0.1442E-02  0.1952E-02 -0.3950E-02 -0.5000E+01
      0.5463E-02  0.5393E-02  0.5517E-02  0.3791E-02  0.2521E-02
     -0.3135E-02 -0.3230E-02 -0.4931E-02 -0.6407E-02 -0.1151E-01
     -0.5000E+01  0.8522E-02  0.4157E-02  0.4899E-02  0.2497E-02
     -0.1445E-02 -0.5846E-02 -0.8561E-02 -0.1088E-01 -0.1346E-01
      0.1316E-01  0.9554E-02  0.9349E-02  0.7263E-02  0.2511E-02
      0.2492E-02  0.1264E-02 -0.3451E-02 -0.6935E-02 -0.8681E-02
      0.6445E-02  0.6164E-02  0.9689E-02  0.6523E-02  0.8143E-02
      0.5195E-02  0.2310E-02  0.3979E-03 -0.9936E-03 -0.3737E-02
      0.1920E-03  0.4525E-02  0.3241E-02  0.2089E-02  0.2744E-02
      0.2333E-02 -0.3099E-03 -0.4435E-02 -0.5791E-02 -0.1108E-01
     -0.5000E+01  0.2154E-02  0.1739E-02  0.5684E-02  0.5900E-02
      0.4420E-02  0.3820E-02 -0.4220E-02 -0.6290E-03 -0.5000E+01
     -0.5000E+01  0.8836E-02  0.6875E-02  0.1915E-02  0.3226E-02
      0.8262E-03 -0.1781E-02 -0.4428E-02 -0.9089E-02 -0.5000E+01
     -0.5000E+01  0.9859E-02  0.6449E-02  0.3123E-02  0.1707E-02
     -0.2469E-02 -0.5041E-03 -0.1446E-01 -0.1409E-01 -0.5000E+01
     -0.5000E+01  0.1431E-01  0.1056E-01  0.4972E-02  0.1013E-01
      0.5428E-02  0.9038E-03 -0.2011E-02 -0.7477E-02 -0.1158E-01
     -0.5000E+01  0.1346E-01  0.1002E-01  0.7918E-02  0.9174E-02
      0.4950E-02  0.2603E-02  0.4647E-02 -0.4460E-02 -0.5000E+01
     -0.5000E+01  0.5856E-02  0.5855E-02  0.4222E-02  0.3973E-02
      0.9976E-03 -0.5492E-03 -0.2671E-02 -0.5503E-02 -0.5000E+01
     -0.5000E+01  0.4708E-02 -0.5000E+01 -0.5000E+01 -0.5000E+01
     -0.5000E+01 -0.5000E+01  0.4087E-02  0.4025E-04 -0.5000E+01
     -0.5000E+01  0.1061E-01  0.9148E-02  0.8630E-02  0.4930E-03
      0.5794E-02  0.5146E-03 -0.5283E-02 -0.5457E-02 -0.5000E+01
     -0.5000E+01  0.1289E-01 -0.5000E+01 -0.5000E+01 -0.5000E+01
     -0.5000E+01 -0.5000E+01 -0.1116E-01 -0.1410E-01 -0.5000E+01
     -0.5000E+01  0.1796E-01  0.1071E-01  0.1383E-01  0.5803E-02
     -0.4064E-03  0.2079E-02 -0.2517E-02 -0.7576E-02 -0.5000E+01
     -0.5000E+01  0.9874E-02  0.1104E-01  0.7651E-02  0.5761E-02
      0.5688E-02  0.2908E-02  0.2977E-02 -0.3172E-03 -0.5000E+01
     -0.5000E+01  0.5869E-02  0.6765E-02  0.5460E-02  0.1133E-02
     -0.5000E+01 -0.2429E-02 -0.4938E-02 -0.7249E-02 -0.5000E+01
     -0.5000E+01 -0.5000E+01 -0.5000E+01 -0.5000E+01 -0.5000E+01
     -0.5000E+01 -0.5000E+01 -0.5000E+01 -0.5000E+01 -0.5000E+01
     -0.5000E+01 -0.5000E+01 -0.5000E+01 -0.5000E+01 -0.5000E+01
     -0.5000E+01 -0.5000E+01 -0.5000E+01 -0.5000E+01 -0.5000E+01
     -0.5000E+01 -0.5000E+01 -0.5000E+01 -0.5000E+01 -0.5000E+01
     -0.5000E+01 -0.5000E+01 -0.5000E+01 -0.5000E+01 -0.5000E+01
     -0.5000E+01 -0.5000E+01 -0.5000E+01 -0.5000E+01 -0.5000E+01
     -0.5000E+01 -0.5000E+01 -0.5000E+01 -0.5000E+01 -0.5000E+01
     -0.5000E+01 -0.5000E+01 -0.5000E+01 -0.5000E+01 -0.5000E+01
     -0.5000E+01 -0.5000E+01 -0.5000E+01 -0.5000E+01 -0.5000E+01
     -0.5000E+01 -0.5000E+01 -0.5000E+01 -0.5000E+01 -0.5000E+01
     -0.5000E+01 -0.5000E+01 -0.5000E+01 -0.5000E+01 -0.5000E+01
     -0.5000E+01 -0.5000E+01 -0.5000E+01 -0.5000E+01 -0.5000E+01
     -0.5000E+01 -0.5000E+01 -0.5000E+01 -0.5000E+01 -0.5000E+01
     -0.5000E+01 -0.5000E+01 -0.5000E+01 -0.5000E+01 -0.5000E+01
     -0.5000E+01 -0.5000E+01 -0.5000E+01 -0.5000E+01 -0.5000E+01
     -0.5000E+01 -0.5000E+01 -0.5000E+01 -0.5000E+01 -0.5000E+01
     -0.5000E+01 -0.5000E+01 -0.5000E+01 -0.5000E+01 -0.5000E+01
     -0.5000E+01 -0.5000E+01 -0.5000E+01 -0.5000E+01 -0.5000E+01
     -0.5000E+01 -0.5000E+01 -0.5000E+01 -0.5000E+01 -0.5000E+01
     -0.5000E+01 -0.5000E+01 -0.5000E+01 -0.5000E+01 -0.5000E+01
     -0.5000E+01 -0.5000E+01 -0.5000E+01 -0.5000E+01 -0.5000E+01
     -0.5000E+01 -0.5000E+01 -0.5000E+01 -0.5000E+01 -0.5000E+01
     -0.5000E+01 -0.5000E+01 -0.5000E+01 -0.5000E+01 -0.5000E+01
     -0.5000E+01 -0.5000E+01 -0.5000E+01 -0.5000E+01 -0.5000E+01
     -0.5000E+01 -0.5000E+01 -0.5000E+01 -0.5000E+01 -0.5000E+01
     -0.5000E+01 -0.5000E+01 -0.5000E+01 -0.5000E+01 -0.5000E+01
     -0.5000E+01 -0.5000E+01 -0.5000E+01 -0.5000E+01 -0.5000E+01
     -0.5000E+01 -0.5000E+01 -0.5000E+01 -0.5000E+01 -0.5000E+01
     -0.5000E+01 -0.5000E+01 -0.5000E+01 -0.5000E+01 -0.5000E+01
     -0.5000E+01 -0.5000E+01 -0.5000E+01 -0.5000E+01 -0.5000E+01
     -0.5000E+01 -0.5000E+01 -0.5000E+01 -0.5000E+01 -0.5000E+01
     -0.5000E+01 -0.5000E+01 -0.5000E+01 -0.5000E+01 -0.5000E+01
     -0.5000E+01 -0.5000E+01 -0.5000E+01 -0.5000E+01 -0.5000E+01
     -0.5000E+01 -0.5000E+01 -0.5000E+01 -0.5000E+01 -0.5000E+01
     -0.5000E+01 -0.5000E+01 -0.5000E+01 -0.5000E+01 -0.5000E+01
     -0.5000E+01 -0.5000E+01 -0.5000E+01 -0.5000E+01 -0.5000E+01
     -0.5000E+01 -0.5000E+01 -0.5000E+01 -0.5000E+01 -0.5000E+01
     -0.5000E+01 -0.5000E+01 -0.5000E+01 -0.5000E+01 -0.5000E+01
     -0.5000E+01 -0.5000E+01 -0.5000E+01 -0.5000E+01 -0.5000E+01
     -0.5000E+01 -0.5000E+01 -0.5000E+01 -0.5000E+01 -0.5000E+01
     -0.5000E+01 -0.5000E+01 -0.5000E+01 -0.5000E+01 -0.5000E+01
     -0.5000E+01 -0.5000E+01 -0.5000E+01 -0.5000E+01 -0.5000E+01
     -0.5000E+01 -0.5000E+01 -0.5000E+01 -0.5000E+01 -0.5000E+01
     -0.5000E+01 -0.5000E+01 -0.5000E+01 -0.5000E+01 -0.5000E+01
     -0.5000E+01 -0.5000E+01 -0.5000E+01 -0.5000E+01 -0.5000E+01
     -0.5000E+01 -0.5000E+01 -0.5000E+01 -0.5000E+01 -0.5000E+01
     -0.5000E+01 -0.5000E+01 -0.5000E+01 -0.5000E+01 -0.5000E+01
     -0.5000E+01 -0.5000E+01 -0.5000E+01 -0.5000E+01 -0.5000E+01
     -0.5000E+01 -0.5000E+01 -0.5000E+01 -0.5000E+01 -0.5000E+01
     -0.5000E+01 -0.5000E+01 -0.5000E+01 -0.5000E+01 -0.5000E+01
     -0.5000E+01 -0.5000E+01 -0.5000E+01 -0.5000E+01 -0.5000E+01
     -0.5000E+01 -0.5000E+01 -0.5000E+01 -0.5000E+01 -0.5000E+01
     -0.5000E+01 -0.5000E+01 -0.5000E+01 -0.5000E+01 -0.5000E+01
     -0.5000E+01 -0.5000E+01 -0.5000E+01 -0.5000E+01 -0.5000E+01
     -0.5000E+01 -0.5000E+01 -0.5000E+01 -0.5000E+01 -0.5000E+01
     -0.5000E+01 -0.5000E+01 -0.5000E+01 -0.5000E+01 -0.5000E+01
     -0.5000E+01 -0.5000E+01 -0.5000E+01 -0.5000E+01 -0.5000E+01
     -0.5000E+01 -0.5000E+01 -0.5000E+01 -0.5000E+01 -0.5000E+01
     -0.5000E+01 -0.5000E+01 -0.5000E+01 -0.5000E+01 -0.5000E+01
     -0.5000E+01 -0.5000E+01 -0.5000E+01 -0.5000E+01 -0.5000E+01
     -0.5000E+01 -0.5000E+01 -0.5000E+01 -0.5000E+01 -0.5000E+01
     -0.5000E+01 -0.5000E+01 -0.5000E+01 -0.5000E+01 -0.5000E+01
     -0.5000E+01 -0.5000E+01 -0.5000E+01 -0.5000E+01 -0.5000E+01
     -0.5000E+01 -0.5000E+01 -0.5000E+01 -0.5000E+01 -0.5000E+01
     -0.5000E+01 -0.5000E+01 -0.5000E+01 -0.5000E+01 -0.5000E+01
     -0.5000E+01 -0.5000E+01 -0.5000E+01 -0.5000E+01 -0.5000E+01
     -0.5000E+01 -0.5000E+01 -0.5000E+01 -0.5000E+01 -0.5000E+01
     -0.5000E+01 -0.5000E+01 -0.5000E+01 -0.5000E+01 -0.5000E+01
     -0.5000E+01 -0.5000E+01 -0.5000E+01 -0.5000E+01 -0.5000E+01
     -0.5000E+01 -0.5000E+01 -0.5000E+01 -0.5000E+01 -0.5000E+01
     -0.5000E+01 -0.5000E+01 -0.5000E+01 -0.5000E+01 -0.5000E+01
     -0.5000E+01 -0.5000E+01 -0.1224E-02  0.2108E-02  0.2623E-03
     -0.9652E-03 -0.5110E-02 -0.1086E-01 -0.5000E+01 -0.5000E+01
     -0.5000E+01 -0.5000E+01 -0.4561E-02 -0.1211E-02 -0.5500E-02
     -0.4695E-02 -0.5837E-02 -0.6229E-02 -0.5000E+01 -0.5000E+01
     -0.5000E+01 -0.5000E+01 -0.6553E-02 -0.4599E-02 -0.1345E-02
     -0.3008E-03 -0.4196E-02  0.9461E-03 -0.5000E+01 -0.5000E+01
     -0.5000E+01 -0.5000E+01 -0.3316E-03  0.4162E-02  0.1912E-02
      0.1160E-02  0.1908E-02 -0.2897E-02 -0.5000E+01 -0.5000E+01
     -0.5000E+01 -0.5000E+01  0.1162E-02 -0.3985E-03 -0.2271E-02
      0.2648E-03 -0.1651E-02 -0.2095E-02 -0.5000E+01 -0.5000E+01
     -0.5000E+01 -0.5000E+01 -0.6892E-02 -0.4290E-02 -0.1489E-02
     -0.4067E-02 -0.4175E-02 -0.5434E-02 -0.5000E+01 -0.5000E+01
     -0.5000E+01 -0.1321E-02 -0.1188E-02 -0.6632E-03  0.3854E-04
     -0.2899E-02 -0.1558E-02 -0.5448E-02 -0.9432E-02 -0.5000E+01
     -0.5000E+01 -0.3279E-02 -0.1720E-02 -0.2855E-02 -0.1598E-02
     -0.3207E-02 -0.5185E-02 -0.6942E-02 -0.6969E-02 -0.5000E+01
     -0.5000E+01 -0.5842E-02 -0.2817E-02 -0.3484E-02 -0.3053E-02
     -0.6943E-03  0.5370E-03  0.9123E-03 -0.7976E-03 -0.5000E+01
     -0.5000E+01  0.5636E-03  0.2169E-02  0.6845E-03  0.1022E-02
      0.1940E-02 -0.6367E-03  0.2389E-02 -0.3187E-02 -0.5000E+01
     -0.5000E+01  0.2247E-03  0.2966E-02  0.4317E-02  0.2415E-02
      0.9304E-03 -0.2179E-02 -0.1638E-02 -0.1697E-02 -0.5000E+01
     -0.5000E+01 -0.8458E-02 -0.5278E-02 -0.1896E-02 -0.2791E-02
     -0.2971E-02 -0.4402E-02 -0.4368E-02 -0.2487E-02 -0.5000E+01
     -0.5000E+01 -0.8002E-03 -0.1749E-02 -0.5197E-03 -0.1755E-03
     -0.1744E-02 -0.3484E-02 -0.2676E-02 -0.6305E-02 -0.5000E+01
     -0.5000E+01 -0.2035E-02 -0.8084E-03 -0.2069E-02 -0.2869E-02
     -0.5595E-02 -0.1948E-02 -0.6465E-02 -0.9385E-02 -0.5000E+01
     -0.5000E+01 -0.1005E-02  0.2058E-03 -0.1529E-02 -0.2164E-02
      0.7517E-03 -0.1275E-02 -0.2517E-02 -0.1432E-02 -0.5000E+01
     -0.5000E+01  0.5541E-03  0.2459E-02  0.3859E-02  0.1315E-02
     -0.1044E-02 -0.3574E-02 -0.4072E-02 -0.6902E-02 -0.5000E+01
     -0.5000E+01  0.5560E-02  0.3878E-02  0.4251E-02  0.6369E-02
      0.1352E-02 -0.1217E-03 -0.3503E-02 -0.3846E-02 -0.5000E+01
     -0.5000E+01 -0.5337E-02 -0.4014E-02 -0.1115E-02 -0.2626E-02
     -0.9933E-03 -0.3903E-02 -0.2440E-02 -0.4285E-02 -0.5000E+01
     -0.5000E+01  0.6215E-03  0.1945E-02 -0.5839E-03 -0.1209E-02
      0.5159E-04 -0.2349E-02 -0.4885E-02 -0.5369E-02 -0.5000E+01
     -0.5000E+01  0.2053E-02  0.2978E-02  0.1961E-02 -0.5775E-03
     -0.1172E-02 -0.3630E-02 -0.7180E-02 -0.6013E-02 -0.5000E+01
     -0.5000E+01 -0.5000E+01 -0.5000E+01 -0.5000E+01 -0.1455E-03
     -0.4365E-02 -0.2851E-02 -0.6749E-02 -0.7345E-02 -0.5000E+01
     -0.5000E+01  0.1080E-01  0.6418E-02  0.4824E-02  0.6973E-03
     -0.1333E-02 -0.4090E-02 -0.4772E-02 -0.8044E-02 -0.5000E+01
     -0.5000E+01  0.6981E-02  0.7874E-02  0.4695E-02  0.6333E-02
      0.4093E-02 -0.8045E-03 -0.7921E-04 -0.3018E-02 -0.5000E+01
     -0.5000E+01  0.6369E-03 -0.7654E-03  0.1872E-02  0.8398E-03
     -0.2733E-02 -0.3746E-02 -0.2771E-02 -0.6554E-02 -0.5000E+01
     -0.5000E+01  0.3454E-02 -0.5000E+01 -0.5000E+01 -0.5000E+01
     -0.5000E+01 -0.5000E+01 -0.5000E+01 -0.5000E+01 -0.5000E+01
     -0.5000E+01  0.5355E-02  0.3887E-02  0.1976E-02 -0.2269E-02
     -0.2732E-02 -0.1983E-02 -0.6907E-02 -0.8671E-02 -0.5000E+01
     -0.5000E+01  0.7186E-02  0.4694E-02 -0.5000E+01  0.1675E-02
     -0.5000E+01 -0.5000E+01 -0.5000E+01 -0.8393E-02 -0.5000E+01
     -0.5000E+01  0.1228E-01  0.1278E-01 -0.5000E+01  0.7225E-02
      0.2558E-02  0.2250E-02 -0.3989E-02 -0.8741E-02 -0.5000E+01
     -0.5000E+01  0.8779E-02  0.1109E-01  0.6889E-02  0.9339E-02
     -0.5000E+01 -0.5000E+01  0.1837E-02 -0.1537E-02 -0.5000E+01
     -0.5000E+01  0.7138E-02  0.7018E-02  0.4650E-02 -0.5000E+01
     -0.5000E+01  0.4452E-02 -0.1356E-02 -0.8669E-02 -0.5000E+01
     -0.5000E+01 -0.5000E+01 -0.5000E+01 -0.5000E+01 -0.5000E+01
     -0.5000E+01 -0.5000E+01 -0.5000E+01 -0.5000E+01 -0.5000E+01
     -0.5000E+01 -0.5000E+01 -0.5000E+01 -0.5000E+01 -0.5000E+01
     -0.5000E+01 -0.5000E+01 -0.5000E+01 -0.5000E+01 -0.5000E+01
     -0.5000E+01 -0.5000E+01 -0.5000E+01 -0.5000E+01 -0.5000E+01
     -0.5000E+01 -0.5000E+01 -0.5000E+01 -0.5000E+01 -0.5000E+01
     -0.5000E+01 -0.5000E+01 -0.5000E+01 -0.5000E+01 -0.5000E+01
     -0.5000E+01 -0.5000E+01 -0.5000E+01 -0.5000E+01 -0.5000E+01
     -0.5000E+01 -0.5000E+01 -0.5000E+01 -0.5000E+01 -0.5000E+01
     -0.5000E+01 -0.5000E+01 -0.5000E+01 -0.5000E+01 -0.5000E+01
     -0.5000E+01 -0.5000E+01 -0.5000E+01 -0.5000E+01 -0.5000E+01
     -0.5000E+01 -0.5000E+01 -0.5000E+01 -0.5000E+01 -0.5000E+01
     -0.5000E+01 -0.5000E+01 -0.5000E+01 -0.5000E+01 -0.5000E+01
     -0.5000E+01 -0.5000E+01 -0.5000E+01 -0.5000E+01 -0.5000E+01
     -0.5000E+01 -0.5000E+01 -0.5000E+01 -0.5000E+01 -0.5000E+01
     -0.5000E+01 -0.5000E+01 -0.5000E+01 -0.5000E+01 -0.5000E+01
     -0.5000E+01 -0.5000E+01 -0.5000E+01 -0.5000E+01 -0.5000E+01
     -0.5000E+01 -0.5000E+01 -0.5000E+01 -0.5000E+01 -0.5000E+01
     -0.5000E+01 -0.5000E+01 -0.5000E+01 -0.5000E+01 -0.5000E+01
     -0.5000E+01 -0.5000E+01 -0.5000E+01 -0.5000E+01 -0.5000E+01
     -0.5000E+01 -0.5000E+01 -0.5000E+01 -0.5000E+01 -0.5000E+01
     -0.5000E+01 -0.5000E+01 -0.5000E+01 -0.5000E+01 -0.5000E+01
     -0.5000E+01 -0.5000E+01 -0.5000E+01 -0.5000E+01 -0.5000E+01
     -0.5000E+01 -0.5000E+01 -0.5000E+01 -0.5000E+01 -0.5000E+01
     -0.5000E+01 -0.5000E+01 -0.5000E+01 -0.5000E+01 -0.5000E+01
     -0.5000E+01 -0.5000E+01 -0.5000E+01 -0.5000E+01 -0.5000E+01
     -0.5000E+01 -0.5000E+01 -0.5000E+01 -0.5000E+01 -0.5000E+01
     -0.5000E+01 -0.5000E+01 -0.5000E+01 -0.5000E+01 -0.5000E+01
     -0.5000E+01 -0.5000E+01 -0.5000E+01 -0.5000E+01 -0.5000E+01
     -0.5000E+01 -0.5000E+01 -0.5000E+01 -0.5000E+01 -0.5000E+01
     -0.5000E+01 -0.5000E+01 -0.5000E+01 -0.5000E+01 -0.5000E+01
     -0.5000E+01 -0.5000E+01 -0.5000E+01 -0.5000E+01 -0.5000E+01
     -0.5000E+01 -0.5000E+01 -0.5000E+01 -0.5000E+01 -0.5000E+01
     -0.5000E+01 -0.5000E+01 -0.5000E+01 -0.5000E+01 -0.5000E+01
     -0.5000E+01 -0.5000E+01 -0.5000E+01 -0.5000E+01 -0.5000E+01
     -0.5000E+01 -0.5000E+01 -0.5000E+01 -0.5000E+01 -0.5000E+01
     -0.5000E+01 -0.5000E+01 -0.5000E+01 -0.5000E+01 -0.5000E+01
     -0.5000E+01 -0.5000E+01 -0.5000E+01 -0.5000E+01 -0.5000E+01
     -0.5000E+01 -0.5000E+01 -0.5000E+01 -0.5000E+01 -0.5000E+01
     -0.5000E+01 -0.5000E+01 -0.5000E+01 -0.5000E+01 -0.5000E+01
     -0.5000E+01 -0.5000E+01 -0.5000E+01 -0.5000E+01 -0.5000E+01
     -0.5000E+01 -0.5000E+01 -0.5000E+01 -0.5000E+01 -0.5000E+01
     -0.5000E+01 -0.5000E+01 -0.5000E+01 -0.5000E+01 -0.5000E+01
     -0.5000E+01 -0.5000E+01 -0.5000E+01 -0.5000E+01 -0.5000E+01
     -0.5000E+01 -0.5000E+01 -0.5000E+01 -0.5000E+01 -0.5000E+01
     -0.5000E+01 -0.5000E+01 -0.5000E+01 -0.5000E+01 -0.5000E+01
     -0.5000E+01 -0.5000E+01 -0.5000E+01 -0.5000E+01 -0.5000E+01
     -0.5000E+01 -0.5000E+01 -0.5000E+01 -0.5000E+01 -0.5000E+01
     -0.5000E+01 -0.5000E+01 -0.5000E+01 -0.5000E+01 -0.5000E+01
     -0.5000E+01 -0.5000E+01 -0.5000E+01 -0.5000E+01 -0.5000E+01
     -0.5000E+01 -0.5000E+01 -0.5000E+01 -0.5000E+01 -0.5000E+01
     -0.5000E+01 -0.5000E+01 -0.5000E+01 -0.5000E+01 -0.5000E+01
     -0.5000E+01 -0.5000E+01 -0.5000E+01 -0.5000E+01 -0.5000E+01
     -0.5000E+01 -0.5000E+01 -0.5000E+01 -0.5000E+01 -0.5000E+01
     -0.5000E+01 -0.5000E+01 -0.5000E+01 -0.5000E+01 -0.5000E+01
     -0.5000E+01 -0.5000E+01 -0.5000E+01 -0.5000E+01 -0.5000E+01
     -0.5000E+01 -0.5000E+01 -0.5000E+01 -0.5000E+01 -0.5000E+01
     -0.5000E+01 -0.5000E+01 -0.5000E+01 -0.5000E+01 -0.5000E+01
     -0.5000E+01 -0.5000E+01 -0.5000E+01 -0.5000E+01 -0.5000E+01
     -0.5000E+01 -0.5000E+01 -0.5000E+01 -0.5000E+01 -0.5000E+01
     -0.5000E+01 -0.5000E+01 -0.5000E+01 -0.5000E+01 -0.5000E+01
     -0.5000E+01 -0.5000E+01 -0.5000E+01 -0.5000E+01 -0.5000E+01
     -0.5000E+01 -0.5000E+01 -0.5000E+01 -0.5000E+01 -0.5000E+01
     -0.5000E+01 -0.5000E+01 -0.5000E+01 -0.5000E+01 -0.5000E+01
     -0.5000E+01 -0.5000E+01 -0.5000E+01 -0.5000E+01 -0.5000E+01
     -0.5000E+01 -0.5000E+01 -0.5000E+01 -0.5000E+01 -0.5000E+01
     -0.5000E+01 -0.5000E+01 -0.5000E+01 -0.5000E+01 -0.5000E+01
     -0.5000E+01 -0.5000E+01 -0.5000E+01 -0.5000E+01 -0.5000E+01
     -0.5000E+01 -0.5000E+01 -0.5000E+01 -0.5000E+01 -0.5000E+01
     -0.5000E+01 -0.5000E+01 -0.5000E+01 -0.5000E+01 -0.5000E+01
     -0.5000E+01 -0.5000E+01 -0.5000E+01 -0.5000E+01 -0.5000E+01
     -0.5000E+01 -0.5000E+01 -0.5000E+01 -0.5000E+01 -0.5000E+01
     -0.5000E+01 -0.5000E+01 -0.5000E+01 -0.5000E+01 -0.5000E+01
     -0.5000E+01 -0.5000E+01 -0.5000E+01 -0.5000E+01 -0.5000E+01
     -0.5000E+01 -0.5000E+01 -0.5000E+01 -0.5000E+01 -0.5000E+01
     -0.5000E+01 -0.5000E+01 -0.5000E+01 -0.5000E+01 -0.5000E+01
     -0.5000E+01 -0.5000E+01 -0.5000E+01 -0.5000E+01 -0.5000E+01
     -0.5000E+01 -0.5000E+01 -0.5000E+01 -0.5000E+01 -0.5000E+01
     -0.5000E+01 -0.5000E+01 -0.5000E+01 -0.5000E+01 -0.5000E+01
     -0.5000E+01 -0.5000E+01 -0.5000E+01 -0.5000E+01 -0.5000E+01
     -0.5000E+01 -0.5000E+01 -0.5000E+01 -0.5000E+01 -0.5000E+01
     -0.5000E+01 -0.5000E+01 -0.5000E+01 -0.5000E+01 -0.5000E+01
     -0.5000E+01 -0.5000E+01 -0.5000E+01 -0.5000E+01 -0.5000E+01
     -0.5000E+01 -0.5000E+01 -0.5000E+01 -0.5000E+01 -0.5000E+01
     -0.5000E+01 -0.5000E+01 -0.5000E+01 -0.5000E+01 -0.5000E+01
     -0.5000E+01 -0.5000E+01 -0.5000E+01 -0.5000E+01 -0.5000E+01
     -0.5000E+01 -0.5000E+01 -0.5000E+01 -0.5000E+01 -0.5000E+01
     -0.5000E+01 -0.5000E+01 -0.5000E+01 -0.5000E+01 -0.5000E+01
     -0.5000E+01 -0.5000E+01 -0.5000E+01 -0.5000E+01 -0.5000E+01
     -0.5000E+01 -0.5000E+01 -0.5000E+01 -0.5000E+01 -0.5000E+01
     -0.5000E+01 -0.5000E+01 -0.5000E+01 -0.5000E+01 -0.5000E+01
     -0.5000E+01 -0.5000E+01 -0.5000E+01 -0.5000E+01 -0.5000E+01
     -0.5000E+01 -0.5000E+01 -0.5000E+01 -0.5000E+01 -0.5000E+01
     -0.5000E+01 -0.5000E+01 -0.5000E+01 -0.5000E+01 -0.5000E+01
     -0.5000E+01 -0.5000E+01 -0.5000E+01 -0.5000E+01 -0.5000E+01
     -0.5000E+01 -0.5000E+01 -0.5000E+01 -0.5000E+01 -0.5000E+01
     -0.5000E+01 -0.5000E+01  0.3758E-02  0.4313E-02  0.1753E-02
     -0.8035E-03 -0.6408E-02 -0.9052E-02 -0.5000E+01 -0.5000E+01
     -0.5000E+01 -0.5000E+01 -0.9864E-02 -0.3703E-02 -0.2104E-02
     -0.6283E-02 -0.5186E-02 -0.7053E-02 -0.5000E+01 -0.5000E+01
     -0.5000E+01 -0.5000E+01 -0.1522E-02 -0.1086E-02 -0.4505E-02
     -0.2571E-02 -0.9631E-03 -0.9494E-03 -0.5000E+01 -0.5000E+01
     -0.5000E+01 -0.5000E+01 -0.1085E-02  0.4178E-02  0.2337E-02
      0.4263E-02  0.2462E-02 -0.2154E-02 -0.5000E+01 -0.5000E+01
     -0.5000E+01 -0.5000E+01  0.1449E-02  0.8068E-03  0.2466E-02
      0.3601E-02 -0.4443E-02 -0.1468E-02 -0.5000E+01 -0.5000E+01
     -0.5000E+01 -0.5000E+01 -0.6114E-02 -0.7719E-02 -0.2125E-02
      0.2201E-04 -0.1841E-02 -0.6588E-02 -0.5000E+01 -0.5000E+01
     -0.5000E+01 -0.6122E-03  0.1706E-02 -0.2570E-03  0.1595E-02
     -0.2314E-02 -0.2431E-02 -0.3793E-02 -0.8442E-02 -0.5000E+01
     -0.5000E+01 -0.1146E-02 -0.2364E-02 -0.2166E-02 -0.4256E-02
     -0.2830E-03 -0.3715E-02 -0.6605E-02 -0.8076E-02 -0.5000E+01
     -0.5000E+01 -0.1159E-01 -0.6507E-02 -0.5584E-02 -0.2651E-02
     -0.1711E-02  0.3358E-02  0.6274E-04  0.2223E-02 -0.5000E+01
     -0.5000E+01  0.9405E-03  0.2781E-02 -0.1466E-03  0.4718E-03
      0.3089E-02  0.6274E-03 -0.2262E-02 -0.1830E-02 -0.5000E+01
     -0.5000E+01  0.1252E-02  0.4886E-02  0.2890E-02  0.2555E-02
      0.2316E-03  0.3398E-02 -0.3219E-02 -0.5891E-02 -0.5000E+01
     -0.5000E+01 -0.1120E-01 -0.3158E-02 -0.4008E-02 -0.2404E-03
     -0.2419E-02 -0.4978E-03 -0.1685E-02 -0.9081E-02 -0.5000E+01
     -0.5000E+01  0.1654E-02 -0.9572E-04  0.5120E-03 -0.3496E-02
     -0.5000E+01 -0.1677E-02 -0.3110E-02 -0.6106E-02 -0.5000E+01
     -0.5000E+01  0.1006E-02  0.2533E-02 -0.1871E-02 -0.1512E-02
     -0.6209E-02 -0.3525E-02 -0.4158E-02 -0.4822E-02 -0.5000E+01
     -0.5000E+01 -0.2725E-02 -0.3855E-02  0.4400E-02 -0.5437E-02
     -0.4355E-02  0.1469E-02 -0.5000E+01 -0.2014E-02 -0.5000E+01
     -0.5000E+01  0.7185E-02  0.5395E-02  0.7570E-03  0.1320E-02
      0.2379E-03 -0.6043E-03 -0.3322E-02 -0.9135E-02 -0.5000E+01
     -0.5000E+01  0.6834E-02  0.7577E-02  0.6784E-02  0.3200E-02
      0.4320E-02 -0.1649E-02 -0.1616E-02 -0.7037E-02 -0.5000E+01
     -0.5000E+01 -0.1386E-02 -0.5301E-02 -0.3740E-02 -0.1422E-02
      0.1406E-03 -0.4002E-02 -0.1149E-02 -0.6103E-03 -0.5000E+01
     -0.5000E+01 -0.5000E+01 -0.5000E+01 -0.5000E+01 -0.5000E+01
     -0.5000E+01 -0.5000E+01 -0.5000E+01 -0.5000E+01 -0.5000E+01
     -0.5000E+01  0.6751E-02  0.3796E-02 -0.1163E-01  0.1565E-01
     -0.1422E-01 -0.1801E-01 -0.4693E-02 -0.1763E-01 -0.5000E+01
     -0.5000E+01 -0.5000E+01 -0.5000E+01 -0.5000E+01 -0.5000E+01
     -0.5000E+01 -0.5000E+01 -0.5000E+01 -0.5000E+01 -0.5000E+01
     -0.5000E+01 -0.5000E+01  0.1550E-01  0.1933E-02 -0.5000E+01
     -0.5000E+01 -0.5000E+01 -0.1315E-01 -0.1635E-01 -0.5000E+01
     -0.5000E+01  0.3190E-01  0.9241E-02  0.9270E-02 -0.1760E-01
     -0.5000E+01 -0.5000E+01 -0.5000E+01 -0.5000E+01 -0.5000E+01
     -0.5000E+01  0.2287E-02  0.1420E-01 -0.5000E+01 -0.5000E+01
     -0.5000E+01 -0.6227E-02  0.4145E-02 -0.4411E-03 -0.5000E+01
     -0.5000E+01 -0.5000E+01 -0.5000E+01 -0.5000E+01 -0.5000E+01
     -0.5000E+01 -0.5000E+01 -0.5000E+01 -0.5000E+01 -0.5000E+01
     -0.5000E+01 -0.5000E+01 -0.5000E+01 -0.5000E+01 -0.5000E+01
     -0.5000E+01 -0.5000E+01 -0.5000E+01 -0.5000E+01 -0.5000E+01
     -0.5000E+01 -0.5000E+01 -0.5000E+01 -0.5000E+01 -0.5000E+01
     -0.5000E+01 -0.5000E+01 -0.5000E+01 -0.5000E+01 -0.5000E+01
     -0.5000E+01 -0.5000E+01 -0.5000E+01 -0.5000E+01 -0.5000E+01
     -0.5000E+01 -0.5000E+01 -0.5000E+01 -0.5000E+01 -0.5000E+01
     -0.5000E+01 -0.5000E+01 -0.5000E+01 -0.5000E+01 -0.5000E+01
     -0.5000E+01 -0.5000E+01 -0.5000E+01 -0.5000E+01 -0.5000E+01
     -0.5000E+01 -0.5000E+01 -0.5000E+01 -0.5000E+01 -0.5000E+01
     -0.5000E+01 -0.5000E+01 -0.5000E+01 -0.5000E+01 -0.5000E+01
     -0.5000E+01 -0.5000E+01 -0.5000E+01 -0.5000E+01 -0.5000E+01
     -0.5000E+01 -0.5000E+01 -0.5000E+01 -0.5000E+01 -0.5000E+01
     -0.5000E+01 -0.5000E+01 -0.5000E+01 -0.5000E+01 -0.5000E+01
     -0.5000E+01 -0.5000E+01 -0.5000E+01 -0.5000E+01 -0.5000E+01
     -0.5000E+01 -0.5000E+01 -0.5000E+01 -0.5000E+01 -0.5000E+01
     -0.5000E+01 -0.5000E+01 -0.5000E+01 -0.5000E+01 -0.5000E+01
     -0.5000E+01 -0.5000E+01 -0.5000E+01 -0.5000E+01 -0.5000E+01
     -0.5000E+01 -0.5000E+01 -0.5000E+01 -0.5000E+01 -0.5000E+01
     -0.5000E+01 -0.5000E+01 -0.5000E+01 -0.5000E+01 -0.5000E+01
     -0.5000E+01 -0.5000E+01 -0.5000E+01 -0.5000E+01 -0.5000E+01
     -0.5000E+01 -0.5000E+01 -0.5000E+01 -0.5000E+01 -0.5000E+01
     -0.5000E+01 -0.5000E+01 -0.5000E+01 -0.5000E+01 -0.5000E+01
     -0.5000E+01 -0.5000E+01 -0.5000E+01 -0.5000E+01 -0.5000E+01
     -0.5000E+01 -0.5000E+01 -0.5000E+01 -0.5000E+01 -0.5000E+01
     -0.5000E+01 -0.5000E+01 -0.5000E+01 -0.5000E+01 -0.5000E+01
     -0.5000E+01 -0.5000E+01 -0.5000E+01 -0.5000E+01 -0.5000E+01
     -0.5000E+01 -0.5000E+01 -0.5000E+01 -0.5000E+01 -0.5000E+01
     -0.5000E+01 -0.5000E+01 -0.5000E+01 -0.5000E+01 -0.5000E+01
     -0.5000E+01 -0.5000E+01 -0.5000E+01 -0.5000E+01 -0.5000E+01
     -0.5000E+01 -0.5000E+01 -0.5000E+01 -0.5000E+01 -0.5000E+01
     -0.5000E+01 -0.5000E+01 -0.5000E+01 -0.5000E+01 -0.5000E+01
     -0.5000E+01 -0.5000E+01 -0.5000E+01 -0.5000E+01 -0.5000E+01
     -0.5000E+01 -0.5000E+01 -0.5000E+01 -0.5000E+01 -0.5000E+01
     -0.5000E+01 -0.5000E+01 -0.5000E+01 -0.5000E+01 -0.5000E+01
     -0.5000E+01 -0.5000E+01 -0.5000E+01 -0.5000E+01 -0.5000E+01
     -0.5000E+01 -0.5000E+01 -0.5000E+01 -0.5000E+01 -0.5000E+01
     -0.5000E+01 -0.5000E+01 -0.5000E+01 -0.5000E+01 -0.5000E+01
     -0.5000E+01 -0.5000E+01 -0.5000E+01 -0.5000E+01 -0.5000E+01
     -0.5000E+01 -0.5000E+01 -0.5000E+01 -0.5000E+01 -0.5000E+01
     -0.5000E+01 -0.5000E+01 -0.5000E+01 -0.5000E+01 -0.5000E+01
     -0.5000E+01 -0.5000E+01 -0.5000E+01 -0.5000E+01 -0.5000E+01
     -0.5000E+01 -0.5000E+01 -0.5000E+01 -0.5000E+01 -0.5000E+01
     -0.5000E+01 -0.5000E+01 -0.5000E+01 -0.5000E+01 -0.5000E+01
     -0.5000E+01 -0.5000E+01 -0.5000E+01 -0.5000E+01 -0.5000E+01
     -0.5000E+01 -0.5000E+01 -0.5000E+01 -0.5000E+01 -0.5000E+01
     -0.5000E+01 -0.5000E+01 -0.5000E+01 -0.5000E+01 -0.5000E+01
     -0.5000E+01 -0.5000E+01 -0.5000E+01 -0.5000E+01 -0.5000E+01
     -0.5000E+01 -0.5000E+01 -0.5000E+01 -0.5000E+01 -0.5000E+01
     -0.5000E+01 -0.5000E+01 -0.5000E+01 -0.5000E+01 -0.5000E+01
     -0.5000E+01 -0.5000E+01 -0.5000E+01 -0.5000E+01 -0.5000E+01
     -0.5000E+01 -0.5000E+01 -0.5000E+01 -0.5000E+01 -0.5000E+01
     -0.5000E+01 -0.5000E+01 -0.5000E+01 -0.5000E+01 -0.5000E+01
     -0.5000E+01 -0.5000E+01 -0.5000E+01 -0.5000E+01 -0.5000E+01
     -0.5000E+01 -0.5000E+01 -0.5000E+01 -0.5000E+01 -0.5000E+01
     -0.5000E+01 -0.5000E+01 -0.5000E+01 -0.5000E+01 -0.5000E+01
     -0.5000E+01 -0.5000E+01 -0.5000E+01 -0.5000E+01 -0.5000E+01
     -0.5000E+01 -0.5000E+01 -0.5000E+01 -0.5000E+01 -0.5000E+01
     -0.5000E+01 -0.5000E+01 -0.5000E+01 -0.5000E+01 -0.5000E+01
     -0.5000E+01 -0.5000E+01 -0.5000E+01 -0.5000E+01 -0.5000E+01
     -0.5000E+01 -0.5000E+01 -0.5000E+01 -0.5000E+01 -0.5000E+01
     -0.5000E+01 -0.5000E+01 -0.5000E+01 -0.5000E+01 -0.5000E+01
     -0.5000E+01 -0.5000E+01 -0.5000E+01 -0.5000E+01 -0.5000E+01
     -0.5000E+01 -0.5000E+01 -0.5000E+01 -0.5000E+01 -0.5000E+01
     -0.5000E+01 -0.5000E+01 -0.5000E+01 -0.5000E+01 -0.5000E+01
     -0.5000E+01 -0.5000E+01 -0.5000E+01 -0.5000E+01 -0.5000E+01
     -0.5000E+01 -0.5000E+01 -0.5000E+01 -0.5000E+01 -0.5000E+01
     -0.5000E+01 -0.5000E+01 -0.5000E+01 -0.5000E+01 -0.5000E+01
     -0.5000E+01 -0.5000E+01 -0.5000E+01 -0.5000E+01 -0.5000E+01
     -0.5000E+01 -0.5000E+01 -0.5000E+01 -0.5000E+01 -0.5000E+01
     -0.5000E+01 -0.5000E+01 -0.5000E+01 -0.5000E+01 -0.5000E+01
     -0.5000E+01 -0.5000E+01 -0.5000E+01 -0.5000E+01 -0.5000E+01
     -0.5000E+01 -0.5000E+01 -0.5000E+01 -0.5000E+01 -0.5000E+01
     -0.5000E+01 -0.5000E+01 -0.5000E+01 -0.5000E+01 -0.5000E+01
     -0.5000E+01 -0.5000E+01 -0.5000E+01 -0.5000E+01 -0.5000E+01
     -0.5000E+01 -0.5000E+01 -0.5000E+01 -0.5000E+01 -0.5000E+01
     -0.5000E+01 -0.5000E+01 -0.5000E+01 -0.5000E+01 -0.5000E+01
     -0.5000E+01 -0.5000E+01 -0.5000E+01 -0.5000E+01 -0.5000E+01
     -0.5000E+01 -0.5000E+01 -0.5000E+01 -0.5000E+01 -0.5000E+01
     -0.5000E+01 -0.5000E+01 -0.5000E+01 -0.5000E+01 -0.5000E+01
     -0.5000E+01 -0.5000E+01 -0.5000E+01 -0.5000E+01 -0.5000E+01
     -0.5000E+01 -0.5000E+01 -0.5000E+01 -0.5000E+01 -0.5000E+01
     -0.5000E+01 -0.5000E+01 -0.5000E+01 -0.5000E+01 -0.5000E+01
     -0.5000E+01 -0.5000E+01 -0.5000E+01 -0.5000E+01 -0.5000E+01
     -0.5000E+01 -0.5000E+01 -0.5000E+01 -0.5000E+01 -0.5000E+01
     -0.5000E+01 -0.5000E+01 -0.5000E+01 -0.5000E+01 -0.5000E+01
     -0.5000E+01 -0.5000E+01 -0.5000E+01 -0.5000E+01 -0.5000E+01
     -0.5000E+01 -0.5000E+01 -0.5000E+01 -0.5000E+01 -0.5000E+01
     -0.5000E+01 -0.5000E+01 -0.5000E+01 -0.5000E+01 -0.5000E+01
     -0.5000E+01 -0.5000E+01 -0.5000E+01 -0.5000E+01 -0.5000E+01
     -0.5000E+01 -0.5000E+01 -0.5000E+01 -0.5000E+01 -0.5000E+01
     -0.5000E+01 -0.5000E+01 -0.5000E+01 -0.5000E+01 -0.5000E+01
     -0.5000E+01 -0.5000E+01 -0.5000E+01 -0.5000E+01 -0.5000E+01
     -0.5000E+01 -0.5000E+01 -0.5000E+01 -0.5000E+01 -0.5000E+01
     -0.5000E+01 -0.5000E+01 -0.5000E+01 -0.5000E+01 -0.5000E+01
     -0.5000E+01 -0.5000E+01 -0.5000E+01 -0.5000E+01 -0.5000E+01
     -0.5000E+01 -0.5000E+01 -0.5000E+01 -0.5000E+01 -0.5000E+01
     -0.5000E+01 -0.5000E+01 -0.5000E+01 -0.5000E+01 -0.5000E+01
     -0.5000E+01 -0.5000E+01 -0.5000E+01 -0.5000E+01 -0.5000E+01
     -0.5000E+01 -0.5000E+01 -0.5000E+01 -0.5000E+01 -0.5000E+01
     -0.5000E+01 -0.5000E+01 -0.5000E+01 -0.5000E+01 -0.5000E+01
     -0.5000E+01 -0.5000E+01 -0.5000E+01 -0.5000E+01 -0.5000E+01
     -0.5000E+01 -0.5000E+01 -0.5000E+01 -0.5000E+01 -0.5000E+01
     -0.5000E+01 -0.5000E+01 -0.5000E+01 -0.5000E+01 -0.5000E+01
     -0.5000E+01 -0.5000E+01 -0.5000E+01 -0.5000E+01 -0.5000E+01
     -0.5000E+01 -0.5000E+01 -0.5000E+01 -0.5000E+01 -0.5000E+01
     -0.5000E+01 -0.5000E+01 -0.5000E+01 -0.5000E+01 -0.5000E+01
     -0.5000E+01 -0.5000E+01  0.8699E-03  0.3527E-02  0.8226E-03
     -0.8225E-03 -0.3595E-02 -0.9279E-02 -0.5000E+01 -0.5000E+01
     -0.5000E+01 -0.5000E+01  0.2642E-02 -0.6698E-03 -0.3510E-02
     -0.2576E-02 -0.2914E-02 -0.8469E-02 -0.5000E+01 -0.5000E+01
     -0.5000E+01 -0.5000E+01 -0.7544E-02 -0.2277E-02  0.1192E-02
     -0.3273E-02  0.2036E-02  0.2984E-02 -0.5000E+01 -0.5000E+01
     -0.5000E+01 -0.5000E+01  0.6416E-02  0.2058E-02  0.3590E-02
      0.4085E-03  0.9893E-03  0.1191E-02 -0.5000E+01 -0.5000E+01
     -0.5000E+01 -0.5000E+01 -0.5861E-03  0.1172E-02 -0.1496E-02
     -0.6267E-02 -0.6701E-03 -0.5000E+01 -0.5000E+01 -0.5000E+01
     -0.5000E+01 -0.5000E+01 -0.8743E-02 -0.8067E-02 -0.4832E-02
     -0.4776E-02 -0.2797E-02 -0.3375E-02 -0.5000E+01 -0.5000E+01
     -0.5000E+01 -0.5000E+01  0.6625E-03 -0.4222E-02 -0.3013E-02
     -0.5000E+01 -0.1029E-02 -0.5640E-02 -0.5000E+01 -0.5000E+01
     -0.5000E+01  0.2323E-02 -0.8543E-03 -0.4657E-02 -0.3589E-02
     -0.3833E-02 -0.4113E-02 -0.7247E-02 -0.6221E-02 -0.5000E+01
     -0.5000E+01 -0.5051E-02 -0.1375E-02 -0.3339E-02 -0.5000E+01
      0.1118E-02  0.1186E-02  0.9905E-03 -0.5000E+01 -0.5000E+01
     -0.5000E+01 -0.1688E-02 -0.1015E-03  0.6477E-02  0.6205E-03
      0.4255E-02 -0.1576E-02 -0.4649E-02 -0.2449E-02 -0.5000E+01
     -0.5000E+01 -0.5000E+01  0.4056E-02 -0.7933E-03  0.3638E-02
      0.2961E-03 -0.6796E-03 -0.6066E-02 -0.6714E-02 -0.5000E+01
     -0.5000E+01 -0.5000E+01 -0.4907E-02 -0.3630E-02  0.2088E-02
     -0.3164E-02 -0.3083E-02 -0.6407E-02 -0.5000E+01 -0.5000E+01
     -0.5000E+01 -0.5000E+01 -0.5000E+01 -0.5000E+01 -0.5000E+01
     -0.5000E+01 -0.5000E+01 -0.5000E+01 -0.5000E+01 -0.5000E+01
     -0.5000E+01 -0.5000E+01 -0.1795E-01 -0.5000E+01 -0.5000E+01
     -0.5000E+01 -0.5000E+01 -0.5000E+01 -0.5000E+01 -0.5000E+01
     -0.5000E+01 -0.5000E+01 -0.5000E+01 -0.5000E+01 -0.5000E+01
     -0.5000E+01 -0.5000E+01 -0.5000E+01 -0.5000E+01 -0.5000E+01
     -0.5000E+01 -0.5000E+01 -0.5000E+01 -0.5000E+01 -0.5000E+01
     -0.5000E+01 -0.1019E-01 -0.5000E+01 -0.1243E-02 -0.5000E+01
     -0.5000E+01 -0.5000E+01 -0.5000E+01 -0.5000E+01 -0.5000E+01
     -0.5000E+01 -0.5000E+01 -0.5000E+01 -0.5000E+01 -0.5000E+01
     -0.5000E+01 -0.5000E+01 -0.5000E+01 -0.5000E+01 -0.5000E+01
     -0.5000E+01 -0.5000E+01 -0.5000E+01 -0.5000E+01 -0.5000E+01
     -0.5000E+01 -0.5000E+01 -0.5000E+01 -0.5000E+01 -0.5000E+01
     -0.5000E+01 -0.5000E+01 -0.5000E+01 -0.5000E+01 -0.5000E+01
     -0.5000E+01 -0.5000E+01 -0.5000E+01 -0.5000E+01 -0.5000E+01
     -0.5000E+01 -0.5000E+01 -0.5000E+01 -0.5000E+01 -0.5000E+01
     -0.5000E+01 -0.5000E+01 -0.5000E+01 -0.5000E+01 -0.5000E+01
     -0.5000E+01 -0.5000E+01 -0.5000E+01 -0.5000E+01 -0.5000E+01
     -0.5000E+01 -0.5000E+01 -0.5000E+01 -0.5000E+01 -0.5000E+01
     -0.5000E+01 -0.5000E+01 -0.5000E+01 -0.5000E+01 -0.5000E+01
     -0.5000E+01 -0.5000E+01 -0.5000E+01 -0.5000E+01 -0.5000E+01
     -0.5000E+01 -0.5000E+01 -0.5000E+01 -0.5000E+01 -0.5000E+01
     -0.5000E+01 -0.5000E+01 -0.5000E+01 -0.5000E+01 -0.5000E+01
     -0.5000E+01 -0.5000E+01 -0.5000E+01 -0.5000E+01 -0.5000E+01
     -0.5000E+01 -0.5000E+01 -0.5000E+01 -0.5000E+01 -0.5000E+01
     -0.5000E+01 -0.5000E+01 -0.5000E+01 -0.5000E+01 -0.5000E+01
     -0.5000E+01 -0.5000E+01 -0.5000E+01 -0.5000E+01 -0.5000E+01
     -0.5000E+01 -0.5000E+01 -0.5000E+01 -0.5000E+01 -0.5000E+01
     -0.5000E+01 -0.5000E+01 -0.5000E+01 -0.5000E+01 -0.5000E+01
     -0.5000E+01 -0.5000E+01 -0.5000E+01 -0.5000E+01 -0.5000E+01
     -0.5000E+01 -0.5000E+01 -0.5000E+01 -0.5000E+01 -0.5000E+01
     -0.5000E+01 -0.5000E+01 -0.5000E+01 -0.5000E+01 -0.5000E+01
     -0.5000E+01 -0.5000E+01 -0.5000E+01 -0.5000E+01 -0.5000E+01
     -0.5000E+01 -0.5000E+01 -0.5000E+01 -0.5000E+01 -0.5000E+01
     -0.5000E+01 -0.5000E+01 -0.5000E+01 -0.5000E+01 -0.5000E+01
     -0.5000E+01 -0.5000E+01 -0.5000E+01 -0.5000E+01 -0.5000E+01
     -0.5000E+01 -0.5000E+01 -0.5000E+01 -0.5000E+01 -0.5000E+01
     -0.5000E+01 -0.5000E+01 -0.5000E+01 -0.5000E+01 -0.5000E+01
     -0.5000E+01 -0.5000E+01 -0.5000E+01 -0.5000E+01 -0.5000E+01
     -0.5000E+01 -0.5000E+01 -0.5000E+01 -0.5000E+01 -0.5000E+01
     -0.5000E+01 -0.5000E+01 -0.5000E+01 -0.5000E+01 -0.5000E+01
     -0.5000E+01 -0.5000E+01 -0.5000E+01 -0.5000E+01 -0.5000E+01
     -0.5000E+01 -0.5000E+01 -0.5000E+01 -0.5000E+01 -0.5000E+01
     -0.5000E+01 -0.5000E+01 -0.5000E+01 -0.5000E+01 -0.5000E+01
     -0.5000E+01 -0.5000E+01 -0.5000E+01 -0.5000E+01 -0.5000E+01
     -0.5000E+01 -0.5000E+01 -0.5000E+01 -0.5000E+01 -0.5000E+01
     -0.5000E+01 -0.5000E+01 -0.5000E+01 -0.5000E+01 -0.5000E+01
     -0.5000E+01 -0.5000E+01 -0.5000E+01 -0.5000E+01 -0.5000E+01
     -0.5000E+01 -0.5000E+01 -0.5000E+01 -0.5000E+01 -0.5000E+01
     -0.5000E+01 -0.5000E+01 -0.5000E+01 -0.5000E+01 -0.5000E+01
     -0.5000E+01 -0.5000E+01 -0.5000E+01 -0.5000E+01 -0.5000E+01
     -0.5000E+01 -0.5000E+01 -0.5000E+01 -0.5000E+01 -0.5000E+01
     -0.5000E+01 -0.5000E+01 -0.5000E+01 -0.5000E+01 -0.5000E+01
     -0.5000E+01 -0.5000E+01 -0.5000E+01 -0.5000E+01 -0.5000E+01
     -0.5000E+01 -0.5000E+01 -0.5000E+01 -0.5000E+01 -0.5000E+01
     -0.5000E+01 -0.5000E+01 -0.5000E+01 -0.5000E+01 -0.5000E+01
     -0.5000E+01 -0.5000E+01 -0.5000E+01 -0.5000E+01 -0.5000E+01
     -0.5000E+01 -0.5000E+01 -0.5000E+01 -0.5000E+01 -0.5000E+01
     -0.5000E+01 -0.5000E+01 -0.5000E+01 -0.5000E+01 -0.5000E+01
     -0.5000E+01 -0.5000E+01 -0.5000E+01 -0.5000E+01 -0.5000E+01
     -0.5000E+01 -0.5000E+01 -0.5000E+01 -0.5000E+01 -0.5000E+01
     -0.5000E+01 -0.5000E+01 -0.5000E+01 -0.5000E+01 -0.5000E+01
     -0.5000E+01 -0.5000E+01 -0.5000E+01 -0.5000E+01 -0.5000E+01
     -0.5000E+01 -0.5000E+01 -0.5000E+01 -0.5000E+01 -0.5000E+01
     -0.5000E+01 -0.5000E+01 -0.5000E+01 -0.5000E+01 -0.5000E+01
     -0.5000E+01 -0.5000E+01 -0.5000E+01 -0.5000E+01 -0.5000E+01
     -0.5000E+01 -0.5000E+01 -0.5000E+01 -0.5000E+01 -0.5000E+01
     -0.5000E+01 -0.5000E+01 -0.5000E+01 -0.5000E+01 -0.5000E+01
     -0.5000E+01 -0.5000E+01 -0.5000E+01 -0.5000E+01 -0.5000E+01
     -0.5000E+01 -0.5000E+01 -0.5000E+01 -0.5000E+01 -0.5000E+01
     -0.5000E+01 -0.5000E+01 -0.5000E+01 -0.5000E+01 -0.5000E+01
     -0.5000E+01 -0.5000E+01 -0.5000E+01 -0.5000E+01 -0.5000E+01
     -0.5000E+01 -0.5000E+01 -0.5000E+01 -0.5000E+01 -0.5000E+01
     -0.5000E+01 -0.5000E+01 -0.5000E+01 -0.5000E+01 -0.5000E+01
     -0.5000E+01 -0.5000E+01 -0.5000E+01 -0.5000E+01 -0.5000E+01
     -0.5000E+01 -0.5000E+01 -0.5000E+01 -0.5000E+01 -0.5000E+01
     -0.5000E+01 -0.5000E+01 -0.5000E+01 -0.5000E+01 -0.5000E+01
     -0.5000E+01 -0.5000E+01 -0.5000E+01 -0.5000E+01 -0.5000E+01
     -0.5000E+01 -0.5000E+01 -0.5000E+01 -0.5000E+01 -0.5000E+01
     -0.5000E+01 -0.5000E+01 -0.5000E+01 -0.5000E+01 -0.5000E+01
     -0.5000E+01 -0.5000E+01 -0.5000E+01 -0.5000E+01 -0.5000E+01
     -0.5000E+01 -0.5000E+01 -0.5000E+01 -0.5000E+01 -0.5000E+01
     -0.5000E+01 -0.5000E+01 -0.5000E+01 -0.5000E+01 -0.5000E+01
     -0.5000E+01 -0.5000E+01 -0.5000E+01 -0.5000E+01 -0.5000E+01
     -0.5000E+01 -0.5000E+01 -0.5000E+01 -0.5000E+01 -0.5000E+01
     -0.5000E+01 -0.5000E+01 -0.5000E+01 -0.5000E+01 -0.5000E+01
     -0.5000E+01 -0.5000E+01 -0.5000E+01 -0.5000E+01 -0.5000E+01
     -0.5000E+01 -0.5000E+01 -0.5000E+01 -0.5000E+01 -0.5000E+01
     -0.5000E+01 -0.5000E+01 -0.5000E+01 -0.5000E+01 -0.5000E+01
     -0.5000E+01 -0.5000E+01 -0.5000E+01 -0.5000E+01 -0.5000E+01
     -0.5000E+01 -0.5000E+01 -0.5000E+01 -0.5000E+01 -0.5000E+01
     -0.5000E+01 -0.5000E+01 -0.5000E+01 -0.5000E+01 -0.5000E+01
     -0.5000E+01 -0.5000E+01 -0.5000E+01 -0.5000E+01 -0.5000E+01
     -0.5000E+01 -0.5000E+01 -0.5000E+01 -0.5000E+01 -0.5000E+01
     -0.5000E+01 -0.5000E+01 -0.5000E+01 -0.5000E+01 -0.5000E+01
     -0.5000E+01 -0.5000E+01 -0.5000E+01 -0.5000E+01 -0.5000E+01
     -0.5000E+01 -0.5000E+01 -0.5000E+01 -0.5000E+01 -0.5000E+01
     -0.5000E+01 -0.5000E+01 -0.5000E+01 -0.5000E+01 -0.5000E+01
     -0.5000E+01 -0.5000E+01 -0.5000E+01 -0.5000E+01 -0.5000E+01
     -0.5000E+01 -0.5000E+01 -0.5000E+01 -0.5000E+01 -0.5000E+01
     -0.5000E+01 -0.5000E+01 -0.5000E+01 -0.5000E+01 -0.5000E+01
     -0.5000E+01 -0.5000E+01 -0.5000E+01 -0.5000E+01 -0.5000E+01
     -0.5000E+01 -0.5000E+01 -0.5000E+01 -0.5000E+01 -0.5000E+01
     -0.5000E+01 -0.5000E+01 -0.5000E+01 -0.5000E+01 -0.5000E+01
     -0.5000E+01 -0.5000E+01 -0.5000E+01 -0.5000E+01 -0.5000E+01
     -0.5000E+01 -0.5000E+01 -0.5000E+01 -0.5000E+01 -0.5000E+01
     -0.5000E+01 -0.5000E+01 -0.5000E+01 -0.5000E+01 -0.5000E+01
     -0.5000E+01 -0.5000E+01 -0.5000E+01 -0.5000E+01 -0.5000E+01
     -0.5000E+01 -0.5000E+01 -0.5000E+01 -0.5000E+01 -0.5000E+01
     -0.5000E+01 -0.5000E+01 -0.5000E+01 -0.5000E+01 -0.5000E+01
     -0.5000E+01 -0.5000E+01 -0.5000E+01 -0.5000E+01 -0.5000E+01
     -0.5000E+01 -0.5000E+01 -0.5000E+01 -0.5000E+01 -0.5000E+01
     -0.5000E+01 -0.5000E+01 -0.5000E+01 -0.5000E+01 -0.5000E+01
     -0.5000E+01 -0.5000E+01 -0.5000E+01 -0.5000E+01 -0.5000E+01
     -0.5000E+01 -0.5000E+01 -0.5000E+01 -0.5000E+01 -0.5000E+01
     -0.5000E+01 -0.5000E+01 -0.5000E+01 -0.5000E+01 -0.5000E+01
     -0.5000E+01 -0.5000E+01 -0.5000E+01 -0.5000E+01 -0.5000E+01
     -0.5000E+01 -0.5000E+01 -0.5000E+01 -0.5000E+01 -0.5000E+01
     -0.5000E+01 -0.5000E+01 -0.5000E+01 -0.5000E+01 -0.5000E+01
     -0.5000E+01 -0.5000E+01 -0.5000E+01 -0.5000E+01 -0.5000E+01
