1.2625
0.97733
0.503533
1.2875
1.69413
0.89574
1.3125
2.68858
1.35515
1.3375
5.466
2.45561
1.3625
9.88032
4.35266
1.3875
13.011
10.1384
1.4125
16.2216
15.2439
1.4375
18.7304
19.4751
1.4625
20.3991
25.6339
1.4875
21.2288
31.6234
1.5125
20.5264
37.0864
1.5375
20.6489
43.8412
1.5625
20.8256
44.2776
1.5875
21.6696
41.8049
1.6125
22.2875
30.0583
1.6375
24.6011
27.9034
1.6625
27.6467
24.5193
1.6875
29.4137
25.6706
1.7125
29.9131
22.4852
1.7375
27.2657
25.3669
1.7625
21.0862
30.2761
1.7875
19.1944
35.945
1.8125
18.8708
39.7223
1.8375
19.8068
26.997
1.8625
19.893
26.6558
1.8875
19.3237
30.8361
1.9125
19.538
20.9067
1.9375
19.2514
24.6159
1.9625
18.852
25.6489
1.9875
18.0648
27.9977
2.0125
17.6041
29.3683
2.0375
16.9438
33.0024
2.0625
16.2495
34.892
2.0875
16.2256
38.76
2.1125
15.5151
39.3587
2.1375
15.2477
38.6423
2.1625
14.2673
40.7494
2.1875
13.8664
43.46
2.2125
13.6903
47.4068
2.2375
13.2639
50.0908
2.2625
12.9397
52.4862
2.2875
12.8696
53.9337
2.3125
12.4773
56.3113
2.3375
12.0892
59.7313
2.3625
11.2784
64.3456
2.3875
10.8186
70.5676
2.4125
10.4189
72.219
2.4375
10.2505
73.3129
2.4625
9.76235
75.9816
2.4875
9.6221
79.8606
2.5125
9.47229
77.7603
2.5375
9.50015
80.9324
2.5625
8.82141
105.776
2.5875
8.16457
130.632
2.6125
7.78719
139.627
2.6375
7.51031
145.173
2.6625
7.33692
153.357
2.6875
7.21588
159.33
2.7125
6.93173
158.873
2.7375
6.75586
163.449
2.7625
6.82146
171.998
2.7875
6.85243
175.839
2.8125
6.72576
170.387
2.8375
6.64821
164.769
2.8625
6.50708
172.181
2.8875
6.34803
176.373
2.9125
6.43318
184.875
2.9375
6.51292
189.866
2.9625
6.27226
197.489
2.9875
5.99724
207.315
3.0125
5.71417
193.022
