1.2625
0.238552
0.555608
1.2875
0.41222
0.975904
1.3125
0.632183
1.45386
1.3375
1.15136
1.88576
1.3625
2.04127
2.24736
1.3875
2.94903
4.84398
1.4125
3.73525
7.02115
1.4375
4.98101
8.55187
1.4625
6.42047
9.71217
1.4875
8.16358
11.1487
1.5125
8.14541
13.1805
1.5375
8.37044
13.0075
1.5625
7.80645
13.5345
1.5875
7.56095
16.2599
1.6125
7.6744
18.7673
1.6375
8.95981
20.9516
1.6625
10.3805
20.0028
1.6875
12.9402
19.437
1.7125
14.7678
20.5651
1.7375
13.8016
20.9832
1.7625
12.0447
22.0423
1.7875
11.0933
24.7553
1.8125
10.3514
27.1858
1.8375
11.8624
18.1464
1.8625
11.9751
17.8386
1.8875
11.5259
20.7362
1.9125
12.0431
13.9749
1.9375
11.8177
16.5948
1.9625
11.5227
16.9866
1.9875
11.0537
18.6277
2.0125
10.518
19.3499
2.0375
10.0234
22.0351
2.0625
9.58594
23.4165
2.0875
9.31032
25.5746
2.1125
9.06044
26.2627
2.1375
8.91216
25.5771
2.1625
8.51186
26.9966
2.1875
8.108
28.6565
2.2125
7.89156
31.2232
2.2375
7.73701
33.8041
2.2625
7.64927
34.7414
2.2875
7.52398
35.8909
2.3125
7.30977
37.5302
2.3375
7.16118
39.4092
2.3625
6.78662
43.2647
2.3875
6.5938
46.8633
2.4125
6.37008
48.0523
2.4375
6.25885
49.0754
2.4625
6.07826
51.4381
2.4875
5.91681
52.4892
2.5125
5.7659
51.9955
2.5375
5.60934
53.9126
2.5625
5.17068
71.4167
2.5875
4.66215
87.8597
2.6125
4.37684
92.2927
2.6375
4.22934
96.7656
2.6625
4.09166
102.04
2.6875
4.04306
107.912
2.7125
3.91361
106.603
2.7375
3.85133
107.805
2.7625
3.79862
114.04
2.7875
3.87432
116.93
2.8125
3.79741
112.523
2.8375
3.76882
110.275
2.8625
3.62099
111.339
2.8875
3.52316
116.67
2.9125
3.70335
123.428
2.9375
3.77013
126.351
2.9625
3.57726
133.27
2.9875
3.35397
136.82
3.0125
3.04204
129.883
