1.2625
0.462024
0.722919
1.2875
0.793825
1.27397
1.3125
1.19495
1.86509
1.3375
2.20679
2.46838
1.3625
3.94533
2.92917
1.3875
5.64511
6.28453
1.4125
7.08191
9.17653
1.4375
9.21556
11.1047
1.4625
10.872
13.1103
1.4875
11.7856
17.2022
1.5125
11.5098
20.302
1.5375
12.0871
20.7024
1.5625
11.5042
20.7084
1.5875
11.1501
23.4007
1.6125
11.6548
25.5856
1.6375
13.3582
27.4581
1.6625
15.1282
25.5056
1.6875
17.8024
25.372
1.7125
19.5577
25.3583
1.7375
18.0505
27.3368
1.7625
15.3357
29.7975
1.7875
14.1977
34.1354
1.8125
13.5182
37.2837
1.8375
16.0247
25.5471
1.8625
16.2218
25.359
1.8875
15.5982
29.4624
1.9125
16.1468
19.9081
1.9375
15.9456
23.5389
1.9625
15.4199
24.0575
1.9875
15.1572
26.7163
2.0125
14.1946
27.5106
2.0375
13.6393
31.1824
2.0625
13.104
33.2836
2.0875
12.866
36.7981
2.1125
12.3096
37.174
2.1375
12.1912
36.5353
2.1625
11.5801
38.4485
2.1875
11.2402
41.6529
2.2125
10.8162
44.4371
2.2375
10.5765
47.3099
2.2625
10.4778
49.5273
2.2875
10.3297
50.959
2.3125
10.1293
53.5955
2.3375
9.69787
55.9437
2.3625
9.47571
62.3327
2.3875
9.08718
67.3386
2.4125
8.71106
68.5498
2.4375
8.40587
69.7451
2.4625
8.20647
72.3021
2.4875
7.96877
75.4146
2.5125
7.85731
74.3502
2.5375
7.56871
76.5267
2.5625
7.04577
101.057
2.5875
6.43873
124.893
2.6125
5.99411
130.094
2.6375
5.84571
137.63
2.6625
5.7192
145.125
2.6875
5.58408
150.557
2.7125
5.40818
152.44
2.7375
5.28942
154.528
2.7625
5.25669
160.633
2.7875
5.2734
168.415
2.8125
5.26461
159.868
2.8375
5.11607
156.214
2.8625
5.06584
160.354
2.8875
4.89765
166.863
2.9125
5.03863
174.069
2.9375
5.11536
179.833
2.9625
4.90907
188.578
2.9875
4.66211
192.503
3.0125
4.26909
186.607
