1.2625
0.716742
0.70283
1.2875
1.22168
1.22932
1.3125
1.86342
1.82553
1.3375
3.42692
2.39091
1.3625
6.12427
2.84906
1.3875
8.80807
6.11483
1.4125
10.8486
9.22163
1.4375
13.3635
12.8138
1.4625
14.8663
16.3115
1.4875
14.8581
22.8749
1.5125
14.5913
27.0688
1.5375
15.235
29.2998
1.5625
15.0362
28.0574
1.5875
14.7137
29.1537
1.6125
15.5063
29.1278
1.6375
17.5084
29.0488
1.6625
19.6127
25.7568
1.6875
22.2848
26.5605
1.7125
23.5487
24.572
1.7375
21.441
27.1932
1.7625
17.472
31.3591
1.7875
16.0097
36.8833
1.8125
15.6349
40.4852
1.8375
18.788
27.6458
1.8625
19.2283
27.2101
1.8875
18.4358
31.53
1.9125
18.9464
21.3402
1.9375
18.8211
25.4121
1.9625
18.324
26.2359
1.9875
17.6169
28.541
2.0125
16.8347
29.9817
2.0375
15.9354
33.5152
2.0625
15.646
35.8344
2.0875
15.311
39.5716
2.1125
14.6664
40.512
2.1375
14.5204
39.7214
2.1625
13.7325
41.6592
2.1875
13.1465
44.499
2.2125
12.8527
48.2663
2.2375
12.709
51.2271
2.2625
12.3915
53.767
2.2875
12.2574
55.1435
2.3125
11.8304
57.136
2.3375
11.5524
60.8347
2.3625
10.9131
65.6977
2.3875
10.5577
72.6101
2.4125
10.2076
74.0917
2.4375
9.97144
75.3639
2.4625
9.63877
78.0036
2.4875
9.30581
80.7327
2.5125
9.30779
79.8698
2.5375
8.97029
82.7797
2.5625
8.24811
108.201
2.5875
7.64242
134.599
2.6125
7.25898
143.081
2.6375
6.92222
148.488
2.6625
6.78223
157.694
2.6875
6.63068
162.439
2.7125
6.42205
164.895
2.7375
6.37837
169.768
2.7625
6.36025
176.808
2.7875
6.41056
182.924
2.8125
6.27313
174.31
2.8375
6.15247
167.198
2.8625
6.02532
173.063
2.8875
5.86911
179.66
2.9125
6.00134
187.892
2.9375
6.12541
198.354
2.9625
5.85527
202.56
2.9875
5.61325
210.685
3.0125
5.14417
198.242
