1.2625
0.856477
0.546472
1.2875
1.49298
0.975327
1.3125
2.26534
1.42985
1.3375
4.29561
2.11443
1.3625
7.60486
3.59317
1.3875
10.9152
6.99739
1.4125
13.5583
9.97256
1.4375
14.8038
15.7076
1.4625
16.0089
21.036
1.4875
17.2015
26.9644
1.5125
17.4053
31.9386
1.5375
17.8886
36.7262
1.5625
17.9821
36.4229
1.5875
18.0401
35.2536
1.6125
18.4804
29.6994
1.6375
20.4589
28.5597
1.6625
23.0466
25.1567
1.6875
25.365
26.2961
1.7125
26.1737
23.5334
1.7375
23.8606
26.2581
1.7625
19.0711
30.8443
1.7875
17.4536
36.9796
1.8125
17.0364
40.4388
1.8375
18.8583
27.3191
1.8625
19.1803
27.1315
1.8875
18.7045
31.8144
1.9125
19.0805
21.3571
1.9375
18.7917
25.2425
1.9625
18.2802
26.1249
1.9875
17.6361
28.4971
2.0125
16.7804
29.564
2.0375
16.2433
33.4743
2.0625
15.8999
35.7843
2.0875
15.431
39.5305
2.1125
14.8048
40.1849
2.1375
14.5817
39.1753
2.1625
13.7359
41.0082
2.1875
13.2258
44.7216
2.2125
12.8828
47.3266
2.2375
12.8888
51.5988
2.2625
12.5912
53.1204
2.2875
12.2404
54.7613
2.3125
11.9566
57.3036
2.3375
11.6391
60.6939
2.3625
11.1078
66.4626
2.3875
10.59
71.5957
2.4125
10.2692
74.2345
2.4375
10.0145
75.549
2.4625
9.73103
78.401
2.4875
9.5462
81.2221
2.5125
9.26729
80.0338
2.5375
9.17124
82.6269
2.5625
8.45141
108.05
2.5875
7.75665
131.833
2.6125
7.45571
141.675
2.6375
7.09872
148.038
2.6625
6.96505
155.619
2.6875
6.91588
162.933
2.7125
6.59727
162.719
2.7375
6.43185
165.951
2.7625
6.50435
172.796
2.7875
6.54254
180.733
2.8125
6.36991
173.314
2.8375
6.34219
167.738
2.8625
6.15214
172.894
2.8875
5.96619
176.825
2.9125
6.08125
185.923
2.9375
6.22897
194.351
2.9625
6.04088
201.147
2.9875
5.73167
207.888
3.0125
5.35685
198.812
