1.2625
0.211104
0.496987
1.2875
0.364154
0.877718
1.3125
0.5536
1.28903
1.3375
1.00907
1.69568
1.3625
1.80576
2.02406
1.3875
2.61711
4.36322
1.4125
3.2849
6.3152
1.4375
4.47958
7.73681
1.4625
5.74747
8.81585
1.4875
7.40766
10.1306
1.5125
7.46806
11.87
1.5375
7.61372
11.8095
1.5625
7.07881
12.1844
1.5875
6.97165
14.6033
1.6125
6.87076
16.6795
1.6375
8.12011
18.7617
1.6625
9.66313
17.9484
1.6875
12.0192
17.502
1.7125
13.9328
18.6795
1.7375
12.9037
18.4524
1.7625
11.2698
19.4778
1.7875
10.1617
21.6834
1.8125
9.62859
23.7644
1.8375
11.0615
15.7271
1.8625
11.1144
15.4524
1.8875
10.6865
17.9163
1.9125
11.1821
12.0261
1.9375
11.0311
14.2987
1.9625
10.6948
14.7732
1.9875
10.3503
16.0474
2.0125
9.76687
16.7082
2.0375
9.22949
19.1659
2.0625
8.88197
19.9705
2.0875
8.67308
22.246
2.1125
8.37556
22.6721
2.1375
8.30247
22.1763
2.1625
7.87163
23.3452
2.1875
7.579
25.1169
2.2125
7.33737
27.065
2.2375
7.10683
28.8677
2.2625
7.07371
30.049
2.2875
7.03965
31.3648
2.3125
6.89045
32.5591
2.3375
6.71853
34.1105
2.3625
6.38619
37.6299
2.3875
6.2531
41.0337
2.4125
6.00391
41.7993
2.4375
5.79448
42.7542
2.4625
5.68158
44.3555
2.4875
5.60751
45.8977
2.5125
5.35679
44.7862
2.5375
5.2711
46.5019
2.5625
4.74227
60.8761
2.5875
4.29645
75.3301
2.6125
4.00197
80.1763
2.6375
3.86737
83.4477
2.6625
3.75122
86.7111
2.6875
3.66018
91.349
2.7125
3.64347
93.3989
2.7375
3.52416
93.7969
2.7625
3.51826
98.0817
2.7875
3.58878
103.149
2.8125
3.5086
97.3782
2.8375
3.43467
93.7496
2.8625
3.33589
96.9506
2.8875
3.29121
101.624
2.9125
3.40866
106.231
2.9375
3.45425
110.057
2.9625
3.31826
114.934
2.9875
3.11927
118.735
3.0125
2.75472
113.022
