1.2625
0.969057
0.499162
1.2875
1.67092
0.884252
1.3125
2.57067
1.30451
1.3375
4.90465
2.0575
1.3625
8.63559
4.00766
1.3875
11.6993
7.89329
1.4125
15.0973
12.1232
1.4375
17.1236
16.2298
1.4625
18.3216
21.1492
1.4875
19.1687
29.1227
1.5125
18.953
34.4473
1.5375
19.1473
40.0402
1.5625
19.3293
40.1779
1.5875
19.7539
38.4407
1.6125
20.3894
30.0638
1.6375
22.4867
28.3892
1.6625
25.2046
24.8545
1.6875
27.4092
26.1596
1.7125
28.0999
23.2682
1.7375
25.4347
25.9451
1.7625
20.0279
30.458
1.7875
18.256
36.6765
1.8125
17.8951
40.2985
1.8375
19.3778
27.2727
1.8625
19.5351
26.9781
1.8875
19.0209
31.3783
1.9125
19.2302
21.2925
1.9375
19.2304
25.1116
1.9625
18.5029
25.9723
1.9875
17.7191
27.9728
2.0125
17.0921
29.605
2.0375
16.6173
33.1914
2.0625
15.9419
35.347
2.0875
15.7691
39.308
2.1125
15.2951
40.0307
2.1375
14.726
38.9347
2.1625
13.9356
41.0635
2.1875
13.511
43.9093
2.2125
13.2142
47.2829
2.2375
13.0637
51.1799
2.2625
12.7627
52.8347
2.2875
12.4927
55.0179
2.3125
12.0729
56.8593
2.3375
11.9216
60.461
2.3625
10.9869
65.3023
2.3875
10.6812
70.767
2.4125
10.2541
73.1068
2.4375
10.1388
74.1538
2.4625
9.75904
77.9948
2.4875
9.37724
79.1677
2.5125
9.17186
77.9722
2.5375
9.28503
82.7112
2.5625
8.45293
106.339
2.5875
7.86038
130.619
2.6125
7.46132
140.487
2.6375
7.32233
147.348
2.6625
7.21492
155.408
2.6875
6.98487
159.569
2.7125
6.78315
160.962
2.7375
6.65497
168.161
2.7625
6.62785
174.099
2.7875
6.64825
178.665
2.8125
6.55544
172.217
2.8375
6.4507
166.62
2.8625
6.19507
171.492
2.8875
6.1312
176.975
2.9125
6.22603
186.065
2.9375
6.29067
190.406
2.9625
6.16263
201.386
2.9875
5.86542
208.76
3.0125
5.54392
199.616
