1.2625
0.520653
0.72726
1.2875
0.894128
1.28346
1.3125
1.35874
1.8852
1.3375
2.49243
2.4916
1.3625
4.4632
2.95465
1.3875
6.39425
6.31502
1.4125
8.0275
9.37019
1.4375
10.4354
11.3661
1.4625
11.9817
13.7804
1.4875
12.568
18.5357
1.5125
12.1757
21.996
1.5375
12.6982
22.5485
1.5625
12.2916
22.1971
1.5875
11.9309
24.6285
1.6125
12.5618
26.4223
1.6375
14.344
27.9537
1.6625
16.2079
25.7741
1.6875
18.9477
25.6779
1.7125
20.4013
25.1145
1.7375
18.805
27.248
1.7625
15.8765
30.4216
1.7875
14.6199
34.9963
1.8125
14.0779
38.1859
1.8375
16.658
25.9473
1.8625
17.0572
25.8116
1.8875
16.3828
29.9771
1.9125
17.0918
20.3825
1.9375
16.8976
24.1773
1.9625
16.4365
24.9139
1.9875
15.8238
27.075
2.0125
15.0469
28.183
2.0375
14.2621
31.5406
2.0625
13.8264
34.1372
2.0875
13.5618
37.5662
2.1125
13.0384
38.1564
2.1375
12.7368
37.086
2.1625
12.2113
39.5972
2.1875
11.7933
41.9946
2.2125
11.4081
45.5565
2.2375
11.1146
48.4356
2.2625
10.9861
50.6814
2.2875
10.8547
52.2768
2.3125
10.4825
54.3169
2.3375
10.2301
57.2296
2.3625
9.78846
62.957
2.3875
9.26369
68.5821
2.4125
9.17714
70.6821
2.4375
8.91516
71.1785
2.4625
8.48458
74.0484
2.4875
8.45983
77.1453
2.5125
8.26837
75.8418
2.5375
8.08843
78.1183
2.5625
7.43355
102.183
2.5875
6.70154
124.941
2.6125
6.4274
135.989
2.6375
6.1502
140.918
2.6625
6.03096
148.347
2.6875
5.81611
152.28
2.7125
5.70837
155.389
2.7375
5.59285
156.375
2.7625
5.58914
166.215
2.7875
5.62476
171.576
2.8125
5.53654
163.683
2.8375
5.43925
158.678
2.8625
5.23683
162.69
2.8875
5.18648
171.987
2.9125
5.30435
177.72
2.9375
5.47994
186.686
2.9625
5.15821
191.472
2.9875
4.9504
200.122
3.0125
4.46728
189.746
