1.2625
1.58468
1.25366
1.2875
2.75046
2.25462
1.3125
4.49168
3.26731
1.3375
10.1109
5.89105
1.3625
18.9385
13.2414
1.3875
27.7543
21.743
1.4125
34.8176
40.801
1.4375
39.9601
51.1838
1.4625
42.9685
53.3624
1.4875
43.6844
56.341
1.5125
40.9256
55.7305
1.5375
41.1012
46.5019
1.5625
39.5087
51.1145
1.5875
38.916
48.0011
1.6125
40.506
28.6831
1.6375
43.2076
25.1574
1.6625
45.7912
21.4953
1.6875
46.4204
22.9067
1.7125
45.2491
19.4321
1.7375
41.1184
22.2972
1.7625
31.0875
27.3998
1.7875
28.0825
32.7351
1.8125
28.728
36.0955
1.8375
27.3715
24.4183
1.8625
27.5577
24.4536
1.8875
27.0511
28.2229
1.9125
26.6257
19.2188
1.9375
26.5635
22.711
1.9625
25.1184
23.093
1.9875
24.8685
25.4446
2.0125
23.7305
26.6134
2.0375
23.448
29.7877
2.0625
23.1073
31.9697
2.0875
22.875
35.0803
2.1125
21.7546
35.8496
2.1375
20.6907
34.8986
2.1625
19.9904
37.1497
2.1875
19.4111
39.619
2.2125
19.0347
42.6068
2.2375
18.5761
46.0707
2.2625
18.222
47.3721
2.2875
18.3217
49.2508
2.3125
17.3041
50.9945
2.3375
16.522
54.2262
2.3625
15.4557
58.7829
2.3875
14.7647
64.0769
2.4125
14.1571
65.7087
2.4375
13.8681
67.2321
2.4625
13.6609
69.9411
2.4875
12.9437
72.2223
2.5125
12.8969
71.3357
2.5375
12.8211
73.7107
2.5625
12.4303
97.105
2.5875
11.6377
118.839
2.6125
11.3249
129.023
2.6375
10.8674
131.46
2.6625
10.6329
138.057
2.6875
10.507
145.064
2.7125
9.9597
144.283
2.7375
9.8184
147.457
2.7625
9.82167
153.091
2.7875
9.88929
160.654
2.8125
9.61729
154.229
2.8375
9.59805
151.345
2.8625
9.27673
155.001
2.8875
9.10176
160.967
2.9125
9.10427
167.043
2.9375
9.32896
172.226
2.9625
8.99231
180.362
2.9875
8.69176
186.023
3.0125
8.57199
177.521
