1.2625
0.796623
0.609001
1.2875
1.36916
1.06852
1.3125
2.10191
1.59013
1.3375
3.86905
2.11488
1.3625
6.90499
2.65588
1.3875
9.8806
5.58483
1.4125
12.0866
8.68113
1.4375
13.6043
14.5706
1.4625
15.2775
18.9626
1.4875
15.9836
24.9139
1.5125
16.0824
29.6727
1.5375
16.4503
32.754
1.5625
16.4744
31.9609
1.5875
16.3815
32.4149
1.6125
16.8032
29.3878
1.6375
19.0093
28.9839
1.6625
21.314
25.5241
1.6875
23.6632
26.3647
1.7125
24.7184
24.0135
1.7375
22.6843
26.7953
1.7625
18.2927
31.3908
1.7875
16.6197
36.5392
1.8125
16.3128
40.637
1.8375
18.9459
27.7352
1.8625
19.1686
27.2192
1.8875
18.5542
32.2266
1.9125
19.0284
21.4873
1.9375
18.7492
25.4578
1.9625
18.3102
26.0216
1.9875
17.6845
28.7144
2.0125
16.8633
29.9497
2.0375
16.1473
33.5178
2.0625
15.7935
35.9975
2.0875
15.2993
39.706
2.1125
14.6843
39.9903
2.1375
14.4521
39.1762
2.1625
13.793
41.4051
2.1875
13.2023
44.5731
2.2125
12.8524
47.8573
2.2375
12.7087
51.7378
2.2625
12.4758
53.8957
2.2875
12.2955
55.4519
2.3125
11.8453
57.5687
2.3375
11.4264
60.7651
2.3625
10.9196
66.4943
2.3875
10.4481
72.1842
2.4125
10.1924
73.9903
2.4375
9.96865
76.3753
2.4625
9.60395
78.5277
2.4875
9.38981
81.352
2.5125
9.28613
79.6722
2.5375
8.98093
83.0543
2.5625
8.30093
106.94
2.5875
7.7245
134.927
2.6125
7.31621
143.149
2.6375
6.97582
148.169
2.6625
6.90391
156.918
2.6875
6.74955
161.665
2.7125
6.50939
164.64
2.7375
6.40784
168.777
2.7625
6.32433
175.4
2.7875
6.42155
181.894
2.8125
6.33196
171.274
2.8375
6.23131
168.065
2.8625
6.06865
174.589
2.8875
5.94917
178.66
2.9125
6.00662
187.579
2.9375
6.1717
193.237
2.9625
5.97626
203.03
2.9875
5.65508
206.13
3.0125
5.18363
197.183
