1.2625
1.30515
1.13459
1.2875
2.29471
2.04081
1.3125
3.71469
2.94584
1.3375
8.41886
5.38639
1.3625
15.817
12.1522
1.3875
22.755
19.4258
1.4125
28.1852
35.2998
1.4375
31.3956
45.2286
1.4625
34.3373
49.8415
1.4875
34.4467
54.6628
1.5125
31.7066
57.3607
1.5375
32.0624
50.5719
1.5625
30.7112
55.1626
1.5875
30.3124
52.3438
1.6125
34.7718
29.7785
1.6375
37.5112
25.7597
1.6625
40.8247
22.1997
1.6875
42.063
23.7176
1.7125
41.5115
20.2977
1.7375
37.471
23.0144
1.7625
28.1887
28.0278
1.7875
25.6969
34.0478
1.8125
25.4879
36.8839
1.8375
24.675
25.0541
1.8625
25.0452
25.0624
1.8875
24.1372
28.9122
1.9125
23.9935
19.5661
1.9375
24.1007
23.2954
1.9625
22.8316
23.9582
1.9875
22.4894
26.2193
2.0125
21.6739
27.1633
2.0375
21.1265
30.7505
2.0625
20.7908
32.5639
2.0875
20.6134
36.1618
2.1125
19.6351
36.7191
2.1375
18.9676
36.0874
2.1625
17.8937
38.0793
2.1875
17.1218
40.3025
2.2125
17.0193
43.909
2.2375
16.8049
46.8399
2.2625
16.4852
48.0898
2.2875
16.2612
51.4225
2.3125
15.5164
52.3811
2.3375
15.1502
55.2665
2.3625
14.2672
61.2192
2.3875
13.387
65.3821
2.4125
12.9398
67.645
2.4375
12.7239
68.9829
2.4625
12.2025
71.5477
2.4875
11.9062
73.824
2.5125
11.8071
71.8726
2.5375
11.8711
75.7775
2.5625
10.9554
98.2861
2.5875
10.4056
121.158
2.6125
10.0326
129.896
2.6375
9.75052
136.094
2.6625
9.58366
143.938
2.6875
9.31577
148.665
2.7125
8.98905
146.866
2.7375
8.67314
153.157
2.7625
8.76608
159.408
2.7875
8.79717
165.417
2.8125
8.66186
158.42
2.8375
8.4676
153.145
2.8625
8.28495
158.667
2.8875
8.1351
165.466
2.9125
8.29505
171.602
2.9375
8.26043
176.68
2.9625
8.09815
183.796
2.9875
7.79822
192.782
3.0125
7.76611
183.303
