1.2625
1.1226
0.4804
1.2875
1.96281
0.858002
1.3125
3.06687
1.28865
1.3375
6.19205
2.66751
1.3625
10.993
5.9896
1.3875
14.6232
11.3232
1.4125
17.9543
17.0837
1.4375
20.6813
23.1632
1.4625
22.2276
31.2104
1.4875
22.9067
37.8328
1.5125
22.6964
42.3964
1.5375
21.9048
47.4115
1.5625
22.3136
48.6602
1.5875
23.2926
44.6322
1.6125
24.9033
30.5177
1.6375
27.3288
27.599
1.6625
30.2117
23.962
1.6875
31.8232
25.2471
1.7125
32.3611
22.1062
1.7375
29.3298
25.0431
1.7625
22.484
29.7243
1.7875
20.3649
35.6971
1.8125
19.8911
38.9147
1.8375
20.5493
26.6449
1.8625
20.6707
26.5232
1.8875
19.875
30.3009
1.9125
20.3315
20.7984
1.9375
19.8803
24.4809
1.9625
19.1589
25.2539
1.9875
18.856
27.639
2.0125
18.0999
28.7724
2.0375
17.4161
32.1763
2.0625
17.0683
34.8193
2.0875
16.8778
38.6719
2.1125
16.1178
38.6491
2.1375
15.4907
37.7178
2.1625
14.7867
39.8801
2.1875
14.1068
42.6992
2.2125
14.0873
45.9263
2.2375
13.8429
49.7997
2.2625
13.6216
51.7453
2.2875
13.2848
53.4538
2.3125
12.9865
55.7566
2.3375
12.4289
58.8686
2.3625
11.7619
64.3743
2.3875
11.1732
69.103
2.4125
10.8545
71.642
2.4375
10.5667
72.0022
2.4625
9.9583
74.9428
2.4875
9.93453
77.9946
2.5125
9.66878
76.058
2.5375
9.63147
80.1055
2.5625
9.11841
104.472
2.5875
8.50701
129.5
2.6125
8.08153
136.948
2.6375
7.85212
145.951
2.6625
7.64983
150
2.6875
7.56834
156.665
2.7125
7.30558
159.375
2.7375
7.12221
161.613
2.7625
7.115
167.94
2.7875
7.02261
173.226
2.8125
7.02281
168.227
2.8375
6.95017
162.442
2.8625
6.73722
169.414
2.8875
6.50544
173.93
2.9125
6.68258
182.403
2.9375
6.7284
184.865
2.9625
6.5385
194.24
2.9875
6.30855
200.868
3.0125
6.05469
192.984
