     1.100     0.400     0.854    -0.875    22.500   0.000E+00   0.000E+00    3.0    2.0   0.124E+01
     1.100     0.400     0.854    -0.875    67.500   0.000E+00   0.000E+00    5.0    6.0   0.170E+01
     1.100     0.400     0.854    -0.875   112.500  -0.307E+00   0.258E+00   13.0   20.0   0.197E+01
     1.100     0.400     0.854    -0.875   157.500   0.000E+00   0.000E+00    6.0    3.0   0.191E+01
     1.100     0.400     0.854    -0.875   202.500   0.000E+00   0.000E+00    7.0    7.0   0.191E+01
     1.100     0.400     0.854    -0.875   247.500  -0.181E+00   0.258E+00   14.0   18.0   0.197E+01
     1.100     0.400     0.854    -0.875   292.500   0.000E+00   0.000E+00    8.0    8.0   0.170E+01
     1.100     0.400     0.854    -0.875   337.500   0.000E+00   0.000E+00    2.0    3.0   0.124E+01
     1.100     0.400     0.854    -0.625    22.500   0.630E-01   0.303E+00   12.0   11.0   0.106E+01
     1.100     0.400     0.854    -0.625    67.500   0.170E+00   0.133E+00   67.0   53.0   0.207E+01
     1.100     0.400     0.854    -0.625   112.500   0.127E+00   0.101E+00  112.0   94.0   0.259E+01
     1.100     0.400     0.854    -0.625   157.500   0.149E+00   0.117E+00   86.0   70.0   0.232E+01
     1.100     0.400     0.854    -0.625   202.500   0.619E-01   0.134E+00   61.0   56.0   0.232E+01
     1.100     0.400     0.854    -0.625   247.500   0.000E+00   0.986E-01  108.0  108.0   0.259E+01
     1.100     0.400     0.854    -0.625   292.500  -0.122E+00   0.141E+00   49.0   58.0   0.207E+01
     1.100     0.400     0.854    -0.625   337.500   0.000E+00   0.000E+00    7.0   13.0   0.106E+01
     1.100     0.400     0.854    -0.375    22.500   0.000E+00   0.000E+00    8.0   11.0   0.946E+00
     1.100     0.400     0.854    -0.375    67.500  -0.129E+00   0.904E-01  118.0  141.0   0.231E+01
     1.100     0.400     0.854    -0.375   112.500   0.404E-01   0.767E-01  184.0  174.0   0.301E+01
     1.100     0.400     0.854    -0.375   157.500   0.174E-01   0.796E-01  168.0  164.0   0.265E+01
     1.100     0.400     0.854    -0.375   202.500   0.154E+00   0.790E-01  188.0  152.0   0.265E+01
     1.100     0.400     0.854    -0.375   247.500  -0.243E-01   0.767E-01  176.0  182.0   0.301E+01
     1.100     0.400     0.854    -0.375   292.500  -0.935E-02   0.823E-01  154.0  156.0   0.231E+01
     1.100     0.400     0.854    -0.375   337.500   0.000E+00   0.000E+00    6.0   12.0   0.946E+00
     1.100     0.400     0.854    -0.125    22.500   0.371E-01   0.232E+00   20.0   19.0   0.883E+00
     1.100     0.400     0.854    -0.125    67.500   0.164E+00   0.714E-01  232.0  185.0   0.244E+01
     1.100     0.400     0.854    -0.125   112.500   0.296E-01   0.690E-01  225.0  216.0   0.329E+01
     1.100     0.400     0.854    -0.125   157.500  -0.416E-01   0.633E-01  254.0  269.0   0.295E+01
     1.100     0.400     0.854    -0.125   202.500   0.304E-02   0.664E-01  239.0  238.0   0.295E+01
     1.100     0.400     0.854    -0.125   247.500   0.601E-01   0.696E-01  226.0  208.0   0.329E+01
     1.100     0.400     0.854    -0.125   292.500  -0.133E-01   0.694E-01  216.0  220.0   0.244E+01
     1.100     0.400     0.854    -0.125   337.500   0.925E-01   0.212E+00   25.0   22.0   0.883E+00
     1.100     0.400     0.854     0.125    22.500   0.129E+00   0.145E+00   55.0   46.0   0.901E+00
     1.100     0.400     0.854     0.125    67.500  -0.317E-02   0.678E-01  228.0  229.0   0.250E+01
     1.100     0.400     0.854     0.125   112.500   0.623E-01   0.730E-01  206.0  189.0   0.346E+01
     1.100     0.400     0.854     0.125   157.500   0.148E-01   0.554E-01  347.0  340.0   0.322E+01
     1.100     0.400     0.854     0.125   202.500  -0.105E+00   0.559E-01  313.0  362.0   0.322E+01
     1.100     0.400     0.854     0.125   247.500   0.303E-01   0.662E-01  244.0  234.0   0.346E+01
     1.100     0.400     0.854     0.125   292.500   0.000E+00   0.667E-01  236.0  236.0   0.250E+01
     1.100     0.400     0.854     0.125   337.500   0.158E+00   0.145E+00   56.0   45.0   0.901E+00
     1.100     0.400     0.854     0.375    22.500  -0.164E+00   0.127E+00   59.0   74.0   0.104E+01
     1.100     0.400     0.854     0.375    67.500   0.752E-01   0.722E-01  213.0  192.0   0.252E+01
     1.100     0.400     0.854     0.375   112.500  -0.113E+00   0.717E-01  189.0  221.0   0.352E+01
     1.100     0.400     0.854     0.375   157.500   0.691E-01   0.536E-01  384.0  349.0   0.346E+01
     1.100     0.400     0.854     0.375   202.500  -0.148E-01   0.517E-01  388.0  396.0   0.346E+01
     1.100     0.400     0.854     0.375   247.500   0.335E-01   0.697E-01  221.0  211.0   0.352E+01
     1.100     0.400     0.854     0.375   292.500   0.115E-01   0.746E-01  190.0  187.0   0.252E+01
     1.100     0.400     0.854     0.375   337.500   0.245E-01   0.133E+00   60.0   58.0   0.104E+01
     1.100     0.400     0.854     0.625    22.500   0.806E-01   0.987E-01  114.0  102.0   0.135E+01
     1.100     0.400     0.854     0.625    67.500   0.841E-01   0.848E-01  155.0  138.0   0.255E+01
     1.100     0.400     0.854     0.625   112.500  -0.190E-01   0.677E-01  226.0  232.0   0.350E+01
     1.100     0.400     0.854     0.625   157.500  -0.362E-01   0.541E-01  351.0  369.0   0.362E+01
     1.100     0.400     0.854     0.625   202.500   0.190E-02   0.526E-01  381.0  380.0   0.362E+01
     1.100     0.400     0.854     0.625   247.500   0.707E-01   0.716E-01  215.0  195.0   0.350E+01
     1.100     0.400     0.854     0.625   292.500   0.504E-02   0.855E-01  144.0  143.0   0.255E+01
     1.100     0.400     0.854     0.625   337.500  -0.696E-01   0.917E-01  119.0  131.0   0.135E+01
     1.100     0.400     0.854     0.875    22.500   0.543E-02   0.887E-01  134.0  133.0   0.200E+01
     1.100     0.400     0.854     0.875    67.500   0.193E-01   0.836E-01  152.0  148.0   0.267E+01
     1.100     0.400     0.854     0.875   112.500  -0.425E-01   0.688E-01  215.0  228.0   0.332E+01
     1.100     0.400     0.854     0.875   157.500   0.104E+00   0.587E-01  329.0  285.0   0.358E+01
     1.100     0.400     0.854     0.875   202.500  -0.120E-01   0.590E-01  300.0  305.0   0.358E+01
     1.100     0.400     0.854     0.875   247.500  -0.154E-01   0.668E-01  233.0  238.0   0.332E+01
     1.100     0.400     0.854     0.875   292.500  -0.496E-01   0.849E-01  141.0  151.0   0.267E+01
     1.100     0.400     0.854     0.875   337.500  -0.204E+00   0.928E-01  107.0  142.0   0.200E+01
     1.140     0.400     0.839    -0.875    22.500  -0.112E-01   0.135E+00   57.0   58.0   0.340E+01
     1.140     0.400     0.839    -0.875    67.500  -0.500E-01   0.904E-01  124.0  133.0   0.451E+01
     1.140     0.400     0.839    -0.875   112.500  -0.704E-01   0.144E+00   48.0   53.0   0.475E+01
     1.140     0.400     0.839    -0.875   157.500   0.000E+00   0.000E+00    1.0    3.0   0.397E+01
     1.140     0.400     0.839    -0.875   202.500   0.000E+00   0.000E+00    0.0    0.0   0.397E+01
     1.140     0.400     0.839    -0.875   247.500   0.159E+00   0.146E+00   55.0   44.0   0.475E+01
     1.140     0.400     0.839    -0.875   292.500  -0.899E-01   0.900E-01  122.0  138.0   0.451E+01
     1.140     0.400     0.839    -0.875   337.500  -0.206E+00   0.129E+00   55.0   73.0   0.340E+01
     1.140     0.400     0.839    -0.625    22.500   0.513E-01   0.723E-01  208.0  194.0   0.314E+01
     1.140     0.400     0.839    -0.625    67.500  -0.565E-02   0.516E-01  393.0  396.0   0.590E+01
     1.140     0.400     0.839    -0.625   112.500   0.603E-02   0.386E-01  708.0  702.0   0.654E+01
     1.140     0.400     0.839    -0.625   157.500   0.140E-02   0.719E-01  203.0  203.0   0.469E+01
     1.140     0.400     0.839    -0.625   202.500  -0.939E-01   0.706E-01  198.0  225.0   0.469E+01
     1.140     0.400     0.839    -0.625   247.500  -0.194E-02   0.387E-01  699.0  701.0   0.654E+01
     1.140     0.400     0.839    -0.625   292.500   0.459E-01   0.549E-01  359.0  337.0   0.590E+01
     1.140     0.400     0.839    -0.625   337.500  -0.746E-02   0.696E-01  216.0  218.0   0.314E+01
     1.140     0.400     0.839    -0.375    22.500  -0.361E-01   0.649E-01  243.0  256.0   0.272E+01
     1.140     0.400     0.839    -0.375    67.500   0.629E-01   0.417E-01  630.0  577.0   0.654E+01
     1.140     0.400     0.839    -0.375   112.500   0.371E-01   0.304E-01 1161.0 1104.0   0.759E+01
     1.140     0.400     0.839    -0.375   157.500  -0.175E-01   0.426E-01  570.0  584.0   0.526E+01
     1.140     0.400     0.839    -0.375   202.500  -0.116E+00   0.430E-01  525.0  616.0   0.526E+01
     1.140     0.400     0.839    -0.375   247.500  -0.188E-01   0.307E-01 1095.0 1123.0   0.759E+01
     1.140     0.400     0.839    -0.375   292.500  -0.365E-01   0.425E-01  569.0  599.0   0.654E+01
     1.140     0.400     0.839    -0.375   337.500  -0.107E+00   0.672E-01  217.0  251.0   0.272E+01
     1.140     0.400     0.839    -0.125    22.500   0.113E+00   0.917E-01  135.0  116.0   0.225E+01
     1.140     0.400     0.839    -0.125    67.500   0.543E-01   0.349E-01  896.0  831.0   0.661E+01
     1.140     0.400     0.839    -0.125   112.500   0.186E-01   0.306E-01 1138.0 1109.0   0.806E+01
     1.140     0.400     0.839    -0.125   157.500   0.210E-01   0.375E-01  758.0  737.0   0.576E+01
     1.140     0.400     0.839    -0.125   202.500  -0.964E-02   0.362E-01  798.0  808.0   0.576E+01
     1.140     0.400     0.839    -0.125   247.500  -0.167E-01   0.300E-01 1149.0 1176.0   0.806E+01
     1.140     0.400     0.839    -0.125   292.500   0.272E-01   0.345E-01  898.0  865.0   0.661E+01
     1.140     0.400     0.839    -0.125   337.500  -0.901E-02   0.926E-01  122.0  123.0   0.225E+01
     1.140     0.400     0.839     0.125    22.500   0.196E-02   0.880E-01  135.0  136.0   0.184E+01
     1.140     0.400     0.839     0.125    67.500   0.248E-01   0.309E-01 1125.0 1087.0   0.629E+01
     1.140     0.400     0.839     0.125   112.500   0.767E-01   0.316E-01 1113.0 1001.0   0.810E+01
     1.140     0.400     0.839     0.125   157.500   0.239E-01   0.329E-01  984.0  952.0   0.620E+01
     1.140     0.400     0.839     0.125   202.500  -0.212E-01   0.325E-01  981.0 1010.0   0.620E+01
     1.140     0.400     0.839     0.125   247.500  -0.254E-01   0.316E-01 1036.0 1073.0   0.810E+01
     1.140     0.400     0.839     0.125   292.500  -0.106E-01   0.303E-01 1135.0 1152.0   0.629E+01
     1.140     0.400     0.839     0.125   337.500  -0.335E-01   0.871E-01  136.0  141.0   0.184E+01
     1.140     0.400     0.839     0.375    22.500  -0.810E-02   0.714E-01  203.0  209.0   0.160E+01
     1.140     0.400     0.839     0.375    67.500  -0.174E-01   0.328E-01  969.0  993.0   0.572E+01
     1.140     0.400     0.839     0.375   112.500  -0.413E-01   0.345E-01  860.0  911.0   0.779E+01
     1.140     0.400     0.839     0.375   157.500  -0.118E-01   0.309E-01 1095.0 1114.0   0.661E+01
     1.140     0.400     0.839     0.375   202.500  -0.630E-01   0.310E-01 1044.0 1138.0   0.661E+01
     1.140     0.400     0.839     0.375   247.500  -0.426E-01   0.354E-01  818.0  867.0   0.779E+01
     1.140     0.400     0.839     0.375   292.500  -0.374E-01   0.328E-01  951.0 1001.0   0.572E+01
     1.140     0.400     0.839     0.375   337.500  -0.759E-01   0.677E-01  220.0  240.0   0.160E+01
     1.140     0.400     0.839     0.625    22.500   0.323E-02   0.714E-01  204.0  207.0   0.172E+01
     1.140     0.400     0.839     0.625    67.500   0.122E-01   0.438E-01  553.0  544.0   0.504E+01
     1.140     0.400     0.839     0.625   112.500   0.474E-01   0.380E-01  754.0  706.0   0.717E+01
     1.140     0.400     0.839     0.625   157.500   0.487E-01   0.297E-01 1227.0 1147.0   0.687E+01
     1.140     0.400     0.839     0.625   202.500   0.326E-01   0.301E-01 1186.0 1134.0   0.687E+01
     1.140     0.400     0.839     0.625   247.500  -0.712E-01   0.387E-01  666.0  735.0   0.717E+01
     1.140     0.400     0.839     0.625   292.500  -0.309E-02   0.446E-01  527.0  529.0   0.504E+01
     1.140     0.400     0.839     0.625   337.500  -0.467E-01   0.728E-01  194.0  203.0   0.172E+01
     1.140     0.400     0.839     0.875    22.500  -0.378E-01   0.552E-01  335.0  356.0   0.268E+01
     1.140     0.400     0.839     0.875    67.500   0.554E-02   0.497E-01  424.0  424.0   0.450E+01
     1.140     0.400     0.839     0.875   112.500   0.397E-01   0.401E-01  670.0  636.0   0.611E+01
     1.140     0.400     0.839     0.875   157.500   0.526E-02   0.335E-01  939.0  933.0   0.658E+01
     1.140     0.400     0.839     0.875   202.500   0.836E-02   0.329E-01  974.0  962.0   0.658E+01
     1.140     0.400     0.839     0.875   247.500  -0.214E-01   0.397E-01  659.0  677.0   0.611E+01
     1.140     0.400     0.839     0.875   292.500   0.219E-01   0.533E-01  377.0  363.0   0.450E+01
     1.140     0.400     0.839     0.875   337.500  -0.275E-01   0.587E-01  301.0  310.0   0.268E+01
     1.180     0.400     0.821    -0.875    22.500   0.667E-01   0.504E-01  432.0  394.0   0.712E+01
     1.180     0.400     0.821    -0.875    67.500   0.820E-01   0.378E-01  780.0  697.0   0.899E+01
     1.180     0.400     0.821    -0.875   112.500   0.596E-01   0.709E-01  217.0  202.0   0.886E+01
     1.180     0.400     0.821    -0.875   157.500   0.000E+00   0.000E+00    4.0    5.0   0.682E+01
     1.180     0.400     0.821    -0.875   202.500   0.000E+00   0.000E+00    4.0    8.0   0.682E+01
     1.180     0.400     0.821    -0.875   247.500  -0.397E-01   0.762E-01  177.0  185.0   0.886E+01
     1.180     0.400     0.821    -0.875   292.500  -0.203E-01   0.387E-01  691.0  710.0   0.899E+01
     1.180     0.400     0.821    -0.875   337.500  -0.571E-01   0.509E-01  390.0  422.0   0.712E+01
     1.180     0.400     0.821    -0.625    22.500  -0.384E-01   0.336E-01  904.0  954.0   0.719E+01
     1.180     0.400     0.821    -0.625    67.500   0.187E-01   0.267E-01 1501.0 1464.0   0.122E+02
     1.180     0.400     0.821    -0.625   112.500   0.230E-01   0.245E-01 1773.0 1719.0   0.125E+02
     1.180     0.400     0.821    -0.625   157.500   0.890E-02   0.426E-01  581.0  575.0   0.792E+01
     1.180     0.400     0.821    -0.625   202.500  -0.400E-01   0.412E-01  602.0  635.0   0.792E+01
     1.180     0.400     0.821    -0.625   247.500  -0.255E-01   0.239E-01 1802.0 1865.0   0.125E+02
     1.180     0.400     0.821    -0.625   292.500  -0.357E-02   0.267E-01 1467.0 1473.0   0.122E+02
     1.180     0.400     0.821    -0.625   337.500   0.423E-01   0.336E-01  956.0  901.0   0.719E+01
     1.180     0.400     0.821    -0.375    22.500   0.133E-01   0.328E-01  991.0  974.0   0.664E+01
     1.180     0.400     0.821    -0.375    67.500   0.381E-01   0.249E-01 1741.0 1653.0   0.137E+02
     1.180     0.400     0.821    -0.375   112.500   0.188E-01   0.197E-01 2756.0 2690.0   0.146E+02
     1.180     0.400     0.821    -0.375   157.500   0.172E-01   0.280E-01 1360.0 1333.0   0.877E+01
     1.180     0.400     0.821    -0.375   202.500  -0.162E-02   0.286E-01 1290.0 1288.0   0.877E+01
     1.180     0.400     0.821    -0.375   247.500  -0.409E-01   0.197E-01 2648.0 2797.0   0.146E+02
     1.180     0.400     0.821    -0.375   292.500   0.762E-02   0.251E-01 1683.0 1664.0   0.137E+02
     1.180     0.400     0.821    -0.375   337.500  -0.216E-02   0.320E-01 1021.0 1023.0   0.664E+01
     1.180     0.400     0.821    -0.125    22.500  -0.128E-01   0.357E-01  816.0  833.0   0.576E+01
     1.180     0.400     0.821    -0.125    67.500   0.262E-02   0.226E-01 2056.0 2052.0   0.139E+02
     1.180     0.400     0.821    -0.125   112.500   0.286E-01   0.187E-01 3042.0 2927.0   0.154E+02
     1.180     0.400     0.821    -0.125   157.500   0.126E-01   0.265E-01 1502.0 1479.0   0.942E+01
     1.180     0.400     0.821    -0.125   202.500  -0.248E-01   0.265E-01 1466.0 1514.0   0.942E+01
     1.180     0.400     0.821    -0.125   247.500  -0.372E-01   0.191E-01 2812.0 2958.0   0.154E+02
     1.180     0.400     0.821    -0.125   292.500  -0.252E-01   0.226E-01 2013.0 2081.0   0.139E+02
     1.180     0.400     0.821    -0.125   337.500  -0.487E-01   0.367E-01  754.0  804.0   0.576E+01
     1.180     0.400     0.821     0.125    22.500  -0.577E-01   0.604E-01  275.0  300.0   0.469E+01
     1.180     0.400     0.821     0.125    67.500   0.413E-01   0.204E-01 2597.0 2455.0   0.129E+02
     1.180     0.400     0.821     0.125   112.500   0.290E-01   0.197E-01 2770.0 2666.0   0.151E+02
     1.180     0.400     0.821     0.125   157.500   0.557E-02   0.239E-01 1830.0 1821.0   0.993E+01
     1.180     0.400     0.821     0.125   202.500  -0.233E-01   0.238E-01 1834.0 1889.0   0.993E+01
     1.180     0.400     0.821     0.125   247.500  -0.420E-01   0.199E-01 2593.0 2743.0   0.151E+02
     1.180     0.400     0.821     0.125   292.500  -0.121E-01   0.201E-01 2563.0 2604.0   0.129E+02
     1.180     0.400     0.821     0.125   337.500  -0.652E-01   0.568E-01  313.0  340.0   0.469E+01
     1.180     0.400     0.821     0.375    22.500   0.401E-01   0.499E-01  431.0  415.0   0.362E+01
     1.180     0.400     0.821     0.375    67.500   0.432E-01   0.201E-01 2650.0 2503.0   0.111E+02
     1.180     0.400     0.821     0.375   112.500   0.496E-01   0.217E-01 2290.0 2144.0   0.139E+02
     1.180     0.400     0.821     0.375   157.500  -0.523E-02   0.235E-01 1897.0 1916.0   0.103E+02
     1.180     0.400     0.821     0.375   202.500  -0.151E-01   0.236E-01 1867.0 1901.0   0.103E+02
     1.180     0.400     0.821     0.375   247.500  -0.158E-01   0.222E-01 2103.0 2144.0   0.139E+02
     1.180     0.400     0.821     0.375   292.500   0.106E-03   0.200E-01 2635.0 2628.0   0.111E+02
     1.180     0.400     0.821     0.375   337.500  -0.145E-01   0.490E-01  436.0  437.0   0.362E+01
     1.180     0.400     0.821     0.625    22.500   0.120E+00   0.562E-01  355.0  315.0   0.283E+01
     1.180     0.400     0.821     0.625    67.500   0.516E-01   0.267E-01 1533.0 1438.0   0.880E+01
     1.180     0.400     0.821     0.625   112.500   0.794E-01   0.261E-01 1635.0 1470.0   0.119E+02
     1.180     0.400     0.821     0.625   157.500   0.261E-02   0.213E-01 2305.0 2303.0   0.104E+02
     1.180     0.400     0.821     0.625   202.500   0.503E-03   0.213E-01 2333.0 2325.0   0.104E+02
     1.180     0.400     0.821     0.625   247.500  -0.342E-01   0.262E-01 1494.0 1561.0   0.119E+02
     1.180     0.400     0.821     0.625   292.500  -0.935E-01   0.265E-01 1412.0 1595.0   0.880E+01
     1.180     0.400     0.821     0.625   337.500  -0.681E-01   0.557E-01  332.0  348.0   0.283E+01
     1.180     0.400     0.821     0.875    22.500   0.355E-01   0.452E-01  511.0  517.0   0.319E+01
     1.180     0.400     0.821     0.875    67.500   0.600E-01   0.380E-01  745.0  710.0   0.638E+01
     1.180     0.400     0.821     0.875   112.500   0.439E-01   0.287E-01 1303.0 1245.0   0.894E+01
     1.180     0.400     0.821     0.875   157.500  -0.126E-02   0.239E-01 1840.0 1848.0   0.937E+01
     1.180     0.400     0.821     0.875   202.500  -0.600E-01   0.235E-01 1829.0 1982.0   0.937E+01
     1.180     0.400     0.821     0.875   247.500  -0.657E-01   0.291E-01 1199.0 1293.0   0.894E+01
     1.180     0.400     0.821     0.875   292.500  -0.683E-01   0.391E-01  668.0  709.0   0.638E+01
     1.180     0.400     0.821     0.875   337.500  -0.857E-01   0.458E-01  488.0  517.0   0.319E+01
     1.220     0.400     0.800    -0.875    22.500  -0.845E-02   0.359E-01  809.0  820.0   0.761E+01
     1.220     0.400     0.800    -0.875    67.500  -0.422E-01   0.297E-01 1152.0 1237.0   0.939E+01
     1.220     0.400     0.800    -0.875   112.500  -0.381E-01   0.530E-01  362.0  387.0   0.906E+01
     1.220     0.400     0.800    -0.875   157.500   0.000E+00   0.000E+00    9.0   17.0   0.681E+01
     1.220     0.400     0.800    -0.875   202.500  -0.870E-01   0.242E+00   17.0   19.0   0.681E+01
     1.220     0.400     0.800    -0.875   247.500  -0.765E-01   0.541E-01  344.0  377.0   0.906E+01
     1.220     0.400     0.800    -0.875   292.500  -0.233E-01   0.296E-01 1189.0 1212.0   0.939E+01
     1.220     0.400     0.800    -0.875   337.500   0.436E-01   0.361E-01  831.0  781.0   0.761E+01
     1.220     0.400     0.800    -0.625    22.500  -0.259E-01   0.265E-01 1464.0 1535.0   0.833E+01
     1.220     0.400     0.800    -0.625    67.500   0.604E-01   0.206E-01 2569.0 2392.0   0.134E+02
     1.220     0.400     0.800    -0.625   112.500   0.136E-01   0.207E-01 2460.0 2421.0   0.133E+02
     1.220     0.400     0.800    -0.625   157.500   0.532E-01   0.339E-01  946.0  886.0   0.813E+01
     1.220     0.400     0.800    -0.625   202.500  -0.628E-01   0.342E-01  866.0  937.0   0.813E+01
     1.220     0.400     0.800    -0.625   247.500  -0.252E-01   0.207E-01 2401.0 2479.0   0.133E+02
     1.220     0.400     0.800    -0.625   292.500   0.300E-02   0.212E-01 2368.0 2330.0   0.134E+02
     1.220     0.400     0.800    -0.625   337.500   0.287E-02   0.267E-01 1491.0 1468.0   0.833E+01
     1.220     0.400     0.800    -0.375    22.500  -0.140E-01   0.243E-01 1749.0 1804.0   0.846E+01
     1.220     0.400     0.800    -0.375    67.500   0.355E-01   0.199E-01 2741.0 2617.0   0.158E+02
     1.220     0.400     0.800    -0.375   112.500   0.309E-01   0.165E-01 3888.0 3771.0   0.162E+02
     1.220     0.400     0.800    -0.375   157.500  -0.355E-02   0.236E-01 1867.0 1889.0   0.932E+01
     1.220     0.400     0.800    -0.375   202.500  -0.730E-02   0.239E-01 1833.0 1839.0   0.932E+01
     1.220     0.400     0.800    -0.375   247.500  -0.507E-01   0.165E-01 3725.0 3947.0   0.162E+02
     1.220     0.400     0.800    -0.375   292.500  -0.525E-01   0.197E-01 2631.0 2821.0   0.158E+02
     1.220     0.400     0.800    -0.375   337.500  -0.384E-01   0.249E-01 1654.0 1724.0   0.846E+01
     1.220     0.400     0.800    -0.125    22.500   0.371E-01   0.261E-01 1579.0 1518.0   0.821E+01
     1.220     0.400     0.800    -0.125    67.500  -0.583E-03   0.184E-01 3080.0 3088.0   0.169E+02
     1.220     0.400     0.800    -0.125   112.500   0.149E-01   0.158E-01 4235.0 4156.0   0.178E+02
     1.220     0.400     0.800    -0.125   157.500   0.258E-01   0.223E-01 2147.0 2088.0   0.103E+02
     1.220     0.400     0.800    -0.125   202.500  -0.449E-01   0.219E-01 2137.0 2256.0   0.103E+02
     1.220     0.400     0.800    -0.125   247.500  -0.428E-01   0.157E-01 4199.0 4446.0   0.178E+02
     1.220     0.400     0.800    -0.125   292.500  -0.599E-01   0.187E-01 2877.0 3119.0   0.169E+02
     1.220     0.400     0.800    -0.125   337.500  -0.532E-01   0.259E-01 1508.0 1604.0   0.821E+01
     1.220     0.400     0.800     0.125    22.500   0.336E-01   0.361E-01  823.0  791.0   0.771E+01
     1.220     0.400     0.800     0.125    67.500   0.617E-01   0.170E-01 3819.0 3510.0   0.168E+02
     1.220     0.400     0.800     0.125   112.500   0.304E-01   0.158E-01 4272.0 4104.0   0.182E+02
     1.220     0.400     0.800     0.125   157.500   0.226E-01   0.200E-01 2669.0 2592.0   0.111E+02
     1.220     0.400     0.800     0.125   202.500  -0.348E-01   0.201E-01 2546.0 2666.0   0.111E+02
     1.220     0.400     0.800     0.125   247.500  -0.238E-01   0.157E-01 4184.0 4316.0   0.182E+02
     1.220     0.400     0.800     0.125   292.500  -0.432E-01   0.171E-01 3505.0 3717.0   0.168E+02
     1.220     0.400     0.800     0.125   337.500  -0.854E-01   0.371E-01  723.0  808.0   0.771E+01
     1.220     0.400     0.800     0.375    22.500   0.551E-01   0.413E-01  637.0  597.0   0.716E+01
     1.220     0.400     0.800     0.375    67.500   0.735E-01   0.159E-01 4351.0 3971.0   0.157E+02
     1.220     0.400     0.800     0.375   112.500   0.514E-01   0.170E-01 3772.0 3520.0   0.177E+02
     1.220     0.400     0.800     0.375   157.500   0.301E-01   0.191E-01 2946.0 2834.0   0.119E+02
     1.220     0.400     0.800     0.375   202.500  -0.230E-01   0.191E-01 2816.0 2899.0   0.119E+02
     1.220     0.400     0.800     0.375   247.500  -0.601E-01   0.168E-01 3553.0 3854.0   0.177E+02
     1.220     0.400     0.800     0.375   292.500  -0.497E-01   0.158E-01 4065.0 4310.0   0.157E+02
     1.220     0.400     0.800     0.375   337.500   0.251E-02   0.413E-01  622.0  613.0   0.716E+01
     1.220     0.400     0.800     0.625    22.500   0.510E-01   0.357E-01  851.0  805.0   0.702E+01
     1.220     0.400     0.800     0.625    67.500   0.662E-01   0.193E-01 2982.0 2724.0   0.138E+02
     1.220     0.400     0.800     0.625   112.500   0.761E-01   0.206E-01 2616.0 2384.0   0.162E+02
     1.220     0.400     0.800     0.625   157.500   0.243E-01   0.172E-01 3564.0 3490.0   0.127E+02
     1.220     0.400     0.800     0.625   202.500  -0.268E-01   0.172E-01 3512.0 3599.0   0.127E+02
     1.220     0.400     0.800     0.625   247.500  -0.559E-01   0.203E-01 2457.0 2622.0   0.162E+02
     1.220     0.400     0.800     0.625   292.500  -0.541E-01   0.190E-01 2805.0 3020.0   0.138E+02
     1.220     0.400     0.800     0.625   337.500  -0.622E-01   0.362E-01  774.0  831.0   0.702E+01
     1.220     0.400     0.800     0.875    22.500   0.313E-01   0.291E-01 1251.0 1235.0   0.826E+01
     1.220     0.400     0.800     0.875    67.500   0.564E-01   0.275E-01 1420.0 1359.0   0.117E+02
     1.220     0.400     0.800     0.875   112.500   0.597E-01   0.216E-01 2328.0 2191.0   0.137E+02
     1.220     0.400     0.800     0.875   157.500   0.645E-01   0.180E-01 3348.0 3128.0   0.130E+02
     1.220     0.400     0.800     0.875   202.500  -0.270E-01   0.180E-01 3244.0 3297.0   0.130E+02
     1.220     0.400     0.800     0.875   247.500  -0.877E-01   0.214E-01 2185.0 2413.0   0.137E+02
     1.220     0.400     0.800     0.875   292.500  -0.904E-01   0.280E-01 1280.0 1402.0   0.117E+02
     1.220     0.400     0.800     0.875   337.500  -0.932E-01   0.283E-01 1257.0 1387.0   0.826E+01
     1.260     0.400     0.777    -0.875    22.500  -0.530E-01   0.443E-01  512.0  560.0   0.303E+01
     1.260     0.400     0.777    -0.875    67.500   0.133E+00   0.372E-01  823.0  704.0   0.384E+01
     1.260     0.400     0.777    -0.875   112.500  -0.114E-01   0.617E-01  269.0  281.0   0.386E+01
     1.260     0.400     0.777    -0.875   157.500  -0.226E-01   0.222E+00   21.0   22.0   0.307E+01
     1.260     0.400     0.777    -0.875   202.500  -0.111E-01   0.235E+00   19.0   19.0   0.307E+01
     1.260     0.400     0.777    -0.875   247.500  -0.132E+00   0.623E-01  252.0  294.0   0.386E+01
     1.260     0.400     0.777    -0.875   292.500  -0.351E-01   0.367E-01  772.0  788.0   0.384E+01
     1.260     0.400     0.777    -0.875   337.500  -0.788E-02   0.442E-01  538.0  535.0   0.303E+01
     1.260     0.400     0.777    -0.625    22.500  -0.137E-01   0.326E-01  974.0 1008.0   0.348E+01
     1.260     0.400     0.777    -0.625    67.500  -0.251E-02   0.259E-01 1555.0 1582.0   0.575E+01
     1.260     0.400     0.777    -0.625   112.500   0.401E-01   0.254E-01 1671.0 1603.0   0.595E+01
     1.260     0.400     0.777    -0.625   157.500   0.610E-01   0.386E-01  732.0  681.0   0.396E+01
     1.260     0.400     0.777    -0.625   202.500  -0.325E-01   0.387E-01  688.0  711.0   0.396E+01
     1.260     0.400     0.777    -0.625   247.500  -0.357E-01   0.255E-01 1585.0 1642.0   0.595E+01
     1.260     0.400     0.777    -0.625   292.500  -0.345E-01   0.257E-01 1569.0 1623.0   0.575E+01
     1.260     0.400     0.777    -0.625   337.500  -0.516E-01   0.323E-01  975.0 1031.0   0.348E+01
     1.260     0.400     0.777    -0.375    22.500   0.538E-01   0.297E-01 1226.0 1152.0   0.397E+01
     1.260     0.400     0.777    -0.375    67.500  -0.526E-02   0.238E-01 1847.0 1874.0   0.744E+01
     1.260     0.400     0.777    -0.375   112.500   0.151E-01   0.201E-01 2625.0 2587.0   0.782E+01
     1.260     0.400     0.777    -0.375   157.500   0.268E-01   0.274E-01 1417.0 1376.0   0.489E+01
     1.260     0.400     0.777    -0.375   202.500   0.326E-02   0.274E-01 1409.0 1392.0   0.489E+01
     1.260     0.400     0.777    -0.375   247.500  -0.359E-01   0.200E-01 2579.0 2693.0   0.782E+01
     1.260     0.400     0.777    -0.375   292.500  -0.699E-01   0.241E-01 1737.0 1899.0   0.744E+01
     1.260     0.400     0.777    -0.375   337.500  -0.478E-01   0.299E-01 1153.0 1217.0   0.397E+01
     1.260     0.400     0.777    -0.125    22.500   0.575E-01   0.294E-01 1251.0 1168.0   0.443E+01
     1.260     0.400     0.777    -0.125    67.500   0.339E-01   0.217E-01 2268.0 2171.0   0.890E+01
     1.260     0.400     0.777    -0.125   112.500   0.254E-01   0.180E-01 3286.0 3183.0   0.945E+01
     1.260     0.400     0.777    -0.125   157.500   0.187E-01   0.245E-01 1776.0 1742.0   0.577E+01
     1.260     0.400     0.777    -0.125   202.500  -0.178E-01   0.243E-01 1747.0 1779.0   0.577E+01
     1.260     0.400     0.777    -0.125   247.500  -0.339E-01   0.181E-01 3112.0 3251.0   0.945E+01
     1.260     0.400     0.777    -0.125   292.500  -0.106E-01   0.220E-01 2146.0 2171.0   0.890E+01
     1.260     0.400     0.777    -0.125   337.500  -0.428E-01   0.296E-01 1175.0 1233.0   0.443E+01
     1.260     0.400     0.777     0.125    22.500   0.104E+00   0.349E-01  922.0  804.0   0.491E+01
     1.260     0.400     0.777     0.125    67.500   0.668E-01   0.200E-01 2760.0 2517.0   0.101E+02
     1.260     0.400     0.777     0.125   112.500   0.212E-01   0.174E-01 3538.0 3436.0   0.108E+02
     1.260     0.400     0.777     0.125   157.500   0.326E-01   0.223E-01 2160.0 2074.0   0.666E+01
     1.260     0.400     0.777     0.125   202.500   0.128E-01   0.219E-01 2213.0 2165.0   0.666E+01
     1.260     0.400     0.777     0.125   247.500  -0.330E-01   0.174E-01 3382.0 3540.0   0.108E+02
     1.260     0.400     0.777     0.125   292.500  -0.420E-01   0.200E-01 2547.0 2699.0   0.101E+02
     1.260     0.400     0.777     0.125   337.500  -0.319E-01   0.341E-01  890.0  924.0   0.491E+01
     1.260     0.400     0.777     0.375    22.500   0.429E-01   0.500E-01  433.0  410.0   0.568E+01
     1.260     0.400     0.777     0.375    67.500   0.170E-01   0.175E-01 3487.0 3393.0   0.111E+02
     1.260     0.400     0.777     0.375   112.500   0.458E-01   0.180E-01 3351.0 3136.0   0.120E+02
     1.260     0.400     0.777     0.375   157.500   0.280E-01   0.201E-01 2618.0 2527.0   0.782E+01
     1.260     0.400     0.777     0.375   202.500  -0.361E-01   0.199E-01 2595.0 2719.0   0.782E+01
     1.260     0.400     0.777     0.375   247.500  -0.859E-02   0.178E-01 3273.0 3322.0   0.120E+02
     1.260     0.400     0.777     0.375   292.500  -0.307E-01   0.171E-01 3485.0 3650.0   0.111E+02
     1.260     0.400     0.777     0.375   337.500  -0.274E-03   0.470E-01  476.0  474.0   0.568E+01
     1.260     0.400     0.777     0.625    22.500   0.870E-01   0.336E-01  987.0  876.0   0.732E+01
     1.260     0.400     0.777     0.625    67.500   0.254E-01   0.181E-01 3271.0 3141.0   0.120E+02
     1.260     0.400     0.777     0.625   112.500   0.307E-01   0.197E-01 2753.0 2626.0   0.130E+02
     1.260     0.400     0.777     0.625   157.500   0.181E-04   0.178E-01 3302.0 3309.0   0.963E+01
     1.260     0.400     0.777     0.625   202.500  -0.271E-01   0.175E-01 3346.0 3466.0   0.963E+01
     1.260     0.400     0.777     0.625   247.500  -0.397E-01   0.201E-01 2517.0 2672.0   0.130E+02
     1.260     0.400     0.777     0.625   292.500  -0.323E-01   0.180E-01 3183.0 3347.0   0.120E+02
     1.260     0.400     0.777     0.625   337.500   0.170E-01   0.326E-01 1004.0  980.0   0.732E+01
     1.260     0.400     0.777     0.875    22.500   0.312E-01   0.238E-01 1891.0 1825.0   0.108E+02
     1.260     0.400     0.777     0.875    67.500   0.296E-01   0.233E-01 1969.0 1911.0   0.131E+02
     1.260     0.400     0.777     0.875   112.500   0.651E-01   0.199E-01 2793.0 2567.0   0.138E+02
     1.260     0.400     0.777     0.875   157.500   0.303E-01   0.167E-01 3851.0 3713.0   0.125E+02
     1.260     0.400     0.777     0.875   202.500  -0.871E-02   0.165E-01 3825.0 3851.0   0.125E+02
     1.260     0.400     0.777     0.875   247.500  -0.378E-01   0.197E-01 2632.0 2758.0   0.138E+02
     1.260     0.400     0.777     0.875   292.500  -0.587E-01   0.241E-01 1748.0 1875.0   0.131E+02
     1.260     0.400     0.777     0.875   337.500  -0.287E-01   0.239E-01 1812.0 1871.0   0.108E+02
     1.300     0.400     0.749    -0.875    22.500  -0.193E-01   0.655E-01  239.0  251.0   0.128E+01
     1.300     0.400     0.749    -0.875    67.500   0.296E-01   0.526E-01  381.0  379.0   0.169E+01
     1.300     0.400     0.749    -0.875   112.500   0.814E-01   0.797E-01  173.0  159.0   0.186E+01
     1.300     0.400     0.749    -0.875   157.500  -0.948E-01   0.274E+00   13.0   15.0   0.167E+01
     1.300     0.400     0.749    -0.875   202.500  -0.115E+00   0.228E+00   19.0   22.0   0.167E+01
     1.300     0.400     0.749    -0.875   247.500  -0.249E-01   0.804E-01  162.0  163.0   0.186E+01
     1.300     0.400     0.749    -0.875   292.500  -0.888E-01   0.536E-01  351.0  383.0   0.169E+01
     1.300     0.400     0.749    -0.875   337.500   0.887E-02   0.674E-01  235.0  227.0   0.128E+01
     1.300     0.400     0.749    -0.625    22.500   0.990E-01   0.490E-01  465.0  416.0   0.139E+01
     1.300     0.400     0.749    -0.625    67.500   0.481E-01   0.368E-01  791.0  755.0   0.252E+01
     1.300     0.400     0.749    -0.625   112.500   0.140E+00   0.352E-01  933.0  781.0   0.289E+01
     1.300     0.400     0.749    -0.625   157.500   0.716E-01   0.439E-01  571.0  522.0   0.229E+01
     1.300     0.400     0.749    -0.625   202.500  -0.735E-01   0.459E-01  476.0  522.0   0.229E+01
     1.300     0.400     0.749    -0.625   247.500  -0.670E-01   0.349E-01  833.0  899.0   0.289E+01
     1.300     0.400     0.749    -0.625   292.500  -0.401E-01   0.365E-01  776.0  804.0   0.252E+01
     1.300     0.400     0.749    -0.625   337.500  -0.784E-01   0.472E-01  452.0  491.0   0.139E+01
     1.300     0.400     0.749    -0.375    22.500   0.904E-01   0.414E-01  648.0  582.0   0.179E+01
     1.300     0.400     0.749    -0.375    67.500   0.996E-01   0.319E-01 1109.0  972.0   0.363E+01
     1.300     0.400     0.749    -0.375   112.500   0.919E-01   0.264E-01 1608.0 1421.0   0.412E+01
     1.300     0.400     0.749    -0.375   157.500   0.680E-01   0.341E-01  946.0  865.0   0.296E+01
     1.300     0.400     0.749    -0.375   202.500   0.786E-02   0.339E-01  924.0  910.0   0.296E+01
     1.300     0.400     0.749    -0.375   247.500  -0.665E-01   0.268E-01 1393.0 1522.0   0.412E+01
     1.300     0.400     0.749    -0.375   292.500  -0.762E-01   0.319E-01  983.0 1086.0   0.363E+01
     1.300     0.400     0.749    -0.375   337.500  -0.759E-01   0.416E-01  581.0  634.0   0.179E+01
     1.300     0.400     0.749    -0.125    22.500   0.197E-01   0.399E-01  667.0  655.0   0.231E+01
     1.300     0.400     0.749    -0.125    67.500   0.583E-01   0.281E-01 1381.0 1270.0   0.495E+01
     1.300     0.400     0.749    -0.125   112.500   0.454E-01   0.228E-01 2097.0 1963.0   0.549E+01
     1.300     0.400     0.749    -0.125   157.500   0.768E-02   0.286E-01 1297.0 1283.0   0.361E+01
     1.300     0.400     0.749    -0.125   202.500  -0.162E-01   0.286E-01 1269.0 1298.0   0.361E+01
     1.300     0.400     0.749    -0.125   247.500  -0.127E-01   0.226E-01 2028.0 2071.0   0.549E+01
     1.300     0.400     0.749    -0.125   292.500  -0.880E-03   0.281E-01 1320.0 1326.0   0.495E+01
     1.300     0.400     0.749    -0.125   337.500  -0.217E-01   0.396E-01  664.0  678.0   0.231E+01
     1.300     0.400     0.749     0.125    22.500   0.371E-01   0.381E-01  743.0  706.0   0.293E+01
     1.300     0.400     0.749     0.125    67.500  -0.704E-02   0.246E-01 1722.0 1726.0   0.640E+01
     1.300     0.400     0.749     0.125   112.500   0.839E-02   0.203E-01 2572.0 2523.0   0.698E+01
     1.300     0.400     0.749     0.125   157.500  -0.120E-02   0.258E-01 1575.0 1572.0   0.434E+01
     1.300     0.400     0.749     0.125   202.500  -0.300E-01   0.259E-01 1525.0 1595.0   0.434E+01
     1.300     0.400     0.749     0.125   247.500  -0.174E-01   0.207E-01 2398.0 2475.0   0.698E+01
     1.300     0.400     0.749     0.125   292.500   0.259E-01   0.252E-01 1682.0 1635.0   0.640E+01
     1.300     0.400     0.749     0.125   337.500  -0.404E-01   0.387E-01  682.0  721.0   0.293E+01
     1.300     0.400     0.749     0.375    22.500   0.241E-01   0.525E-01  390.0  375.0   0.394E+01
     1.300     0.400     0.749     0.375    67.500   0.283E-01   0.206E-01 2542.0 2420.0   0.797E+01
     1.300     0.400     0.749     0.375   112.500   0.125E-01   0.201E-01 2609.0 2535.0   0.860E+01
     1.300     0.400     0.749     0.375   157.500  -0.268E-01   0.225E-01 2050.0 2113.0   0.546E+01
     1.300     0.400     0.749     0.375   202.500  -0.214E-01   0.225E-01 2053.0 2129.0   0.546E+01
     1.300     0.400     0.749     0.375   247.500   0.757E-02   0.197E-01 2685.0 2688.0   0.860E+01
     1.300     0.400     0.749     0.375   292.500  -0.529E-01   0.204E-01 2419.0 2629.0   0.797E+01
     1.300     0.400     0.749     0.375   337.500  -0.168E-01   0.528E-01  372.0  383.0   0.394E+01
     1.300     0.400     0.749     0.625    22.500  -0.622E-01   0.370E-01  742.0  804.0   0.596E+01
     1.300     0.400     0.749     0.625    67.500  -0.875E-02   0.184E-01 3139.0 3109.0   0.975E+01
     1.300     0.400     0.749     0.625   112.500  -0.233E-01   0.206E-01 2453.0 2503.0   0.104E+02
     1.300     0.400     0.749     0.625   157.500   0.270E-01   0.197E-01 2745.0 2628.0   0.743E+01
     1.300     0.400     0.749     0.625   202.500   0.920E-02   0.199E-01 2692.0 2675.0   0.743E+01
     1.300     0.400     0.749     0.625   247.500  -0.323E-01   0.212E-01 2277.0 2410.0   0.104E+02
     1.300     0.400     0.749     0.625   292.500   0.125E-01   0.183E-01 3122.0 3136.0   0.975E+01
     1.300     0.400     0.749     0.625   337.500  -0.738E-01   0.374E-01  714.0  795.0   0.596E+01
     1.300     0.400     0.749     0.875    22.500  -0.617E-02   0.242E-01 1775.0 1792.0   0.998E+01
     1.300     0.400     0.749     0.875    67.500  -0.803E-02   0.223E-01 2098.0 2119.0   0.119E+02
     1.300     0.400     0.749     0.875   112.500   0.223E-01   0.200E-01 2683.0 2595.0   0.123E+02
     1.300     0.400     0.749     0.875   157.500  -0.158E-01   0.168E-01 3685.0 3767.0   0.109E+02
     1.300     0.400     0.749     0.875   202.500  -0.596E-02   0.168E-01 3709.0 3739.0   0.109E+02
     1.300     0.400     0.749     0.875   247.500  -0.223E-02   0.199E-01 2645.0 2660.0   0.123E+02
     1.300     0.400     0.749     0.875   292.500  -0.671E-02   0.228E-01 2013.0 2034.0   0.119E+02
     1.300     0.400     0.749     0.875   337.500   0.370E-02   0.241E-01 1810.0 1799.0   0.998E+01
     1.340     0.400     0.718    -0.875    22.500  -0.313E-01   0.920E-01  121.0  127.0   0.766E+00
     1.340     0.400     0.718    -0.875    67.500   0.212E-01   0.652E-01  249.0  245.0   0.102E+01
     1.340     0.400     0.718    -0.875   112.500   0.122E-01   0.967E-01  113.0  112.0   0.118E+01
     1.340     0.400     0.718    -0.875   157.500   0.303E+00   0.226E+00   26.0   17.0   0.116E+01
     1.340     0.400     0.718    -0.875   202.500  -0.225E+00   0.219E+00   19.0   26.0   0.116E+01
     1.340     0.400     0.718    -0.875   247.500   0.114E+00   0.935E-01  131.0  111.0   0.118E+01
     1.340     0.400     0.718    -0.875   292.500  -0.159E+00   0.706E-01  191.0  235.0   0.102E+01
     1.340     0.400     0.718    -0.875   337.500  -0.136E+00   0.896E-01  120.0  144.0   0.766E+00
     1.340     0.400     0.718    -0.625    22.500   0.109E+00   0.704E-01  227.0  198.0   0.751E+00
     1.340     0.400     0.718    -0.625    67.500   0.105E+00   0.458E-01  535.0  469.0   0.143E+01
     1.340     0.400     0.718    -0.625   112.500   0.451E-01   0.422E-01  609.0  577.0   0.177E+01
     1.340     0.400     0.718    -0.625   157.500  -0.191E-01   0.500E-01  415.0  427.0   0.157E+01
     1.340     0.400     0.718    -0.625   202.500   0.551E-02   0.504E-01  416.0  412.0   0.157E+01
     1.340     0.400     0.718    -0.625   247.500  -0.443E-01   0.416E-01  590.0  622.0   0.177E+01
     1.340     0.400     0.718    -0.625   292.500  -0.625E-01   0.468E-01  463.0  498.0   0.143E+01
     1.340     0.400     0.718    -0.625   337.500  -0.130E+00   0.726E-01  184.0  217.0   0.751E+00
     1.340     0.400     0.718    -0.375    22.500   0.486E-01   0.538E-01  374.0  353.0   0.105E+01
     1.340     0.400     0.718    -0.375    67.500   0.187E-01   0.380E-01  735.0  717.0   0.224E+01
     1.340     0.400     0.718    -0.375   112.500   0.332E-01   0.312E-01 1107.0 1056.0   0.265E+01
     1.340     0.400     0.718    -0.375   157.500   0.319E-01   0.381E-01  740.0  707.0   0.203E+01
     1.340     0.400     0.718    -0.375   202.500   0.265E-01   0.384E-01  727.0  702.0   0.203E+01
     1.340     0.400     0.718    -0.375   247.500   0.243E-03   0.314E-01 1062.0 1063.0   0.265E+01
     1.340     0.400     0.718    -0.375   292.500  -0.145E-01   0.393E-01  675.0  688.0   0.224E+01
     1.340     0.400     0.718    -0.375   337.500  -0.514E-01   0.543E-01  345.0  367.0   0.105E+01
     1.340     0.400     0.718    -0.125    22.500  -0.355E-01   0.477E-01  451.0  473.0   0.154E+01
     1.340     0.400     0.718    -0.125    67.500  -0.667E-01   0.320E-01  979.0 1066.0   0.344E+01
     1.340     0.400     0.718    -0.125   112.500  -0.119E-02   0.254E-01 1637.0 1626.0   0.383E+01
     1.340     0.400     0.718    -0.125   157.500  -0.243E-01   0.326E-01  978.0 1005.0   0.249E+01
     1.340     0.400     0.718    -0.125   202.500   0.252E-01   0.320E-01 1034.0 1005.0   0.249E+01
     1.340     0.400     0.718    -0.125   247.500   0.655E-02   0.261E-01 1551.0 1550.0   0.383E+01
     1.340     0.400     0.718    -0.125   292.500   0.564E-01   0.325E-01 1037.0  966.0   0.344E+01
     1.340     0.400     0.718    -0.125   337.500  -0.596E-01   0.481E-01  436.0  474.0   0.154E+01
     1.340     0.400     0.718     0.125    22.500  -0.559E-01   0.417E-01  583.0  625.0   0.219E+01
     1.340     0.400     0.718     0.125    67.500  -0.626E-01   0.280E-01 1290.0 1390.0   0.494E+01
     1.340     0.400     0.718     0.125   112.500   0.146E-01   0.226E-01 2093.0 2026.0   0.530E+01
     1.340     0.400     0.718     0.125   157.500  -0.180E-01   0.294E-01 1204.0 1224.0   0.306E+01
     1.340     0.400     0.718     0.125   202.500   0.217E-01   0.296E-01 1218.0 1192.0   0.306E+01
     1.340     0.400     0.718     0.125   247.500   0.374E-01   0.225E-01 2136.0 2054.0   0.530E+01
     1.340     0.400     0.718     0.125   292.500   0.232E-01   0.280E-01 1350.0 1323.0   0.494E+01
     1.340     0.400     0.718     0.125   337.500   0.748E-01   0.428E-01  603.0  548.0   0.219E+01
     1.340     0.400     0.718     0.375    22.500  -0.277E-01   0.506E-01  405.0  416.0   0.324E+01
     1.340     0.400     0.718     0.375    67.500  -0.430E-01   0.226E-01 2010.0 2107.0   0.666E+01
     1.340     0.400     0.718     0.375   112.500  -0.400E-01   0.209E-01 2385.0 2464.0   0.698E+01
     1.340     0.400     0.718     0.375   157.500   0.519E-02   0.249E-01 1706.0 1673.0   0.400E+01
     1.340     0.400     0.718     0.375   202.500   0.207E-01   0.252E-01 1674.0 1647.0   0.400E+01
     1.340     0.400     0.718     0.375   247.500   0.283E-01   0.210E-01 2397.0 2358.0   0.698E+01
     1.340     0.400     0.718     0.375   292.500   0.246E-01   0.228E-01 2054.0 2010.0   0.666E+01
     1.340     0.400     0.718     0.375   337.500   0.144E-02   0.499E-01  420.0  424.0   0.324E+01
     1.340     0.400     0.718     0.625    22.500  -0.230E-01   0.423E-01  578.0  592.0   0.526E+01
     1.340     0.400     0.718     0.625    67.500  -0.207E-01   0.188E-01 2953.0 2976.0   0.857E+01
     1.340     0.400     0.718     0.625   112.500   0.328E-01   0.214E-01 2360.0 2228.0   0.877E+01
     1.340     0.400     0.718     0.625   157.500  -0.183E-01   0.214E-01 2271.0 2309.0   0.572E+01
     1.340     0.400     0.718     0.625   202.500   0.922E-02   0.219E-01 2201.0 2192.0   0.572E+01
     1.340     0.400     0.718     0.625   247.500  -0.129E-02   0.212E-01 2324.0 2357.0   0.877E+01
     1.340     0.400     0.718     0.625   292.500   0.217E-01   0.188E-01 2962.0 2935.0   0.857E+01
     1.340     0.400     0.718     0.625   337.500   0.713E-01   0.425E-01  612.0  559.0   0.526E+01
     1.340     0.400     0.718     0.875    22.500  -0.286E-02   0.254E-01 1635.0 1641.0   0.903E+01
     1.340     0.400     0.718     0.875    67.500  -0.220E-01   0.230E-01 1947.0 2000.0   0.106E+02
     1.340     0.400     0.718     0.875   112.500  -0.117E-01   0.206E-01 2454.0 2482.0   0.105E+02
     1.340     0.400     0.718     0.875   157.500   0.835E-02   0.178E-01 3331.0 3283.0   0.885E+01
     1.340     0.400     0.718     0.875   202.500  -0.574E-02   0.175E-01 3375.0 3412.0   0.885E+01
     1.340     0.400     0.718     0.875   247.500  -0.732E-02   0.206E-01 2459.0 2496.0   0.105E+02
     1.340     0.400     0.718     0.875   292.500  -0.322E-01   0.232E-01 1899.0 1992.0   0.106E+02
     1.340     0.400     0.718     0.875   337.500   0.386E-01   0.252E-01 1706.0 1618.0   0.903E+01
     1.380     0.400     0.682    -0.875    22.500  -0.764E-01   0.101E+00   98.0  108.0   0.521E+00
     1.380     0.400     0.682    -0.875    67.500   0.643E-01   0.746E-01  199.0  179.0   0.697E+00
     1.380     0.400     0.682    -0.875   112.500  -0.291E+00   0.935E-01  101.0  149.0   0.809E+00
     1.380     0.400     0.682    -0.875   157.500  -0.145E+00   0.186E+00   28.0   34.0   0.791E+00
     1.380     0.400     0.682    -0.875   202.500   0.303E+00   0.180E+00   41.0   27.0   0.791E+00
     1.380     0.400     0.682    -0.875   247.500   0.194E-01   0.938E-01  120.0  119.0   0.809E+00
     1.380     0.400     0.682    -0.875   292.500   0.241E-01   0.748E-01  189.0  186.0   0.697E+00
     1.380     0.400     0.682    -0.875   337.500  -0.216E+00   0.110E+00   75.0  102.0   0.521E+00
     1.380     0.400     0.682    -0.625    22.500   0.694E-01   0.813E-01  167.0  152.0   0.484E+00
     1.380     0.400     0.682    -0.625    67.500   0.904E-01   0.520E-01  412.0  365.0   0.947E+00
     1.380     0.400     0.682    -0.625   112.500  -0.843E-01   0.445E-01  500.0  562.0   0.119E+01
     1.380     0.400     0.682    -0.625   157.500   0.134E-01   0.519E-01  395.0  387.0   0.106E+01
     1.380     0.400     0.682    -0.625   202.500  -0.170E-01   0.516E-01  389.0  399.0   0.106E+01
     1.380     0.400     0.682    -0.625   247.500  -0.174E-01   0.438E-01  541.0  554.0   0.119E+01
     1.380     0.400     0.682    -0.625   292.500   0.529E-01   0.528E-01  392.0  363.0   0.947E+00
     1.380     0.400     0.682    -0.625   337.500   0.390E-01   0.807E-01  166.0  157.0   0.484E+00
     1.380     0.400     0.682    -0.375    22.500   0.372E-01   0.609E-01  290.0  276.0   0.698E+00
     1.380     0.400     0.682    -0.375    67.500  -0.342E-03   0.419E-01  599.0  599.0   0.157E+01
     1.380     0.400     0.682    -0.375   112.500  -0.452E-01   0.343E-01  864.0  919.0   0.185E+01
     1.380     0.400     0.682    -0.375   157.500   0.249E-01   0.428E-01  586.0  565.0   0.137E+01
     1.380     0.400     0.682    -0.375   202.500   0.403E-01   0.426E-01  594.0  563.0   0.137E+01
     1.380     0.400     0.682    -0.375   247.500   0.314E-01   0.343E-01  908.0  870.0   0.185E+01
     1.380     0.400     0.682    -0.375   292.500   0.525E-01   0.414E-01  633.0  589.0   0.157E+01
     1.380     0.400     0.682    -0.375   337.500  -0.132E+00   0.619E-01  252.0  302.0   0.698E+00
     1.380     0.400     0.682    -0.125    22.500  -0.458E-01   0.526E-01  368.0  392.0   0.115E+01
     1.380     0.400     0.682    -0.125    67.500  -0.101E-01   0.346E-01  871.0  879.0   0.269E+01
     1.380     0.400     0.682    -0.125   112.500  -0.497E-01   0.278E-01 1309.0 1393.0   0.293E+01
     1.380     0.400     0.682    -0.125   157.500   0.272E-01   0.359E-01  830.0  796.0   0.173E+01
     1.380     0.400     0.682    -0.125   202.500   0.954E-02   0.367E-01  787.0  780.0   0.173E+01
     1.380     0.400     0.682    -0.125   247.500   0.410E-01   0.278E-01 1390.0 1322.0   0.293E+01
     1.380     0.400     0.682    -0.125   292.500   0.188E-01   0.342E-01  906.0  887.0   0.269E+01
     1.380     0.400     0.682    -0.125   337.500   0.945E-02   0.520E-01  390.0  385.0   0.115E+01
     1.380     0.400     0.682     0.125    22.500  -0.754E-01   0.446E-01  503.0  557.0   0.183E+01
     1.380     0.400     0.682     0.125    67.500  -0.123E+00   0.288E-01 1165.0 1371.0   0.423E+01
     1.380     0.400     0.682     0.125   112.500  -0.170E-01   0.235E-01 1885.0 1912.0   0.439E+01
     1.380     0.400     0.682     0.125   157.500  -0.388E-01   0.317E-01 1015.0 1064.0   0.222E+01
     1.380     0.400     0.682     0.125   202.500   0.343E-01   0.317E-01 1068.0 1025.0   0.222E+01
     1.380     0.400     0.682     0.125   247.500   0.104E-01   0.236E-01 1887.0 1877.0   0.439E+01
     1.380     0.400     0.682     0.125   292.500   0.694E-01   0.294E-01 1265.0 1158.0   0.423E+01
     1.380     0.400     0.682     0.125   337.500   0.617E-01   0.457E-01  526.0  484.0   0.183E+01
     1.380     0.400     0.682     0.375    22.500  -0.681E-01   0.433E-01  535.0  586.0   0.289E+01
     1.380     0.400     0.682     0.375    67.500  -0.754E-01   0.239E-01 1759.0 1940.0   0.600E+01
     1.380     0.400     0.682     0.375   112.500  -0.113E-01   0.216E-01 2255.0 2271.0   0.606E+01
     1.380     0.400     0.682     0.375   157.500  -0.126E-01   0.272E-01 1403.0 1419.0   0.302E+01
     1.380     0.400     0.682     0.375   202.500   0.671E-03   0.275E-01 1382.0 1389.0   0.302E+01
     1.380     0.400     0.682     0.375   247.500   0.548E-01   0.212E-01 2423.0 2266.0   0.606E+01
     1.380     0.400     0.682     0.375   292.500   0.246E-01   0.238E-01 1895.0 1843.0   0.600E+01
     1.380     0.400     0.682     0.375   337.500  -0.228E-01   0.448E-01  514.0  532.0   0.289E+01
     1.380     0.400     0.682     0.625    22.500   0.188E-02   0.499E-01  422.0  421.0   0.480E+01
     1.380     0.400     0.682     0.625    67.500  -0.351E-01   0.190E-01 2860.0 2990.0   0.781E+01
     1.380     0.400     0.682     0.625   112.500  -0.351E-01   0.216E-01 2203.0 2298.0   0.763E+01
     1.380     0.400     0.682     0.625   157.500  -0.387E-01   0.243E-01 1732.0 1819.0   0.436E+01
     1.380     0.400     0.682     0.625   202.500   0.339E-01   0.242E-01 1835.0 1759.0   0.436E+01
     1.380     0.400     0.682     0.625   247.500   0.235E-01   0.216E-01 2278.0 2219.0   0.763E+01
     1.380     0.400     0.682     0.625   292.500   0.457E-01   0.188E-01 3055.0 2880.0   0.781E+01
     1.380     0.400     0.682     0.625   337.500   0.103E+00   0.501E-01  450.0  390.0   0.480E+01
     1.380     0.400     0.682     0.875    22.500  -0.322E-01   0.281E-01 1288.0 1357.0   0.798E+01
     1.380     0.400     0.682     0.875    67.500   0.458E-02   0.230E-01 1966.0 1970.0   0.925E+01
     1.380     0.400     0.682     0.875   112.500  -0.214E-01   0.219E-01 2148.0 2224.0   0.873E+01
     1.380     0.400     0.682     0.875   157.500  -0.630E-02   0.197E-01 2693.0 2725.0   0.673E+01
     1.380     0.400     0.682     0.875   202.500   0.296E-01   0.193E-01 2891.0 2767.0   0.673E+01
     1.380     0.400     0.682     0.875   247.500   0.104E-01   0.223E-01 2129.0 2088.0   0.873E+01
     1.380     0.400     0.682     0.875   292.500   0.391E-01   0.236E-01 1938.0 1821.0   0.925E+01
     1.380     0.400     0.682     0.875   337.500   0.142E-01   0.275E-01 1404.0 1366.0   0.798E+01
     1.420     0.400     0.641    -0.875    22.500   0.442E-01   0.967E-01  117.0  108.0   0.461E+00
     1.420     0.400     0.641    -0.875    67.500   0.378E-02   0.723E-01  206.0  196.0   0.640E+00
     1.420     0.400     0.641    -0.875   112.500   0.925E-01   0.925E-01  134.0  113.0   0.706E+00
     1.420     0.400     0.641    -0.875   157.500   0.349E-02   0.157E+00   43.0   42.0   0.620E+00
     1.420     0.400     0.641    -0.875   202.500  -0.106E+00   0.158E+00   39.0   46.0   0.620E+00
     1.420     0.400     0.641    -0.875   247.500   0.177E+00   0.909E-01  142.0  116.0   0.706E+00
     1.420     0.400     0.641    -0.875   292.500  -0.535E-01   0.735E-01  183.0  206.0   0.640E+00
     1.420     0.400     0.641    -0.875   337.500   0.359E-01   0.103E+00  100.0   97.0   0.461E+00
     1.420     0.400     0.641    -0.625    22.500  -0.277E-01   0.801E-01  161.0  166.0   0.451E+00
     1.420     0.400     0.641    -0.625    67.500  -0.862E-01   0.529E-01  357.0  396.0   0.897E+00
     1.420     0.400     0.641    -0.625   112.500  -0.752E-01   0.439E-01  524.0  571.0   0.108E+01
     1.420     0.400     0.641    -0.625   157.500  -0.706E-01   0.519E-01  374.0  408.0   0.904E+00
     1.420     0.400     0.641    -0.625   202.500   0.480E-01   0.529E-01  387.0  366.0   0.904E+00
     1.420     0.400     0.641    -0.625   247.500   0.102E+00   0.439E-01  581.0  514.0   0.108E+01
     1.420     0.400     0.641    -0.625   292.500   0.575E-01   0.509E-01  419.0  393.0   0.897E+00
     1.420     0.400     0.641    -0.625   337.500   0.575E-01   0.761E-01  188.0  175.0   0.451E+00
     1.420     0.400     0.641    -0.375    22.500  -0.554E-01   0.594E-01  287.0  309.0   0.601E+00
     1.420     0.400     0.641    -0.375    67.500  -0.557E-01   0.413E-01  595.0  637.0   0.142E+01
     1.420     0.400     0.641    -0.375   112.500  -0.709E-01   0.341E-01  865.0  946.0   0.166E+01
     1.420     0.400     0.641    -0.375   157.500   0.584E-01   0.442E-01  560.0  514.0   0.117E+01
     1.420     0.400     0.641    -0.375   202.500   0.245E-01   0.433E-01  566.0  550.0   0.117E+01
     1.420     0.400     0.641    -0.375   247.500   0.823E-01   0.351E-01  899.0  809.0   0.166E+01
     1.420     0.400     0.641    -0.375   292.500  -0.752E-02   0.407E-01  628.0  640.0   0.142E+01
     1.420     0.400     0.641    -0.375   337.500   0.113E+00   0.614E-01  301.0  258.0   0.601E+00
     1.420     0.400     0.641    -0.125    22.500   0.307E-01   0.517E-01  400.0  383.0   0.103E+01
     1.420     0.400     0.641    -0.125    67.500  -0.109E-01   0.333E-01  941.0  949.0   0.249E+01
     1.420     0.400     0.641    -0.125   112.500  -0.691E-01   0.280E-01 1291.0 1410.0   0.268E+01
     1.420     0.400     0.641    -0.125   157.500   0.906E-01   0.386E-01  754.0  663.0   0.148E+01
     1.420     0.400     0.641    -0.125   202.500  -0.533E-03   0.386E-01  704.0  707.0   0.148E+01
     1.420     0.400     0.641    -0.125   247.500   0.236E-01   0.275E-01 1403.0 1368.0   0.268E+01
     1.420     0.400     0.641    -0.125   292.500   0.312E-01   0.341E-01  922.0  889.0   0.249E+01
     1.420     0.400     0.641    -0.125   337.500  -0.287E-01   0.517E-01  385.0  401.0   0.103E+01
     1.420     0.400     0.641     0.125    22.500  -0.828E-01   0.438E-01  519.0  582.0   0.171E+01
     1.420     0.400     0.641     0.125    67.500  -0.716E-01   0.281E-01 1266.0 1392.0   0.404E+01
     1.420     0.400     0.641     0.125   112.500  -0.454E-01   0.235E-01 1859.0 1966.0   0.415E+01
     1.420     0.400     0.641     0.125   157.500  -0.330E-01   0.328E-01  958.0 1001.0   0.197E+01
     1.420     0.400     0.641     0.125   202.500  -0.108E-01   0.320E-01 1017.0 1034.0   0.197E+01
     1.420     0.400     0.641     0.125   247.500   0.470E-01   0.235E-01 1963.0 1852.0   0.415E+01
     1.420     0.400     0.641     0.125   292.500   0.630E-01   0.286E-01 1344.0 1237.0   0.404E+01
     1.420     0.400     0.641     0.125   337.500   0.280E-01   0.430E-01  578.0  556.0   0.171E+01
     1.420     0.400     0.641     0.375    22.500   0.670E-02   0.383E-01  719.0  714.0   0.276E+01
     1.420     0.400     0.641     0.375    67.500  -0.480E-01   0.241E-01 1762.0 1879.0   0.581E+01
     1.420     0.400     0.641     0.375   112.500  -0.118E-01   0.213E-01 2291.0 2319.0   0.580E+01
     1.420     0.400     0.641     0.375   157.500  -0.358E-02   0.288E-01 1256.0 1262.0   0.274E+01
     1.420     0.400     0.641     0.375   202.500  -0.528E-01   0.297E-01 1147.0 1234.0   0.274E+01
     1.420     0.400     0.641     0.375   247.500   0.672E-01   0.209E-01 2509.0 2296.0   0.580E+01
     1.420     0.400     0.641     0.375   292.500   0.878E-01   0.241E-01 1928.0 1711.0   0.581E+01
     1.420     0.400     0.641     0.375   337.500   0.513E-01   0.391E-01  710.0  660.0   0.276E+01
     1.420     0.400     0.641     0.625    22.500  -0.159E-01   0.546E-01  347.0  357.0   0.447E+01
     1.420     0.400     0.641     0.625    67.500  -0.171E-01   0.191E-01 2846.0 2914.0   0.738E+01
     1.420     0.400     0.641     0.625   112.500   0.127E-01   0.212E-01 2380.0 2334.0   0.710E+01
     1.420     0.400     0.641     0.625   157.500  -0.246E-01   0.258E-01 1553.0 1612.0   0.379E+01
     1.420     0.400     0.641     0.625   202.500   0.270E-01   0.255E-01 1643.0 1578.0   0.379E+01
     1.420     0.400     0.641     0.625   247.500  -0.493E-02   0.216E-01 2256.0 2276.0   0.710E+01
     1.420     0.400     0.641     0.625   292.500   0.358E-01   0.191E-01 2923.0 2782.0   0.738E+01
     1.420     0.400     0.641     0.625   337.500   0.254E-01   0.558E-01  345.0  331.0   0.447E+01
     1.420     0.400     0.641     0.875    22.500   0.810E-02   0.325E-01  991.0  996.0   0.695E+01
     1.420     0.400     0.641     0.875    67.500   0.316E-01   0.228E-01 2039.0 1996.0   0.807E+01
     1.420     0.400     0.641     0.875   112.500   0.335E-01   0.233E-01 1949.0 1893.0   0.737E+01
     1.420     0.400     0.641     0.875   157.500  -0.115E-01   0.216E-01 2222.0 2286.0   0.527E+01
     1.420     0.400     0.641     0.875   202.500  -0.267E-01   0.213E-01 2280.0 2336.0   0.527E+01
     1.420     0.400     0.641     0.875   247.500   0.284E-02   0.235E-01 1923.0 1883.0   0.737E+01
     1.420     0.400     0.641     0.875   292.500  -0.374E-01   0.230E-01 1946.0 2004.0   0.807E+01
     1.420     0.400     0.641     0.875   337.500  -0.601E-01   0.309E-01 1069.0 1143.0   0.695E+01
     1.460     0.400     0.595    -0.875    22.500  -0.122E+00   0.864E-01  132.0  152.0   0.574E+00
     1.460     0.400     0.595    -0.875    67.500  -0.128E+00   0.652E-01  233.0  266.0   0.917E+00
     1.460     0.400     0.595    -0.875   112.500  -0.865E-01   0.752E-01  180.0  193.0   0.100E+01
     1.460     0.400     0.595    -0.875   157.500   0.141E+00   0.120E+00   82.0   65.0   0.785E+00
     1.460     0.400     0.595    -0.875   202.500  -0.674E-01   0.117E+00   72.0   82.0   0.785E+00
     1.460     0.400     0.595    -0.875   247.500   0.213E+00   0.765E-01  206.0  161.0   0.100E+01
     1.460     0.400     0.595    -0.875   292.500   0.103E+00   0.657E-01  257.0  233.0   0.917E+00
     1.460     0.400     0.595    -0.875   337.500  -0.112E+00   0.880E-01  124.0  149.0   0.574E+00
     1.460     0.400     0.595    -0.625    22.500  -0.691E-01   0.672E-01  224.0  242.0   0.710E+00
     1.460     0.400     0.595    -0.625    67.500  -0.124E+00   0.441E-01  505.0  587.0   0.147E+01
     1.460     0.400     0.595    -0.625   112.500  -0.700E-01   0.375E-01  720.0  773.0   0.170E+01
     1.460     0.400     0.595    -0.625   157.500  -0.123E+00   0.455E-01  473.0  548.0   0.128E+01
     1.460     0.400     0.595    -0.625   202.500   0.251E-01   0.449E-01  523.0  517.0   0.128E+01
     1.460     0.400     0.595    -0.625   247.500   0.102E+00   0.383E-01  763.0  680.0   0.170E+01
     1.460     0.400     0.595    -0.625   292.500   0.930E-01   0.429E-01  602.0  541.0   0.147E+01
     1.460     0.400     0.595    -0.625   337.500   0.386E-01   0.639E-01  262.0  253.0   0.710E+00
     1.460     0.400     0.595    -0.375    22.500  -0.120E-01   0.516E-01  393.0  395.0   0.884E+00
     1.460     0.400     0.595    -0.375    67.500  -0.120E+00   0.354E-01  783.0  909.0   0.205E+01
     1.460     0.400     0.595    -0.375   112.500  -0.599E-01   0.307E-01 1076.0 1147.0   0.234E+01
     1.460     0.400     0.595    -0.375   157.500  -0.636E-01   0.383E-01  692.0  742.0   0.158E+01
     1.460     0.400     0.595    -0.375   202.500   0.397E-02   0.383E-01  714.0  723.0   0.158E+01
     1.460     0.400     0.595    -0.375   247.500   0.445E-01   0.309E-01 1125.0 1078.0   0.234E+01
     1.460     0.400     0.595    -0.375   292.500   0.765E-01   0.342E-01  937.0  857.0   0.205E+01
     1.460     0.400     0.595    -0.375   337.500   0.384E-01   0.539E-01  369.0  354.0   0.884E+00
     1.460     0.400     0.595    -0.125    22.500  -0.543E-01   0.457E-01  488.0  523.0   0.134E+01
     1.460     0.400     0.595    -0.125    67.500  -0.593E-01   0.297E-01 1153.0 1239.0   0.313E+01
     1.460     0.400     0.595    -0.125   112.500  -0.781E-01   0.252E-01 1584.0 1744.0   0.334E+01
     1.460     0.400     0.595    -0.125   157.500  -0.362E-01   0.358E-01  806.0  838.0   0.184E+01
     1.460     0.400     0.595    -0.125   202.500   0.271E-01   0.355E-01  843.0  821.0   0.184E+01
     1.460     0.400     0.595    -0.125   247.500   0.629E-01   0.252E-01 1709.0 1585.0   0.334E+01
     1.460     0.400     0.595    -0.125   292.500   0.328E-01   0.290E-01 1268.0 1224.0   0.313E+01
     1.460     0.400     0.595    -0.125   337.500   0.270E-01   0.468E-01  486.0  471.0   0.134E+01
     1.460     0.400     0.595     0.125    22.500  -0.433E-01   0.403E-01  631.0  668.0   0.210E+01
     1.460     0.400     0.595     0.125    67.500  -0.274E-01   0.257E-01 1573.0 1624.0   0.471E+01
     1.460     0.400     0.595     0.125   112.500   0.562E-02   0.217E-01 2228.0 2195.0   0.480E+01
     1.460     0.400     0.595     0.125   157.500  -0.144E-01   0.297E-01 1178.0 1196.0   0.230E+01
     1.460     0.400     0.595     0.125   202.500  -0.178E-01   0.310E-01 1078.0 1110.0   0.230E+01
     1.460     0.400     0.595     0.125   247.500   0.188E-01   0.217E-01 2238.0 2196.0   0.480E+01
     1.460     0.400     0.595     0.125   292.500  -0.780E-02   0.259E-01 1555.0 1581.0   0.471E+01
     1.460     0.400     0.595     0.125   337.500   0.184E-01   0.399E-01  671.0  656.0   0.210E+01
     1.460     0.400     0.595     0.375    22.500  -0.175E-01   0.335E-01  927.0  950.0   0.318E+01
     1.460     0.400     0.595     0.375    67.500   0.313E-01   0.230E-01 2020.0 1927.0   0.644E+01
     1.460     0.400     0.595     0.375   112.500  -0.309E-02   0.197E-01 2708.0 2706.0   0.637E+01
     1.460     0.400     0.595     0.375   157.500   0.178E-01   0.275E-01 1399.0 1362.0   0.303E+01
     1.460     0.400     0.595     0.375   202.500  -0.696E-02   0.278E-01 1343.0 1359.0   0.303E+01
     1.460     0.400     0.595     0.375   247.500   0.133E-01   0.193E-01 2860.0 2822.0   0.637E+01
     1.460     0.400     0.595     0.375   292.500  -0.265E-01   0.232E-01 1910.0 1989.0   0.644E+01
     1.460     0.400     0.595     0.375   337.500  -0.301E-01   0.343E-01  875.0  912.0   0.318E+01
     1.460     0.400     0.595     0.625    22.500  -0.323E-01   0.510E-01  393.0  414.0   0.472E+01
     1.460     0.400     0.595     0.625    67.500   0.272E-01   0.190E-01 2977.0 2867.0   0.770E+01
     1.460     0.400     0.595     0.625   112.500   0.325E-01   0.201E-01 2619.0 2524.0   0.733E+01
     1.460     0.400     0.595     0.625   157.500   0.387E-01   0.248E-01 1749.0 1665.0   0.382E+01
     1.460     0.400     0.595     0.625   202.500  -0.694E-02   0.249E-01 1680.0 1689.0   0.382E+01
     1.460     0.400     0.595     0.625   247.500  -0.393E-01   0.200E-01 2563.0 2685.0   0.733E+01
     1.460     0.400     0.595     0.625   292.500  -0.126E-01   0.188E-01 2920.0 2971.0   0.770E+01
     1.460     0.400     0.595     0.625   337.500  -0.793E-01   0.519E-01  372.0  412.0   0.472E+01
     1.460     0.400     0.595     0.875    22.500  -0.736E-02   0.375E-01  734.0  760.0   0.654E+01
     1.460     0.400     0.595     0.875    67.500   0.346E-01   0.220E-01 2183.0 2151.0   0.756E+01
     1.460     0.400     0.595     0.875   112.500   0.668E-01   0.233E-01 1997.0 1880.0   0.670E+01
     1.460     0.400     0.595     0.875   157.500   0.709E-01   0.223E-01 2180.0 2023.0   0.447E+01
     1.460     0.400     0.595     0.875   202.500  -0.454E-01   0.223E-01 2056.0 2139.0   0.447E+01
     1.460     0.400     0.595     0.875   247.500  -0.278E-01   0.236E-01 1876.0 1888.0   0.670E+01
     1.460     0.400     0.595     0.875   292.500  -0.493E-01   0.222E-01 2107.0 2182.0   0.756E+01
     1.460     0.400     0.595     0.875   337.500  -0.304E-01   0.375E-01  739.0  752.0   0.654E+01
     1.500     0.400     0.543    -0.875    22.500  -0.140E+00   0.674E-01  213.0  253.0   0.109E+01
     1.500     0.400     0.543    -0.875    67.500  -0.825E-01   0.509E-01  392.0  422.0   0.182E+01
     1.500     0.400     0.543    -0.875   112.500   0.671E-02   0.623E-01  276.0  264.0   0.219E+01
     1.500     0.400     0.543    -0.875   157.500  -0.313E-01   0.888E-01  132.0  134.0   0.198E+01
     1.500     0.400     0.543    -0.875   202.500   0.603E-01   0.852E-01  149.0  141.0   0.198E+01
     1.500     0.400     0.543    -0.875   247.500   0.659E-01   0.588E-01  313.0  296.0   0.219E+01
     1.500     0.400     0.543    -0.875   292.500   0.184E+00   0.516E-01  445.0  359.0   0.182E+01
     1.500     0.400     0.543    -0.875   337.500   0.242E+00   0.706E-01  251.0  183.0   0.109E+01
     1.500     0.400     0.543    -0.625    22.500  -0.272E-01   0.497E-01  419.0  432.0   0.148E+01
     1.500     0.400     0.543    -0.625    67.500  -0.751E-01   0.345E-01  845.0  930.0   0.298E+01
     1.500     0.400     0.543    -0.625   112.500  -0.270E-01   0.300E-01 1150.0 1180.0   0.353E+01
     1.500     0.400     0.543    -0.625   157.500  -0.475E-01   0.364E-01  773.0  817.0   0.280E+01
     1.500     0.400     0.543    -0.625   202.500   0.520E-01   0.371E-01  786.0  739.0   0.280E+01
     1.500     0.400     0.543    -0.625   247.500   0.961E-01   0.299E-01 1259.0 1115.0   0.353E+01
     1.500     0.400     0.543    -0.625   292.500   0.764E-01   0.335E-01  989.0  897.0   0.298E+01
     1.500     0.400     0.543    -0.625   337.500   0.201E+00   0.514E-01  458.0  349.0   0.148E+01
     1.500     0.400     0.543    -0.375    22.500  -0.665E-01   0.417E-01  577.0  630.0   0.170E+01
     1.500     0.400     0.543    -0.375    67.500  -0.507E-01   0.293E-01 1188.0 1268.0   0.358E+01
     1.500     0.400     0.543    -0.375   112.500  -0.174E-01   0.258E-01 1571.0 1596.0   0.406E+01
     1.500     0.400     0.543    -0.375   157.500  -0.351E-02   0.328E-01  980.0  976.0   0.288E+01
     1.500     0.400     0.543    -0.375   202.500  -0.102E-01   0.317E-01 1030.0 1054.0   0.288E+01
     1.500     0.400     0.543    -0.375   247.500   0.213E-01   0.257E-01 1610.0 1576.0   0.406E+01
     1.500     0.400     0.543    -0.375   292.500   0.701E-03   0.286E-01 1283.0 1288.0   0.358E+01
     1.500     0.400     0.543    -0.375   337.500   0.297E-01   0.442E-01  549.0  529.0   0.170E+01
     1.500     0.400     0.543    -0.125    22.500  -0.374E-01   0.406E-01  621.0  652.0   0.207E+01
     1.500     0.400     0.543    -0.125    67.500  -0.277E-01   0.252E-01 1618.0 1676.0   0.415E+01
     1.500     0.400     0.543    -0.125   112.500  -0.612E-01   0.225E-01 2010.0 2176.0   0.440E+01
     1.500     0.400     0.543    -0.125   157.500   0.213E-01   0.312E-01 1097.0 1057.0   0.267E+01
     1.500     0.400     0.543    -0.125   202.500   0.677E-01   0.309E-01 1156.0 1061.0   0.267E+01
     1.500     0.400     0.543    -0.125   247.500   0.278E-01   0.225E-01 2130.0 2060.0   0.440E+01
     1.500     0.400     0.543    -0.125   292.500  -0.114E-01   0.255E-01 1597.0 1627.0   0.415E+01
     1.500     0.400     0.543    -0.125   337.500  -0.233E-01   0.410E-01  615.0  637.0   0.207E+01
     1.500     0.400     0.543     0.125    22.500   0.103E-01   0.372E-01  763.0  753.0   0.260E+01
     1.500     0.400     0.543     0.125    67.500   0.629E-02   0.236E-01 1890.0 1870.0   0.495E+01
     1.500     0.400     0.543     0.125   112.500   0.126E-01   0.206E-01 2499.0 2446.0   0.494E+01
     1.500     0.400     0.543     0.125   157.500  -0.462E-01   0.284E-01 1263.0 1343.0   0.258E+01
     1.500     0.400     0.543     0.125   202.500  -0.275E-01   0.288E-01 1235.0 1286.0   0.258E+01
     1.500     0.400     0.543     0.125   247.500  -0.739E-02   0.204E-01 2502.0 2538.0   0.494E+01
     1.500     0.400     0.543     0.125   292.500  -0.183E-01   0.242E-01 1778.0 1827.0   0.495E+01
     1.500     0.400     0.543     0.125   337.500  -0.254E-01   0.370E-01  754.0  780.0   0.260E+01
     1.500     0.400     0.543     0.375    22.500  -0.210E-01   0.314E-01 1045.0 1078.0   0.337E+01
     1.500     0.400     0.543     0.375    67.500   0.119E-01   0.222E-01 2152.0 2115.0   0.596E+01
     1.500     0.400     0.543     0.375   112.500   0.383E-01   0.190E-01 2982.0 2820.0   0.574E+01
     1.500     0.400     0.543     0.375   157.500   0.159E-01   0.264E-01 1522.0 1487.0   0.284E+01
     1.500     0.400     0.543     0.375   202.500  -0.222E-01   0.264E-01 1482.0 1530.0   0.284E+01
     1.500     0.400     0.543     0.375   247.500  -0.542E-01   0.188E-01 2848.0 3079.0   0.574E+01
     1.500     0.400     0.543     0.375   292.500  -0.267E-01   0.223E-01 2079.0 2159.0   0.596E+01
     1.500     0.400     0.543     0.375   337.500   0.551E-02   0.319E-01 1041.0 1031.0   0.337E+01
     1.500     0.400     0.543     0.625    22.500   0.780E-01   0.455E-01  533.0  481.0   0.467E+01
     1.500     0.400     0.543     0.625    67.500   0.399E-01   0.197E-01 2760.0 2615.0   0.693E+01
     1.500     0.400     0.543     0.625   112.500   0.761E-01   0.197E-01 2851.0 2564.0   0.637E+01
     1.500     0.400     0.543     0.625   157.500   0.435E-02   0.246E-01 1728.0 1723.0   0.332E+01
     1.500     0.400     0.543     0.625   202.500  -0.741E-01   0.245E-01 1669.0 1843.0   0.332E+01
     1.500     0.400     0.543     0.625   247.500  -0.232E-01   0.197E-01 2649.0 2738.0   0.637E+01
     1.500     0.400     0.543     0.625   292.500  -0.380E-01   0.194E-01 2714.0 2857.0   0.693E+01
     1.500     0.400     0.543     0.625   337.500  -0.616E-01   0.464E-01  469.0  508.0   0.467E+01
     1.500     0.400     0.543     0.875    22.500   0.635E-01   0.443E-01  551.0  517.0   0.668E+01
     1.500     0.400     0.543     0.875    67.500   0.135E+00   0.219E-01 2384.0 2049.0   0.730E+01
     1.500     0.400     0.543     0.875   112.500   0.139E+00   0.236E-01 2043.0 1756.0   0.623E+01
     1.500     0.400     0.543     0.875   157.500   0.767E-01   0.222E-01 2218.0 2056.0   0.409E+01
     1.500     0.400     0.543     0.875   202.500  -0.118E+00   0.219E-01 2056.0 2348.0   0.409E+01
     1.500     0.400     0.543     0.875   247.500  -0.155E+00   0.238E-01 1725.0 2052.0   0.623E+01
     1.500     0.400     0.543     0.875   292.500  -0.130E+00   0.225E-01 1944.0 2246.0   0.730E+01
     1.500     0.400     0.543     0.875   337.500   0.345E-02   0.435E-01  564.0  548.0   0.668E+01
     1.540     0.400     0.486    -0.875    22.500  -0.201E-01   0.574E-01  317.0  322.0   0.135E+01
     1.540     0.400     0.486    -0.875    67.500  -0.114E+00   0.514E-01  373.0  424.0   0.154E+01
     1.540     0.400     0.486    -0.875   112.500  -0.197E+00   0.610E-01  253.0  321.0   0.174E+01
     1.540     0.400     0.486    -0.875   157.500  -0.430E-02   0.851E-01  146.0  144.0   0.182E+01
     1.540     0.400     0.486    -0.875   202.500   0.155E+00   0.803E-01  181.0  149.0   0.182E+01
     1.540     0.400     0.486    -0.875   247.500   0.186E+00   0.593E-01  337.0  270.0   0.174E+01
     1.540     0.400     0.486    -0.875   292.500   0.159E+00   0.516E-01  438.0  362.0   0.154E+01
     1.540     0.400     0.486    -0.875   337.500   0.922E-01   0.599E-01  312.0  278.0   0.135E+01
     1.540     0.400     0.486    -0.625    22.500  -0.477E-01   0.472E-01  456.0  487.0   0.138E+01
     1.540     0.400     0.486    -0.625    67.500  -0.786E-01   0.348E-01  822.0  919.0   0.208E+01
     1.540     0.400     0.486    -0.625   112.500  -0.697E-01   0.320E-01  979.0 1068.0   0.242E+01
     1.540     0.400     0.486    -0.625   157.500   0.146E-01   0.401E-01  658.0  642.0   0.218E+01
     1.540     0.400     0.486    -0.625   202.500  -0.167E-01   0.400E-01  648.0  666.0   0.218E+01
     1.540     0.400     0.486    -0.625   247.500   0.114E+00   0.322E-01 1098.0  947.0   0.242E+01
     1.540     0.400     0.486    -0.625   292.500   0.124E+00   0.364E-01  872.0  732.0   0.208E+01
     1.540     0.400     0.486    -0.625   337.500   0.355E-01   0.462E-01  503.0  479.0   0.138E+01
     1.540     0.400     0.486    -0.375    22.500  -0.290E-01   0.435E-01  545.0  569.0   0.121E+01
     1.540     0.400     0.486    -0.375    67.500  -0.720E-02   0.312E-01 1076.0 1095.0   0.212E+01
     1.540     0.400     0.486    -0.375   112.500  -0.817E-01   0.291E-01 1171.0 1305.0   0.242E+01
     1.540     0.400     0.486    -0.375   157.500  -0.118E-01   0.384E-01  706.0  717.0   0.194E+01
     1.540     0.400     0.486    -0.375   202.500  -0.265E-01   0.368E-01  758.0  787.0   0.194E+01
     1.540     0.400     0.486    -0.375   247.500   0.319E-01   0.293E-01 1244.0 1196.0   0.242E+01
     1.540     0.400     0.486    -0.375   292.500   0.300E-01   0.306E-01 1150.0 1095.0   0.212E+01
     1.540     0.400     0.486    -0.375   337.500  -0.952E-03   0.438E-01  549.0  548.0   0.121E+01
     1.540     0.400     0.486    -0.125    22.500  -0.425E-01   0.467E-01  467.0  499.0   0.120E+01
     1.540     0.400     0.486    -0.125    67.500   0.106E-01   0.313E-01 1078.0 1068.0   0.195E+01
     1.540     0.400     0.486    -0.125   112.500   0.406E-01   0.275E-01 1421.0 1349.0   0.206E+01
     1.540     0.400     0.486    -0.125   157.500  -0.491E-01   0.374E-01  723.0  778.0   0.148E+01
     1.540     0.400     0.486    -0.125   202.500   0.270E-01   0.374E-01  765.0  733.0   0.148E+01
     1.540     0.400     0.486    -0.125   247.500  -0.219E-01   0.277E-01 1354.0 1390.0   0.206E+01
     1.540     0.400     0.486    -0.125   292.500  -0.319E-01   0.307E-01 1087.0 1130.0   0.195E+01
     1.540     0.400     0.486    -0.125   337.500   0.238E-01   0.486E-01  455.0  437.0   0.120E+01
     1.540     0.400     0.486     0.125    22.500   0.112E+00   0.500E-01  453.0  393.0   0.132E+01
     1.540     0.400     0.486     0.125    67.500   0.830E-01   0.316E-01 1107.0  999.0   0.198E+01
     1.540     0.400     0.486     0.125   112.500  -0.329E-02   0.268E-01 1449.0 1472.0   0.194E+01
     1.540     0.400     0.486     0.125   157.500   0.230E-01   0.362E-01  809.0  792.0   0.123E+01
     1.540     0.400     0.486     0.125   202.500   0.336E-01   0.357E-01  848.0  801.0   0.123E+01
     1.540     0.400     0.486     0.125   247.500   0.226E-02   0.268E-01 1476.0 1455.0   0.194E+01
     1.540     0.400     0.486     0.125   292.500  -0.642E-01   0.312E-01 1042.0 1125.0   0.198E+01
     1.540     0.400     0.486     0.125   337.500  -0.199E-01   0.494E-01  428.0  434.0   0.132E+01
     1.540     0.400     0.486     0.375    22.500   0.970E-02   0.429E-01  569.0  569.0   0.167E+01
     1.540     0.400     0.486     0.375    67.500   0.130E-01   0.299E-01 1176.0 1172.0   0.258E+01
     1.540     0.400     0.486     0.375   112.500  -0.365E-02   0.249E-01 1680.0 1712.0   0.249E+01
     1.540     0.400     0.486     0.375   157.500   0.414E-01   0.325E-01 1022.0  978.0   0.145E+01
     1.540     0.400     0.486     0.375   202.500   0.214E-01   0.328E-01 1003.0  961.0   0.145E+01
     1.540     0.400     0.486     0.375   247.500  -0.191E-01   0.252E-01 1649.0 1670.0   0.249E+01
     1.540     0.400     0.486     0.375   292.500  -0.381E-01   0.303E-01 1129.0 1173.0   0.258E+01
     1.540     0.400     0.486     0.375   337.500  -0.765E-01   0.432E-01  538.0  590.0   0.167E+01
     1.540     0.400     0.486     0.625    22.500   0.670E-01   0.506E-01  427.0  398.0   0.288E+01
     1.540     0.400     0.486     0.625    67.500   0.949E-01   0.258E-01 1669.0 1496.0   0.405E+01
     1.540     0.400     0.486     0.625   112.500   0.836E-01   0.236E-01 1986.0 1809.0   0.376E+01
     1.540     0.400     0.486     0.625   157.500   0.688E-01   0.280E-01 1394.0 1296.0   0.219E+01
     1.540     0.400     0.486     0.625   202.500  -0.106E+00   0.284E-01 1222.0 1384.0   0.219E+01
     1.540     0.400     0.486     0.625   247.500  -0.997E-01   0.233E-01 1821.0 2044.0   0.376E+01
     1.540     0.400     0.486     0.625   292.500  -0.891E-01   0.252E-01 1573.0 1741.0   0.405E+01
     1.540     0.400     0.486     0.625   337.500  -0.165E+00   0.517E-01  356.0  438.0   0.288E+01
     1.540     0.400     0.486     0.875    22.500   0.104E+00   0.632E-01  280.0  249.0   0.615E+01
     1.540     0.400     0.486     0.875    67.500   0.123E+00   0.241E-01 1936.0 1718.0   0.654E+01
     1.540     0.400     0.486     0.875   112.500   0.180E+00   0.245E-01 1948.0 1610.0   0.568E+01
     1.540     0.400     0.486     0.875   157.500   0.571E-01   0.216E-01 2302.0 2219.0   0.408E+01
     1.540     0.400     0.486     0.875   202.500  -0.128E+00   0.216E-01 2128.0 2434.0   0.408E+01
     1.540     0.400     0.486     0.875   247.500  -0.171E+00   0.242E-01 1653.0 1974.0   0.568E+01
     1.540     0.400     0.486     0.875   292.500  -0.181E+00   0.248E-01 1563.0 1910.0   0.654E+01
     1.540     0.400     0.486     0.875   337.500  -0.136E+00   0.584E-01  286.0  336.0   0.615E+01
     1.580     0.400     0.422    -0.875    22.500  -0.181E+00   0.555E-01  307.0  386.0   0.128E+01
     1.580     0.400     0.422    -0.875    67.500  -0.261E+00   0.588E-01  269.0  359.0   0.114E+01
     1.580     0.400     0.422    -0.875   112.500  -0.222E+00   0.729E-01  181.0  224.0   0.114E+01
     1.580     0.400     0.422    -0.875   157.500  -0.291E+00   0.104E+00   83.0  120.0   0.129E+01
     1.580     0.400     0.422    -0.875   202.500   0.152E+00   0.101E+00  114.0   96.0   0.129E+01
     1.580     0.400     0.422    -0.875   247.500   0.275E+00   0.680E-01  270.0  202.0   0.114E+01
     1.580     0.400     0.422    -0.875   292.500   0.309E+00   0.578E-01  387.0  271.0   0.114E+01
     1.580     0.400     0.422    -0.875   337.500   0.105E+00   0.570E-01  345.0  305.0   0.128E+01
     1.580     0.400     0.422    -0.625    22.500  -0.131E+00   0.517E-01  362.0  429.0   0.116E+01
     1.580     0.400     0.422    -0.625    67.500  -0.115E+00   0.433E-01  524.0  600.0   0.130E+01
     1.580     0.400     0.422    -0.625   112.500  -0.999E-01   0.414E-01  580.0  646.0   0.142E+01
     1.580     0.400     0.422    -0.625   157.500   0.181E-01   0.496E-01  437.0  418.0   0.146E+01
     1.580     0.400     0.422    -0.625   202.500   0.105E-01   0.513E-01  399.0  401.0   0.146E+01
     1.580     0.400     0.422    -0.625   247.500   0.600E-01   0.416E-01  624.0  592.0   0.142E+01
     1.580     0.400     0.422    -0.625   292.500   0.588E-01   0.423E-01  604.0  570.0   0.130E+01
     1.580     0.400     0.422    -0.625   337.500   0.110E+00   0.491E-01  467.0  406.0   0.116E+01
     1.580     0.400     0.422    -0.375    22.500   0.990E-02   0.517E-01  396.0  388.0   0.833E+00
     1.580     0.400     0.422    -0.375    67.500  -0.491E-01   0.394E-01  657.0  693.0   0.115E+01
     1.580     0.400     0.422    -0.375   112.500  -0.781E-01   0.400E-01  630.0  689.0   0.132E+01
     1.580     0.400     0.422    -0.375   157.500  -0.184E-01   0.512E-01  400.0  404.0   0.124E+01
     1.580     0.400     0.422    -0.375   202.500  -0.483E-01   0.512E-01  386.0  419.0   0.124E+01
     1.580     0.400     0.422    -0.375   247.500   0.996E-01   0.401E-01  693.0  615.0   0.132E+01
     1.580     0.400     0.422    -0.375   292.500   0.174E-01   0.409E-01  631.0  625.0   0.115E+01
     1.580     0.400     0.422    -0.375   337.500  -0.140E-01   0.552E-01  340.0  349.0   0.833E+00
     1.580     0.400     0.422    -0.125    22.500  -0.620E-02   0.672E-01  231.0  234.0   0.767E+00
     1.580     0.400     0.422    -0.125    67.500   0.477E-01   0.435E-01  575.0  540.0   0.981E+00
     1.580     0.400     0.422    -0.125   112.500  -0.541E-01   0.401E-01  630.0  679.0   0.104E+01
     1.580     0.400     0.422    -0.125   157.500   0.604E-01   0.513E-01  416.0  382.0   0.914E+00
     1.580     0.400     0.422    -0.125   202.500   0.945E-01   0.501E-01  447.0  393.0   0.914E+00
     1.580     0.400     0.422    -0.125   247.500  -0.286E-01   0.397E-01  651.0  677.0   0.104E+01
     1.580     0.400     0.422    -0.125   292.500  -0.136E-01   0.429E-01  568.0  577.0   0.981E+00
     1.580     0.400     0.422    -0.125   337.500  -0.428E-01   0.665E-01  231.0  244.0   0.767E+00
     1.580     0.400     0.422     0.125    22.500  -0.201E-01   0.709E-01  205.0  213.0   0.939E+00
     1.580     0.400     0.422     0.125    67.500  -0.306E-01   0.461E-01  481.0  509.0   0.117E+01
     1.580     0.400     0.422     0.125   112.500   0.555E-02   0.400E-01  653.0  656.0   0.116E+01
     1.580     0.400     0.422     0.125   157.500  -0.712E-01   0.499E-01  402.0  446.0   0.927E+00
     1.580     0.400     0.422     0.125   202.500  -0.400E-02   0.500E-01  420.0  420.0   0.927E+00
     1.580     0.400     0.422     0.125   247.500   0.118E+00   0.403E-01  706.0  592.0   0.116E+01
     1.580     0.400     0.422     0.125   292.500  -0.239E-01   0.465E-01  480.0  489.0   0.117E+01
     1.580     0.400     0.422     0.125   337.500   0.600E-02   0.700E-01  216.0  212.0   0.939E+00
     1.580     0.400     0.422     0.375    22.500  -0.813E-01   0.533E-01  350.0  392.0   0.120E+01
     1.580     0.400     0.422     0.375    67.500  -0.203E-01   0.393E-01  669.0  688.0   0.185E+01
     1.580     0.400     0.422     0.375   112.500   0.210E-01   0.322E-01 1027.0  994.0   0.195E+01
     1.580     0.400     0.422     0.375   157.500   0.616E-02   0.396E-01  675.0  667.0   0.142E+01
     1.580     0.400     0.422     0.375   202.500   0.355E-02   0.394E-01  677.0  676.0   0.142E+01
     1.580     0.400     0.422     0.375   247.500   0.293E-01   0.323E-01 1027.0  990.0   0.195E+01
     1.580     0.400     0.422     0.375   292.500  -0.988E-02   0.399E-01  655.0  664.0   0.185E+01
     1.580     0.400     0.422     0.375   337.500  -0.241E-01   0.530E-01  368.0  380.0   0.120E+01
     1.580     0.400     0.422     0.625    22.500   0.399E-01   0.532E-01  380.0  362.0   0.191E+01
     1.580     0.400     0.422     0.625    67.500  -0.130E-02   0.300E-01 1166.0 1168.0   0.305E+01
     1.580     0.400     0.422     0.625   112.500   0.136E-01   0.261E-01 1560.0 1529.0   0.312E+01
     1.580     0.400     0.422     0.625   157.500   0.317E-01   0.312E-01 1107.0 1060.0   0.209E+01
     1.580     0.400     0.422     0.625   202.500   0.196E-01   0.310E-01 1106.0 1076.0   0.209E+01
     1.580     0.400     0.422     0.625   247.500  -0.280E-01   0.262E-01 1499.0 1560.0   0.312E+01
     1.580     0.400     0.422     0.625   292.500   0.577E-02   0.303E-01 1145.0 1136.0   0.305E+01
     1.580     0.400     0.422     0.625   337.500  -0.538E-01   0.533E-01  357.0  382.0   0.191E+01
     1.580     0.400     0.422     0.875    22.500  -0.103E+00   0.917E-01  116.0  135.0   0.428E+01
     1.580     0.400     0.422     0.875    67.500   0.129E+00   0.267E-01 1611.0 1372.0   0.479E+01
     1.580     0.400     0.422     0.875   112.500   0.777E-01   0.259E-01 1637.0 1494.0   0.429E+01
     1.580     0.400     0.422     0.875   157.500   0.599E-01   0.236E-01 1958.0 1829.0   0.308E+01
     1.580     0.400     0.422     0.875   202.500  -0.733E-01   0.233E-01 1855.0 2023.0   0.308E+01
     1.580     0.400     0.422     0.875   247.500  -0.190E-01   0.261E-01 1532.0 1548.0   0.429E+01
     1.580     0.400     0.422     0.875   292.500  -0.891E-01   0.271E-01 1361.0 1512.0   0.479E+01
     1.580     0.400     0.422     0.875   337.500  -0.951E-03   0.938E-01  120.0  119.0   0.428E+01
     1.620     0.400     0.353    -0.875    22.500  -0.106E+00   0.584E-01  292.0  328.0   0.125E+01
     1.620     0.400     0.353    -0.875    67.500  -0.372E+00   0.642E-01  214.0  331.0   0.994E+00
     1.620     0.400     0.353    -0.875   112.500  -0.401E+00   0.793E-01  140.0  221.0   0.879E+00
     1.620     0.400     0.353    -0.875   157.500  -0.287E+00   0.110E+00   74.0  106.0   0.976E+00
     1.620     0.400     0.353    -0.875   202.500   0.141E+00   0.104E+00  106.0   91.0   0.976E+00
     1.620     0.400     0.353    -0.875   247.500   0.474E+00   0.800E-01  233.0  132.0   0.879E+00
     1.620     0.400     0.353    -0.875   292.500   0.317E+00   0.646E-01  310.0  217.0   0.994E+00
     1.620     0.400     0.353    -0.875   337.500   0.158E+00   0.574E-01  354.0  293.0   0.125E+01
     1.620     0.400     0.353    -0.625    22.500  -0.894E-01   0.523E-01  363.0  407.0   0.126E+01
     1.620     0.400     0.353    -0.625    67.500  -0.181E+00   0.507E-01  368.0  460.0   0.120E+01
     1.620     0.400     0.353    -0.625   112.500  -0.232E+00   0.541E-01  316.0  420.0   0.119E+01
     1.620     0.400     0.353    -0.625   157.500  -0.683E-01   0.651E-01  241.0  257.0   0.125E+01
     1.620     0.400     0.353    -0.625   202.500   0.603E-01   0.612E-01  289.0  274.0   0.125E+01
     1.620     0.400     0.353    -0.625   247.500   0.212E+00   0.512E-01  463.0  358.0   0.119E+01
     1.620     0.400     0.353    -0.625   292.500   0.232E+00   0.500E-01  493.0  367.0   0.120E+01
     1.620     0.400     0.353    -0.625   337.500  -0.336E-01   0.541E-01  350.0  370.0   0.126E+01
     1.620     0.400     0.353    -0.375    22.500   0.127E+00   0.636E-01  286.0  237.0   0.881E+00
     1.620     0.400     0.353    -0.375    67.500  -0.625E-02   0.507E-01  411.0  404.0   0.101E+01
     1.620     0.400     0.353    -0.375   112.500  -0.201E+00   0.512E-01  359.0  459.0   0.110E+01
     1.620     0.400     0.353    -0.375   157.500  -0.106E+00   0.617E-01  260.0  293.0   0.110E+01
     1.620     0.400     0.353    -0.375   202.500   0.523E-01   0.609E-01  291.0  278.0   0.110E+01
     1.620     0.400     0.353    -0.375   247.500   0.170E+00   0.523E-01  429.0  351.0   0.110E+01
     1.620     0.400     0.353    -0.375   292.500   0.167E+00   0.496E-01  476.0  388.0   0.101E+01
     1.620     0.400     0.353    -0.375   337.500   0.228E-01   0.626E-01  270.0  265.0   0.881E+00
     1.620     0.400     0.353    -0.125    22.500   0.159E-01   0.817E-01  159.0  155.0   0.802E+00
     1.620     0.400     0.353    -0.125    67.500  -0.158E+00   0.572E-01  290.0  358.0   0.888E+00
     1.620     0.400     0.353    -0.125   112.500  -0.118E+00   0.546E-01  328.0  381.0   0.898E+00
     1.620     0.400     0.353    -0.125   157.500  -0.104E+00   0.606E-01  269.0  307.0   0.828E+00
     1.620     0.400     0.353    -0.125   202.500   0.371E-01   0.639E-01  262.0  252.0   0.828E+00
     1.620     0.400     0.353    -0.125   247.500   0.138E+00   0.533E-01  405.0  339.0   0.898E+00
     1.620     0.400     0.353    -0.125   292.500   0.696E-01   0.586E-01  320.0  293.0   0.888E+00
     1.620     0.400     0.353    -0.125   337.500   0.280E+00   0.846E-01  181.0  123.0   0.802E+00
     1.620     0.400     0.353     0.125    22.500  -0.181E+00   0.833E-01  134.0  173.0   0.110E+01
     1.620     0.400     0.353     0.125    67.500  -0.154E+00   0.533E-01  333.0  414.0   0.125E+01
     1.620     0.400     0.353     0.125   112.500  -0.146E+00   0.481E-01  413.0  506.0   0.121E+01
     1.620     0.400     0.353     0.125   157.500  -0.152E+00   0.570E-01  293.0  361.0   0.102E+01
     1.620     0.400     0.353     0.125   202.500   0.886E-01   0.548E-01  372.0  330.0   0.102E+01
     1.620     0.400     0.353     0.125   247.500   0.916E-01   0.462E-01  525.0  462.0   0.121E+01
     1.620     0.400     0.353     0.125   292.500   0.513E-01   0.541E-01  374.0  347.0   0.125E+01
     1.620     0.400     0.353     0.125   337.500   0.126E-01   0.874E-01  139.0  136.0   0.110E+01
     1.620     0.400     0.353     0.375    22.500  -0.659E-01   0.520E-01  373.0  406.0   0.141E+01
     1.620     0.400     0.353     0.375    67.500  -0.303E-01   0.404E-01  633.0  648.0   0.199E+01
     1.620     0.400     0.353     0.375   112.500  -0.116E+00   0.349E-01  803.0  930.0   0.213E+01
     1.620     0.400     0.353     0.375   157.500   0.222E-01   0.403E-01  660.0  632.0   0.174E+01
     1.620     0.400     0.353     0.375   202.500   0.108E+00   0.401E-01  699.0  610.0   0.174E+01
     1.620     0.400     0.353     0.375   247.500   0.394E-01   0.352E-01  867.0  832.0   0.213E+01
     1.620     0.400     0.353     0.375   292.500   0.761E-01   0.419E-01  626.0  574.0   0.199E+01
     1.620     0.400     0.353     0.375   337.500   0.390E-01   0.542E-01  366.0  349.0   0.141E+01
     1.620     0.400     0.353     0.625    22.500   0.165E-01   0.499E-01  427.0  417.0   0.164E+01
     1.620     0.400     0.353     0.625    67.500   0.333E-01   0.319E-01 1065.0 1011.0   0.272E+01
     1.620     0.400     0.353     0.625   112.500  -0.110E-01   0.268E-01 1457.0 1467.0   0.299E+01
     1.620     0.400     0.353     0.625   157.500  -0.128E-01   0.325E-01  989.0 1000.0   0.231E+01
     1.620     0.400     0.353     0.625   202.500   0.383E-01   0.322E-01 1039.0  992.0   0.231E+01
     1.620     0.400     0.353     0.625   247.500  -0.170E-01   0.275E-01 1363.0 1407.0   0.299E+01
     1.620     0.400     0.353     0.625   292.500  -0.104E-01   0.320E-01 1016.0 1037.0   0.272E+01
     1.620     0.400     0.353     0.625   337.500   0.128E-01   0.500E-01  423.0  416.0   0.164E+01
     1.620     0.400     0.353     0.875    22.500   0.151E-01   0.132E+00   61.0   60.0   0.267E+01
     1.620     0.400     0.353     0.875    67.500   0.325E-01   0.314E-01 1088.0 1042.0   0.323E+01
     1.620     0.400     0.353     0.875   112.500   0.277E-01   0.291E-01 1259.0 1211.0   0.305E+01
     1.620     0.400     0.353     0.875   157.500   0.570E-01   0.274E-01 1457.0 1351.0   0.224E+01
     1.620     0.400     0.353     0.875   202.500  -0.299E-01   0.270E-01 1415.0 1470.0   0.224E+01
     1.620     0.400     0.353     0.875   247.500  -0.661E-01   0.296E-01 1154.0 1265.0   0.305E+01
     1.620     0.400     0.353     0.875   292.500  -0.900E-01   0.319E-01  973.0 1100.0   0.323E+01
     1.620     0.400     0.353     0.875   337.500   0.214E-01   0.133E+00   60.0   58.0   0.267E+01
     1.660     0.400     0.277    -0.875    22.500  -0.212E+00   0.655E-01  217.0  284.0   0.114E+01
     1.660     0.400     0.277    -0.875    67.500  -0.257E+00   0.743E-01  168.0  224.0   0.897E+00
     1.660     0.400     0.277    -0.875   112.500  -0.449E+00   0.100E+00   83.0  146.0   0.794E+00
     1.660     0.400     0.277    -0.875   157.500  -0.826E-01   0.132E+00   58.0   63.0   0.887E+00
     1.660     0.400     0.277    -0.875   202.500   0.857E-01   0.135E+00   60.0   55.0   0.887E+00
     1.660     0.400     0.277    -0.875   247.500   0.320E+00   0.984E-01  135.0   93.0   0.794E+00
     1.660     0.400     0.277    -0.875   292.500   0.304E+00   0.754E-01  227.0  159.0   0.897E+00
     1.660     0.400     0.277    -0.875   337.500   0.616E-01   0.645E-01  260.0  245.0   0.114E+01
     1.660     0.400     0.277    -0.625    22.500  -0.144E+00   0.607E-01  260.0  316.0   0.130E+01
     1.660     0.400     0.277    -0.625    67.500  -0.975E-01   0.620E-01  258.0  290.0   0.115E+01
     1.660     0.400     0.277    -0.625   112.500  -0.154E+00   0.655E-01  224.0  270.0   0.115E+01
     1.660     0.400     0.277    -0.625   157.500  -0.401E-01   0.755E-01  180.0  188.0   0.129E+01
     1.660     0.400     0.277    -0.625   202.500   0.912E-01   0.757E-01  195.0  174.0   0.129E+01
     1.660     0.400     0.277    -0.625   247.500   0.242E+00   0.652E-01  293.0  215.0   0.115E+01
     1.660     0.400     0.277    -0.625   292.500   0.155E+00   0.635E-01  290.0  238.0   0.115E+01
     1.660     0.400     0.277    -0.625   337.500   0.441E-01   0.610E-01  290.0  274.0   0.130E+01
     1.660     0.400     0.277    -0.375    22.500   0.210E-01   0.728E-01  203.0  194.0   0.978E+00
     1.660     0.400     0.277    -0.375    67.500  -0.968E-01   0.652E-01  236.0  261.0   0.979E+00
     1.660     0.400     0.277    -0.375   112.500  -0.188E+00   0.690E-01  200.0  249.0   0.104E+01
     1.660     0.400     0.277    -0.375   157.500  -0.675E-01   0.732E-01  189.0  204.0   0.112E+01
     1.660     0.400     0.277    -0.375   202.500   0.732E-01   0.701E-01  223.0  205.0   0.112E+01
     1.660     0.400     0.277    -0.375   247.500   0.172E+00   0.674E-01  258.0  212.0   0.104E+01
     1.660     0.400     0.277    -0.375   292.500   0.441E-01   0.604E-01  292.0  284.0   0.979E+00
     1.660     0.400     0.277    -0.375   337.500  -0.832E-01   0.791E-01  157.0  179.0   0.978E+00
     1.660     0.400     0.277    -0.125    22.500  -0.108E+00   0.106E+00   88.0  102.0   0.901E+00
     1.660     0.400     0.277    -0.125    67.500  -0.186E+00   0.720E-01  180.0  231.0   0.929E+00
     1.660     0.400     0.277    -0.125   112.500  -0.103E+00   0.659E-01  227.0  259.0   0.917E+00
     1.660     0.400     0.277    -0.125   157.500  -0.557E-01   0.713E-01  200.0  214.0   0.872E+00
     1.660     0.400     0.277    -0.125   202.500  -0.172E-03   0.706E-01  210.0  212.0   0.872E+00
     1.660     0.400     0.277    -0.125   247.500   0.130E+00   0.678E-01  250.0  211.0   0.917E+00
     1.660     0.400     0.277    -0.125   292.500   0.148E+00   0.714E-01  228.0  187.0   0.929E+00
     1.660     0.400     0.277    -0.125   337.500   0.255E+00   0.112E+00  101.0   71.0   0.901E+00
     1.660     0.400     0.277     0.125    22.500  -0.111E+00   0.843E-01  137.0  160.0   0.123E+01
     1.660     0.400     0.277     0.125    67.500  -0.248E+00   0.619E-01  234.0  330.0   0.133E+01
     1.660     0.400     0.277     0.125   112.500  -0.101E+00   0.538E-01  341.0  391.0   0.127E+01
     1.660     0.400     0.277     0.125   157.500   0.857E-02   0.594E-01  300.0  296.0   0.108E+01
     1.660     0.400     0.277     0.125   202.500   0.503E-01   0.597E-01  