 1 cM1           1.0302    0.0000         0    0.0000    0.0000
 2 cE1           0.6440    0.0000         0    0.0000    0.0000
 3 cS1           0.7281    0.0237         0    0.0000    0.0000
 4 cMP1          2.0443    0.1433         0    0.0000    0.0000
 5 cSP1          0.8713    0.0142         0    0.0000    0.0000
 6 cEP2          0.9065    0.0059         0    0.0000    0.0000
 7 cSP2          1.1757    0.0604         0    0.0000    0.0000
 8 cMP3          0.9692    0.0102         0    0.0000    0.0000
 9 cEP3          0.9256    0.0034         0    0.0000    0.0000
10 cSP3          1.1879    0.0215         0    0.0000    0.0000
11 cEP4          2.3376    0.0001         2    0.0000    0.0000
12 cSP4         -2.7433    0.0003         2    0.0000    0.0000
13 cEP5         -0.4565    1.4142         2    0.0000    0.0000
14 cSP5          0.6500    0.0000         2    0.0000    0.0000
15 cMP6         -0.2451    0.0000         2    0.0000    0.0000
16 cEP6          0.7250    0.0001         2    0.0000    0.0000
17 cSP6          2.1045    1.4142         2    0.0000    0.0000
18 cMP7          0.7828    0.0000         2    0.0000    0.0000
19 cEP7          0.5623    0.0000         2    0.0000    0.0000
20 cSP7         -2.1017    0.0002         2    0.0000    0.0000
21 cMP8          1.0014    0.0001         2    0.0000    0.0000
22 cEP8         -1.7410    0.0001         2    0.0000    0.0000
23 cSP8         -7.1156    1.4142         2    0.0000    0.0000
24 cMP9          0.0       1.0            2    0.8000    1.2000
25 cEP9          0.0       1.0            2    0.8000    1.2000
26 cMP10         0.0       1.0            2    0.0000    0.0000
27 cEP10         0.0       1.0            2    0.0000    0.0000
28 cMP11         0.0       1.0            2    0.0000    0.0000
29 cEP11         0.0       1.0            2    0.0000    0.0000
30 cM2           0.3456    0.0548         2 -100.0000  100.0000
31 cE2          13.3431    2.4581         2 -100.0000  100.0000
32 cS2          -2.2935    0.9042         2 -100.0000  100.0000
33 cM3          -0.9650    0.0370         2 -100.0000  100.0000
34 cE3          -1.2254    0.2438         2 -100.0000  100.0000
35 cS3          -1.2061    0.2752         2 -100.0000  100.0000
36 cSPA         -0.0469    0.0052         2    0.0000    0.0000
