W= 1.08 Q2= 0.200
 SL+
   -0.65718E+01    0.16299E-01   -0.21853E+00   -0.15761E-03   -0.59334E-02    0.17963E-08
   -0.21765E-03   -0.34409E-19   -0.91635E-05    0.30883E-21   -0.39477E-06   -0.20273E-19
 SL-
    0.00000E+00    0.00000E+00   -0.29694E+01    0.17929E-02   -0.82152E-02   -0.82287E-09
    0.36045E-03   -0.45093E-19   -0.47756E-05    0.29530E-21    0.33989E-06   -0.20396E-19
 EL+
   -0.16824E+02   -0.33286E+00   -0.44055E+00   -0.26654E-03   -0.10994E-01   -0.60226E-09
   -0.44590E-03    0.40185E-18   -0.17012E-04    0.11975E-20   -0.78483E-06    0.18314E-18
 EL-
    0.00000E+00    0.00000E+00    0.00000E+00    0.00000E+00   -0.40942E-01   -0.24233E-08
    0.12576E-03    0.55379E-18   -0.22289E-04    0.42821E-21    0.13643E-06    0.32625E-18
 ML+
    0.00000E+00    0.00000E+00    0.22594E+01    0.37245E-02   -0.12709E-01    0.20040E-07
    0.59750E-03    0.42110E-18   -0.91568E-05    0.73695E-20    0.58853E-06    0.33179E-18
 ML-
    0.00000E+00    0.00000E+00    0.95315E+00   -0.79244E-03   -0.43487E-02   -0.35605E-09
   -0.26605E-03   -0.52957E-18   -0.44597E-05   -0.31837E-20   -0.20965E-06   -0.18556E-18
W= 1.09 Q2= 0.200
 SL+
   -0.67064E+01    0.15379E-01   -0.47143E+00   -0.34503E-02   -0.26201E-01    0.24467E-06
   -0.20293E-02   -0.72533E-18   -0.17881E-03   -0.61046E-21   -0.16256E-04   -0.43384E-18
 SL-
    0.00000E+00    0.00000E+00   -0.56622E+01    0.27708E-01   -0.31818E-01   -0.33910E-06
    0.30353E-02   -0.95466E-18   -0.66480E-04   -0.24568E-20    0.11895E-04   -0.42829E-18
 EL+
   -0.16205E+02   -0.65785E+00   -0.90252E+00   -0.53475E-02   -0.47367E-01   -0.71956E-07
   -0.39631E-02    0.81815E-17   -0.32309E-03    0.44060E-19   -0.30850E-04    0.38087E-17
 EL-
    0.00000E+00    0.00000E+00    0.00000E+00    0.00000E+00   -0.16753E+00   -0.15153E-06
    0.47519E-03    0.11818E-16   -0.37557E-03   -0.74762E-19    0.14007E-05    0.69466E-17
 ML+
    0.00000E+00    0.00000E+00    0.47742E+01    0.73897E-01   -0.47576E-01    0.27419E-05
    0.48429E-02    0.91763E-17   -0.12764E-03   -0.11568E-19    0.19675E-04    0.69387E-17
 ML-
    0.00000E+00    0.00000E+00    0.17151E+01   -0.11377E-01   -0.20238E-01   -0.12240E-06
   -0.23602E-02   -0.11095E-16   -0.87719E-04    0.18350E-19   -0.82623E-05   -0.38887E-17
W= 1.10 Q2= 0.200
 SL+
   -0.68066E+01    0.10906E-02   -0.64840E+00   -0.12390E-01   -0.47059E-01    0.14818E-05
   -0.49079E-02   -0.25732E-17   -0.57842E-03   -0.24472E-20   -0.70764E-04   -0.15551E-17
 SL-
    0.00000E+00    0.00000E+00   -0.69367E+01    0.71647E-01   -0.50363E-01   -0.35199E-05
    0.67231E-02   -0.34578E-17   -0.14841E-03   -0.16035E-19    0.45279E-04   -0.15363E-17
 EL+
   -0.15573E+02   -0.82578E+00   -0.11814E+01   -0.17867E-01   -0.82878E-01   -0.38394E-06
   -0.91736E-02    0.29662E-16   -0.10152E-02   -0.37556E-18   -0.12871E-03    0.13831E-16
 EL-
    0.00000E+00    0.00000E+00    0.00000E+00    0.00000E+00   -0.28096E+00    0.25422E-06
   -0.13620E-03    0.40770E-16   -0.10710E-02   -0.52086E-18   -0.64831E-05    0.24024E-16
 ML+
    0.00000E+00    0.00000E+00    0.64697E+01    0.24619E+00   -0.72942E-01    0.16455E-04
    0.10336E-01    0.32299E-16   -0.29132E-03   -0.25596E-18    0.71555E-04    0.24655E-16
 ML-
    0.00000E+00    0.00000E+00    0.19820E+01   -0.27081E-01   -0.37884E-01   -0.13241E-05
   -0.54600E-02   -0.39751E-16   -0.28484E-03    0.23329E-18   -0.34572E-04   -0.13969E-16
W= 1.11 Q2= 0.200
 SL+
   -0.68759E+01   -0.16388E-01   -0.80109E+00   -0.28961E-01   -0.68293E-01    0.43858E-05
   -0.86229E-02   -0.61547E-17   -0.12240E-02    0.13167E-19   -0.18117E-03   -0.36385E-17
 SL-
    0.00000E+00    0.00000E+00   -0.76882E+01    0.12200E+00   -0.64678E-01   -0.14906E-04
    0.10952E-01   -0.80034E-17   -0.20328E-03    0.40363E-19    0.10390E-03   -0.36093E-17
 EL+
   -0.14938E+02   -0.92858E+00   -0.13920E+01   -0.39239E-01   -0.11708E+00   -0.10246E-05
   -0.15474E-01    0.66483E-16   -0.20844E-02    0.27580E-18   -0.31674E-03    0.31556E-16
 EL-
    0.00000E+00    0.00000E+00    0.00000E+00    0.00000E+00   -0.38335E+00    0.43234E-05
   -0.19845E-02    0.96924E-16   -0.20340E-02   -0.21022E-17   -0.39084E-04    0.55666E-16
 ML+
    0.00000E+00    0.00000E+00    0.79201E+01    0.54341E+00   -0.90946E-01    0.47780E-04
    0.16242E-01    0.77296E-16   -0.42413E-03   -0.20846E-18    0.15696E-03    0.57619E-16
 ML-
    0.00000E+00    0.00000E+00    0.20704E+01   -0.41934E-01   -0.56828E-01   -0.60803E-05
   -0.92201E-02   -0.88765E-16   -0.60303E-03   -0.15394E-18   -0.85433E-04   -0.31729E-16
W= 1.12 Q2= 0.200
 SL+
   -0.69178E+01   -0.33543E-01   -0.94044E+00   -0.55464E-01   -0.89693E-01    0.93881E-05
   -0.13048E-01   -0.12206E-16   -0.21253E-02    0.16697E-20   -0.36221E-03   -0.71443E-17
 SL-
    0.00000E+00    0.00000E+00   -0.81530E+01    0.17116E+00   -0.75437E-01   -0.41661E-04
    0.15534E-01   -0.15963E-16   -0.19929E-03    0.15408E-19    0.19017E-03   -0.72360E-17
 EL+
   -0.14307E+02   -0.99063E+00   -0.15611E+01   -0.71050E-01   -0.14962E+00   -0.20667E-05
   -0.22538E-01    0.13438E-15   -0.35106E-02   -0.64539E-18   -0.61004E-03    0.62478E-16
 EL-
    0.00000E+00    0.00000E+00    0.00000E+00    0.00000E+00   -0.47624E+00    0.16833E-04
   -0.50701E-02    0.18513E-15   -0.32191E-02   -0.85776E-18   -0.11004E-03    0.10925E-15
 ML+
    0.00000E+00    0.00000E+00    0.92616E+01    0.99677E+00   -0.10325E+00    0.99644E-04
    0.22244E-01    0.15025E-15   -0.48334E-03   -0.13078E-17    0.27483E-03    0.11229E-15
 ML-
    0.00000E+00    0.00000E+00    0.20664E+01   -0.52568E-01   -0.76672E-01   -0.18673E-04
   -0.13468E-01   -0.18252E-15   -0.10450E-02    0.58111E-18   -0.16550E-03   -0.60781E-16
W= 1.13 Q2= 0.200
 SL+
   -0.69355E+01   -0.48707E-01   -0.10699E+01   -0.94629E-01   -0.11106E+00    0.16695E-04
   -0.18082E-01   -0.21647E-16   -0.32859E-02    0.14194E-19   -0.62641E-03   -0.13009E-16
 SL-
    0.00000E+00    0.00000E+00   -0.84379E+01    0.21403E+00   -0.83196E-01   -0.91576E-04
    0.20371E-01   -0.28089E-16   -0.11507E-03   -0.29269E-19    0.30650E-03   -0.13040E-16
 EL+
   -0.13685E+02   -0.10240E+01   -0.16994E+01   -0.11508E+00   -0.18027E+00   -0.36831E-05
   -0.30123E-01    0.23173E-15   -0.52645E-02   -0.94764E-19   -0.10181E-02    0.11183E-15
 EL-
    0.00000E+00    0.00000E+00    0.00000E+00    0.00000E+00   -0.56085E+00    0.42936E-04
   -0.92956E-02    0.34015E-15   -0.45967E-02   -0.11070E-17   -0.23003E-03    0.19451E-15
 ML+
    0.00000E+00    0.00000E+00    0.10546E+02    0.16484E+01   -0.11114E+00    0.17195E-03
    0.28193E-01    0.26955E-15   -0.44693E-03    0.49639E-17    0.42416E-03    0.19528E-15
 ML-
    0.00000E+00    0.00000E+00    0.20088E+01   -0.57228E-01   -0.97073E-01   -0.45340E-04
   -0.18087E-01   -0.32254E-15   -0.16096E-02   -0.16259E-19   -0.27824E-03   -0.11127E-15
W= 1.14 Q2= 0.200
 SL+
   -0.69318E+01   -0.61101E-01   -0.11896E+01   -0.14970E+00   -0.13220E+00    0.26300E-04
   -0.23631E-01   -0.35965E-16   -0.47030E-02   -0.11827E-19   -0.98388E-03   -0.21203E-16
 SL-
    0.00000E+00    0.00000E+00   -0.86019E+01    0.24719E+00   -0.88418E-01   -0.17213E-03
    0.25407E-01   -0.47091E-16    0.63363E-04    0.67684E-19    0.45542E-03   -0.21233E-16
 EL+
   -0.13076E+02   -0.10363E+01   -0.18110E+01   -0.17324E+00   -0.20884E+00   -0.62236E-05
   -0.38035E-01    0.38496E-15   -0.73104E-02    0.52536E-18   -0.15454E-02    0.18026E-15
 EL-
    0.00000E+00    0.00000E+00    0.00000E+00    0.00000E+00   -0.63806E+00    0.87024E-04
   -0.14526E-01    0.54808E-15   -0.61452E-02    0.11058E-17   -0.40682E-03    0.31748E-15
 ML+
    0.00000E+00    0.00000E+00    0.11785E+02    0.25540E+01   -0.11564E+00    0.26250E-03
    0.34017E-01    0.42882E-15   -0.30595E-03    0.28198E-17    0.60423E-03    0.32607E-15
 ML-
    0.00000E+00    0.00000E+00    0.19180E+01   -0.55168E-01   -0.11775E+00   -0.94353E-04
   -0.22988E-01   -0.51216E-15   -0.22925E-02    0.60093E-17   -0.42612E-03   -0.18615E-15
W= 1.15 Q2= 0.200
 SL+
   -0.69095E+01   -0.70458E-01   -0.12973E+01   -0.22439E+00   -0.15293E+00    0.37994E-04
   -0.29607E-01   -0.58212E-16   -0.63685E-02   -0.13948E-18   -0.14422E-02   -0.34376E-16
 SL-
    0.00000E+00    0.00000E+00   -0.86807E+01    0.26836E+00   -0.91494E-01   -0.28984E-03
    0.30603E-01   -0.75436E-16    0.34465E-03   -0.34249E-18    0.63945E-03   -0.34695E-16
 EL+
   -0.12483E+02   -0.10330E+01   -0.18962E+01   -0.24741E+00   -0.23521E+00   -0.10249E-04
   -0.46109E-01    0.62017E-15   -0.96077E-02    0.22442E-17   -0.21919E-02    0.28227E-15
 EL-
    0.00000E+00    0.00000E+00    0.00000E+00    0.00000E+00   -0.70860E+00    0.15187E-03
   -0.20614E-01    0.91830E-15   -0.78469E-02    0.10994E-16   -0.64556E-03    0.49917E-15
 ML+
    0.00000E+00    0.00000E+00    0.12956E+02    0.37851E+01   -0.11756E+00    0.36780E-03
    0.39675E-01    0.71212E-15   -0.59769E-04   -0.48478E-17    0.81437E-03    0.50208E-15
 ML-
    0.00000E+00    0.00000E+00    0.18063E+01   -0.46297E-01   -0.13846E+00   -0.17603E-03
   -0.28097E-01   -0.80584E-15   -0.30867E-02   -0.12807E-17   -0.61059E-03   -0.29430E-15
W= 1.16 Q2= 0.200
 SL+
   -0.68709E+01   -0.76823E-01   -0.13874E+01   -0.32248E+00   -0.17311E+00    0.51362E-04
   -0.35921E-01   -0.89711E-16   -0.82686E-02    0.21283E-18   -0.20064E-02   -0.53062E-16
 SL-
    0.00000E+00    0.00000E+00   -0.86977E+01    0.27602E+00   -0.92759E-01   -0.44979E-03
    0.35931E-01   -0.11559E-15    0.73333E-03    0.32434E-18    0.86093E-03   -0.53158E-16
 EL+
   -0.11909E+02   -0.10182E+01   -0.19519E+01   -0.33882E+00   -0.25932E+00   -0.16529E-04
   -0.54200E-01    0.91882E-15   -0.12113E-01   -0.12738E-17   -0.29536E-02    0.43343E-15
 EL-
    0.00000E+00    0.00000E+00    0.00000E+00    0.00000E+00   -0.77302E+00    0.23805E-03
   -0.27412E-01    0.13095E-14   -0.96856E-02   -0.89288E-17   -0.94915E-03    0.76617E-15
 ML+
    0.00000E+00    0.00000E+00    0.13986E+02    0.54261E+01   -0.11755E+00    0.48361E-03
    0.45145E-01    0.10310E-14    0.28692E-03   -0.11049E-16    0.10538E-02    0.77845E-15
 ML-
    0.00000E+00    0.00000E+00    0.16808E+01   -0.30966E-01   -0.15900E+00   -0.30271E-03
   -0.33352E-01   -0.12723E-14   -0.39833E-02    0.30876E-17   -0.83223E-03   -0.43302E-15
W= 1.17 Q2= 0.200
 SL+
   -0.68183E+01   -0.80434E-01   -0.14504E+01   -0.44655E+00   -0.19258E+00    0.65800E-04
   -0.42489E-01   -0.13358E-15   -0.10385E-01    0.10120E-18   -0.26785E-02   -0.79604E-16
 SL-
    0.00000E+00    0.00000E+00   -0.86684E+01    0.26922E+00   -0.92498E-01   -0.65540E-03
    0.41366E-01   -0.17499E-15    0.12308E-02    0.10747E-18    0.11219E-02   -0.78461E-16
 EL+
   -0.11355E+02   -0.99523E+00   -0.19713E+01   -0.44671E+00   -0.28113E+00   -0.26020E-04
   -0.62188E-01    0.13850E-14   -0.14781E-01    0.53269E-17   -0.38231E-02    0.65185E-15
 EL-
    0.00000E+00    0.00000E+00    0.00000E+00    0.00000E+00   -0.83178E+00    0.34362E-03
   -0.34780E-01    0.20086E-14   -0.11645E-01    0.12938E-16   -0.13185E-02    0.11177E-14
 ML+
    0.00000E+00    0.00000E+00    0.14732E+02    0.75596E+01   -0.11611E+00    0.60541E-03
    0.50411E-01    0.15222E-14    0.72608E-03   -0.65475E-17    0.13215E-02    0.11436E-14
 ML-
    0.00000E+00    0.00000E+00    0.15460E+01   -0.98293E-02   -0.17923E+00   -0.48867E-03
   -0.38697E-01   -0.18798E-14   -0.49720E-02   -0.62684E-17   -0.10907E-02   -0.66335E-15
W= 1.18 Q2= 0.200
 SL+
   -0.67537E+01   -0.81642E-01   -0.14718E+01   -0.59504E+00   -0.21123E+00    0.80530E-04
   -0.49228E-01   -0.19667E-15   -0.12697E-01   -0.52530E-18   -0.34582E-02   -0.11662E-15
 SL-
    0.00000E+00    0.00000E+00   -0.86036E+01    0.24745E+00   -0.90957E-01   -0.90830E-03
    0.46884E-01   -0.25915E-15    0.18357E-02   -0.13427E-17    0.14238E-02   -0.11608E-15
 EL+
   -0.10822E+02   -0.96666E+00   -0.19446E+01   -0.56570E+00   -0.30066E+00   -0.39817E-04
   -0.69966E-01    0.20438E-14   -0.17568E-01   -0.25043E-16   -0.47902E-02    0.91658E-15
 EL-
    0.00000E+00    0.00000E+00    0.00000E+00    0.00000E+00   -0.88527E+00    0.46399E-03
   -0.42586E-01    0.27018E-14   -0.13709E-01   -0.44130E-16   -0.17529E-02    0.17222E-14
 ML+
    0.00000E+00    0.00000E+00    0.14949E+02    0.10222E+02   -0.11366E+00    0.72863E-03
    0.55464E-01    0.20750E-14    0.12476E-02   -0.20667E-16    0.16161E-02    0.16857E-14
 ML-
    0.00000E+00    0.00000E+00    0.14047E+01    0.16231E-01   -0.19903E+00   -0.74998E-03
   -0.44083E-01   -0.27403E-14   -0.60412E-02    0.22253E-16   -0.13850E-02   -0.96396E-15
W= 1.19 Q2= 0.200
 SL+
   -0.66786E+01   -0.80856E-01   -0.14330E+01   -0.75688E+00   -0.22896E+00    0.94630E-04
   -0.56061E-01   -0.28001E-15   -0.15178E-01   -0.68913E-18   -0.43426E-02   -0.16281E-15
 SL-
    0.00000E+00    0.00000E+00   -0.85109E+01    0.21055E+00   -0.88353E-01   -0.12083E-02
    0.52465E-01   -0.36144E-15    0.25450E-02    0.13010E-17    0.17677E-02   -0.16309E-15
 EL+
   -0.10309E+02   -0.93458E+00   -0.18608E+01   -0.68177E+00   -0.31795E+00   -0.59104E-04
   -0.77449E-01    0.26795E-14   -0.20429E-01   -0.16537E-16   -0.58425E-02    0.12662E-14
 EL-
    0.00000E+00    0.00000E+00    0.00000E+00    0.00000E+00   -0.93382E+00    0.59198E-03
   -0.50710E-01    0.39748E-14   -0.15860E-01    0.33664E-16   -0.22500E-02    0.22631E-14
 ML+
    0.00000E+00    0.00000E+00    0.14289E+02    0.13309E+02   -0.11052E+00    0.84882E-03
    0.60296E-01    0.30162E-14    0.18403E-02   -0.19116E-17    0.19358E-02    0.23055E-14
 ML-
    0.00000E+00    0.00000E+00    0.12587E+01    0.46157E-01   -0.21828E+00   -0.11044E-02
   -0.49466E-01   -0.37332E-14   -0.71790E-02    0.80775E-17   -0.17134E-02   -0.13010E-14
W= 1.20 Q2= 0.200
 SL+
   -0.65948E+01   -0.78507E-01   -0.13190E+01   -0.90533E+00   -0.24567E+00    0.10707E-03
   -0.62914E-01   -0.37548E-15   -0.17804E-01    0.16904E-17   -0.53266E-02   -0.21971E-15
 SL-
    0.00000E+00    0.00000E+00   -0.83954E+01    0.15868E+00   -0.84871E-01   -0.15537E-02
    0.58086E-01   -0.48136E-15    0.33536E-02    0.93836E-18    0.21541E-02   -0.21813E-15
 EL+
   -0.98179E+01   -0.90064E+00   -0.17158E+01   -0.76918E+00   -0.33304E+00   -0.85096E-04
   -0.84563E-01    0.35272E-14   -0.23323E-01   -0.46467E-17   -0.69658E-02    0.17228E-14
 EL-
    0.00000E+00    0.00000E+00    0.00000E+00    0.00000E+00   -0.97771E+00    0.71805E-03
   -0.59042E-01    0.53609E-14   -0.18082E-01    0.13843E-16   -0.28065E-02    0.29868E-14
 ML+
    0.00000E+00    0.00000E+00    0.12388E+02    0.16447E+02   -0.10695E+00    0.96178E-03
    0.64900E-01    0.39006E-14    0.24924E-02   -0.24907E-16    0.22786E-02    0.30075E-14
 ML-
    0.00000E+00    0.00000E+00    0.11089E+01    0.78741E-01   -0.23693E+00   -0.15711E-02
   -0.54810E-01   -0.50633E-14   -0.83732E-02   -0.43718E-16   -0.20734E-02   -0.17117E-14
W= 1.21 Q2= 0.200
 SL+
   -0.65036E+01   -0.75021E-01   -0.11332E+01   -0.99901E+00   -0.26130E+00    0.11674E-03
   -0.69720E-01   -0.46424E-15   -0.20544E-01    0.30482E-18   -0.64030E-02   -0.27409E-15
 SL-
    0.00000E+00    0.00000E+00   -0.82609E+01    0.92311E-01   -0.80677E-01   -0.19408E-02
    0.63726E-01   -0.60099E-15    0.42552E-02   -0.86836E-18    0.25828E-02   -0.27219E-15
 EL+
   -0.93474E+01   -0.86614E+00   -0.15240E+01   -0.79532E+00   -0.34603E+00   -0.11898E-03
   -0.91253E-01    0.45219E-14   -0.26212E-01    0.18017E-16   -0.81454E-02    0.20549E-14
 EL-
    0.00000E+00    0.00000E+00    0.00000E+00    0.00000E+00   -0.10172E+01    0.83058E-03
   -0.67484E-01    0.63786E-14   -0.20356E-01   -0.41885E-16   -0.34179E-02    0.36855E-14
 ML+
    0.00000E+00    0.00000E+00    0.91289E+01    0.18939E+02   -0.10316E+00    0.10636E-02
    0.69272E-01    0.48191E-14    0.31921E-02   -0.10259E-17    0.26420E-02    0.36375E-14
 ML-
    0.00000E+00    0.00000E+00    0.95591E+00    0.11265E+00   -0.25493E+00   -0.21707E-02
   -0.60079E-01   -0.58954E-14   -0.96114E-02   -0.21618E-16   -0.24623E-02   -0.21422E-14
W= 1.22 Q2= 0.200
 SL+
   -0.64061E+01   -0.70803E-01   -0.91132E+00   -0.10009E+01   -0.27581E+00    0.12253E-03
   -0.76415E-01   -0.53132E-15   -0.23371E-01    0.20550E-17   -0.75631E-02   -0.31419E-15
 SL-
    0.00000E+00    0.00000E+00   -0.81096E+01    0.12213E-01   -0.75912E-01   -0.23649E-02
    0.69362E-01   -0.69615E-15    0.52425E-02    0.44322E-17    0.30531E-02   -0.31330E-15
 EL+
   -0.88974E+01   -0.83211E+00   -0.13245E+01   -0.73955E+00   -0.35701E+00   -0.16188E-03
   -0.97474E-01    0.49335E-14   -0.29059E-01   -0.61468E-16   -0.93657E-02    0.23095E-14
 EL-
    0.00000E+00    0.00000E+00    0.00000E+00    0.00000E+00   -0.10525E+01    0.91622E-03
   -0.75951E-01    0.72296E-14   -0.22665E-01   -0.15005E-15   -0.40790E-02    0.41842E-14
 ML+
    0.00000E+00    0.00000E+00    0.49404E+01    0.20021E+02   -0.99321E-01    0.11505E-02
    0.73408E-01    0.57795E-14    0.39277E-02   -0.95165E-16    0.30233E-02    0.41926E-14
 ML-
    0.00000E+00    0.00000E+00    0.80016E+00    0.14645E+00   -0.27224E+00   -0.29247E-02
   -0.65247E-01   -0.66179E-14   -0.10882E-01    0.75321E-16   -0.28768E-02   -0.23622E-14
W= 1.23 Q2= 0.200
 SL+
   -0.63036E+01   -0.66223E-01   -0.70971E+00   -0.90676E+00   -0.28915E+00    0.12332E-03
   -0.82945E-01   -0.55742E-15   -0.26256E-01    0.63751E-18   -0.87967E-02   -0.32716E-15
 SL-
    0.00000E+00    0.00000E+00   -0.79431E+01   -0.80530E-01   -0.70704E-01   -0.28199E-02
    0.74974E-01   -0.72569E-15    0.63072E-02    0.23921E-17    0.35636E-02   -0.33075E-15
 EL+
   -0.84675E+01   -0.79931E+00   -0.11643E+01   -0.61313E+00   -0.36609E+00   -0.21478E-03
   -0.10320E+00    0.52151E-14   -0.31835E-01   -0.44724E-16   -0.10611E-01    0.24033E-14
 EL-
    0.00000E+00    0.00000E+00    0.00000E+00    0.00000E+00   -0.10840E+01    0.96041E-03
   -0.84364E-01    0.73285E-14   -0.24992E-01   -0.50390E-16   -0.47840E-02    0.43177E-14
 ML+
    0.00000E+00    0.00000E+00    0.73608E+00    0.19385E+02   -0.95549E-01    0.12193E-02
    0.77303E-01    0.60432E-14    0.46884E-02    0.58996E-16    0.34197E-02    0.43104E-14
 ML-
    0.00000E+00    0.00000E+00    0.64191E+00    0.17861E+00   -0.28884E+00   -0.38554E-02
   -0.70287E-01   -0.70060E-14   -0.12173E-01    0.48987E-16   -0.33135E-02   -0.24789E-14
W= 1.24 Q2= 0.200
 SL+
   -0.61970E+01   -0.61615E-01   -0.57108E+00   -0.75057E+00   -0.30131E+00    0.11807E-03
   -0.89260E-01   -0.55118E-15   -0.29171E-01    0.20291E-17   -0.10093E-01   -0.32356E-15
 SL-
    0.00000E+00    0.00000E+00   -0.77623E+01   -0.18451E+00   -0.65162E-01   -0.32989E-02
    0.80541E-01   -0.72179E-15    0.74404E-02   -0.14047E-17    0.41124E-02   -0.32889E-15
 EL+
   -0.80569E+01   -0.76833E+00   -0.10694E+01   -0.45433E+00   -0.37337E+00   -0.27853E-03
   -0.10840E+00    0.49530E-14   -0.34511E-01   -0.40088E-16   -0.11867E-01    0.23041E-14
 EL-
    0.00000E+00    0.00000E+00    0.00000E+00    0.00000E+00   -0.11116E+01    0.94772E-03
   -0.92658E-01    0.70826E-14   -0.27320E-01    0.40377E-16   -0.55266E-02    0.40476E-14
 ML+
    0.00000E+00    0.00000E+00   -0.26329E+01    0.17409E+02   -0.91948E-01    0.12669E-02
    0.80957E-01    0.54492E-14    0.54636E-02    0.73064E-18    0.38281E-02    0.40960E-14
 ML-
    0.00000E+00    0.00000E+00    0.48150E+00    0.20756E+00   -0.30473E+00   -0.49859E-02
   -0.75180E-01   -0.67821E-14   -0.13474E-01    0.27088E-16   -0.37687E-02   -0.24247E-14
W= 1.25 Q2= 0.200
 SL+
   -0.60871E+01   -0.57270E-01   -0.50404E+00   -0.57776E+00   -0.31228E+00    0.10585E-03
   -0.95318E-01   -0.49507E-15   -0.32090E-01    0.72950E-18   -0.11439E-01   -0.29848E-15
 SL-
    0.00000E+00    0.00000E+00   -0.75678E+01   -0.29799E+00   -0.59382E-01   -0.37940E-02
    0.86043E-01   -0.64937E-15    0.86331E-02    0.19476E-18    0.46973E-02   -0.30129E-15
 EL+
   -0.76651E+01   -0.73956E+00   -0.10354E+01   -0.30181E+00   -0.37897E+00   -0.35379E-03
   -0.11307E+00    0.44633E-14   -0.37064E-01   -0.21155E-16   -0.13119E-01    0.20272E-14
 EL-
    0.00000E+00    0.00000E+00    0.00000E+00    0.00000E+00   -0.11358E+01    0.86242E-03
   -0.10078E+00    0.63005E-14   -0.29634E-01    0.10456E-16   -0.63005E-02    0.37033E-14
 ML+
    0.00000E+00    0.00000E+00   -0.48284E+01    0.14809E+02   -0.88590E-01    0.12903E-02
    0.84368E-01    0.48969E-14    0.62438E-02   -0.63713E-16    0.42454E-02    0.37350E-14
 ML-
    0.00000E+00    0.00000E+00    0.31936E+00    0.23171E+00   -0.31992E+00   -0.63395E-02
   -0.79910E-01   -0.58115E-14   -0.14775E-01    0.98054E-16   -0.42389E-02   -0.20963E-14
W= 1.26 Q2= 0.200
 SL+
   -0.59746E+01   -0.53436E-01   -0.49284E+00   -0.42011E+00   -0.32207E+00    0.85825E-04
   -0.10108E+00   -0.45171E-15   -0.34987E-01    0.87492E-18   -0.12824E-01   -0.26849E-15
 SL-
    0.00000E+00    0.00000E+00   -0.73598E+01   -0.41891E+00   -0.53450E-01   -0.42969E-02
    0.91462E-01   -0.59099E-15    0.98756E-02    0.14614E-17    0.53155E-02   -0.26766E-15
 EL+
   -0.72913E+01   -0.71329E+00   -0.10415E+01   -0.17687E+00   -0.38302E+00   -0.44102E-03
   -0.11721E+00    0.39605E-14   -0.39476E-01    0.44766E-16   -0.14354E-01    0.17711E-14
 EL-
    0.00000E+00    0.00000E+00    0.00000E+00    0.00000E+00   -0.11567E+01    0.68882E-03
   -0.10867E+00    0.55865E-14   -0.31920E-01   -0.65148E-16   -0.70991E-02    0.32889E-14
 ML+
    0.00000E+00    0.00000E+00   -0.59739E+01    0.12181E+02   -0.85530E-01    0.12870E-02
    0.87537E-01    0.42823E-14    0.70201E-02   -0.33472E-16    0.46686E-02    0.32643E-14
 ML-
    0.00000E+00    0.00000E+00    0.15613E+00    0.24951E+00   -0.33441E+00   -0.79397E-02
   -0.84462E-01   -0.51327E-14   -0.16066E-01   -0.15385E-17   -0.47201E-02   -0.18593E-14
W= 1.27 Q2= 0.200
 SL+
   -0.58603E+01   -0.50321E-01   -0.51579E+00   -0.29080E+00   -0.33068E+00    0.57348E-04
   -0.10653E+00   -0.39592E-15   -0.37838E-01   -0.20728E-17   -0.14235E-01   -0.23664E-15
 SL-
    0.00000E+00    0.00000E+00   -0.71388E+01   -0.54495E+00   -0.47439E-01   -0.47991E-02
    0.96779E-01   -0.52937E-15    0.11159E-01   -0.15114E-18    0.59640E-02   -0.23308E-15
 EL+
   -0.69348E+01   -0.68970E+00   -0.10672E+01   -0.84272E-01   -0.38565E+00   -0.54051E-03
   -0.12082E+00    0.34830E-14   -0.41731E-01   -0.11222E-16   -0.15560E-01    0.15327E-14
 EL-
    0.00000E+00    0.00000E+00    0.00000E+00    0.00000E+00   -0.11744E+01    0.41179E-03
   -0.11630E+00    0.48208E-14   -0.34163E-01   -0.54090E-16   -0.79157E-02    0.28496E-14
 ML+
    0.00000E+00    0.00000E+00   -0.63718E+01    0.98403E+01   -0.82808E-01    0.12545E-02
    0.90465E-01    0.36914E-14    0.77847E-02    0.56630E-16    0.50947E-02    0.29040E-14
 ML-
    0.00000E+00    0.00000E+00   -0.73639E-02    0.25952E+00   -0.34822E+00   -0.98100E-02
   -0.88827E-01   -0.46658E-14   -0.17341E-01   -0.83764E-17   -0.52090E-02   -0.16061E-14
W= 1.28 Q2= 0.200
 SL+
   -0.57446E+01   -0.48091E-01   -0.55541E+00   -0.19100E+00   -0.33816E+00    0.19936E-04
   -0.11162E+00   -0.34983E-15   -0.40623E-01   -0.22327E-17   -0.15659E-01   -0.20921E-15
 SL-
    0.00000E+00    0.00000E+00   -0.69052E+01   -0.67353E+00   -0.41414E-01   -0.52919E-02
    0.10198E+00   -0.46162E-15    0.12473E-01   -0.83346E-18    0.66393E-02   -0.20777E-15
 EL+
   -0.65949E+01   -0.66885E+00   -0.10986E+01   -0.20271E-01   -0.38696E+00   -0.65232E-03
   -0.12391E+00    0.28401E-14   -0.43818E-01   -0.16340E-17   -0.16726E-01    0.13855E-14
 EL-
    0.00000E+00    0.00000E+00    0.00000E+00    0.00000E+00   -0.11891E+01    0.17070E-04
   -0.12363E+00    0.43240E-14   -0.36351E-01    0.13023E-16   -0.87442E-02    0.24104E-14
 ML+
    0.00000E+00    0.00000E+00   -0.63078E+01    0.78860E+01   -0.80448E-01    0.11905E-02
    0.93155E-01    0.32866E-14    0.85305E-02   -0.13724E-16    0.55207E-02    0.24241E-14
 ML-
    0.00000E+00    0.00000E+00   -0.17003E+00    0.26047E+00   -0.36137E+00   -0.11973E-01
   -0.92999E-01   -0.39689E-14   -0.18591E-01   -0.37422E-16   -0.57019E-02   -0.14388E-14
W= 1.29 Q2= 0.200
 SL+
   -0.56282E+01   -0.46880E-01   -0.60040E+00   -0.11672E+00   -0.34453E+00   -0.26709E-04
   -0.11636E+00   -0.30581E-15   -0.43323E-01    0.15346E-17   -0.17087E-01   -0.18225E-15
 SL-
    0.00000E+00    0.00000E+00   -0.66596E+01   -0.80194E+00   -0.35429E-01   -0.57667E-02
    0.10704E+00   -0.40592E-15    0.13809E-01    0.29709E-17    0.73380E-02   -0.18186E-15
 EL+
   -0.62708E+01   -0.65077E+00   -0.11277E+01    0.21377E-01   -0.38708E+00   -0.77634E-03
   -0.12651E+00    0.24511E-14   -0.45728E-01    0.35679E-16   -0.17844E-01    0.11614E-14
 EL-
    0.00000E+00    0.00000E+00    0.00000E+00    0.00000E+00   -0.12011E+01   -0.50837E-03
   -0.13064E+00    0.35879E-14   -0.38474E-01   -0.22656E-17   -0.95783E-02    0.20331E-14
 ML+
    0.00000E+00    0.00000E+00   -0.59878E+01    0.63052E+01   -0.78465E-01    0.10928E-02
    0.95611E-01    0.28526E-14    0.92515E-02   -0.11771E-16    0.59440E-02    0.20778E-14
 ML-
    0.00000E+00    0.00000E+00   -0.33058E+00    0.25135E+00   -0.37389E+00   -0.14452E-01
   -0.96972E-01   -0.32864E-14   -0.19810E-01   -0.26530E-16   -0.61956E-02   -0.11791E-14
W= 1.30 Q2= 0.200
 SL+
   -0.55113E+01   -0.46784E-01   -0.64434E+00   -0.62826E-01   -0.34982E+00   -0.82689E-04
   -0.12071E+00   -0.27009E-15   -0.45921E-01   -0.13872E-17   -0.18505E-01   -0.15848E-15
 SL-
    0.00000E+00    0.00000E+00   -0.64030E+01   -0.92744E+00   -0.29534E-01   -0.62153E-02
    0.11196E+00   -0.35093E-15    0.15158E-01   -0.53872E-18    0.80564E-02   -0.15483E-15
 EL+
   -0.59618E+01   -0.63542E+00   -0.11511E+01    0.46574E-01   -0.38612E+00   -0.91225E-03
   -0.12862E+00    0.22032E-14   -0.47456E-01    0.17349E-16   -0.18904E-01    0.98743E-15
 EL-
    0.00000E+00    0.00000E+00    0.00000E+00    0.00000E+00   -0.12105E+01   -0.11760E-02
   -0.13731E+00    0.31268E-14   -0.40521E-01    0.45345E-16   -0.10412E-01    0.17955E-14
 ML+
    0.00000E+00    0.00000E+00   -0.55428E+01    0.50445E+01   -0.76865E-01    0.95950E-03
    0.97837E-01    0.23317E-14    0.99424E-02   -0.12486E-16    0.63618E-02    0.18249E-14
 ML-
    0.00000E+00    0.00000E+00   -0.48751E+00    0.23145E+00   -0.38580E+00   -0.17269E-01
   -0.10075E+00   -0.29283E-14   -0.20993E-01   -0.20868E-16   -0.66871E-02   -0.98363E-15
W= 1.31 Q2= 0.200
 SL+
   -0.53946E+01   -0.47873E-01   -0.68396E+00   -0.24563E-01   -0.35409E+00   -0.14792E-03
   -0.12469E+00   -0.24180E-15   -0.48402E-01    0.25354E-18   -0.19904E-01   -0.14000E-15
 SL-
    0.00000E+00    0.00000E+00   -0.61368E+01   -0.10474E+01   -0.23769E-01   -0.66297E-02
    0.11673E+00   -0.31382E-15    0.16511E-01    0.14526E-17    0.87906E-02   -0.13983E-15
 EL+
   -0.56672E+01   -0.62271E+00   -0.11674E+01    0.60052E-01   -0.38419E+00   -0.10596E-02
   -0.13028E+00    0.18117E-14   -0.49001E-01    0.20191E-16   -0.19902E-01    0.86873E-15
 EL-
    0.00000E+00    0.00000E+00    0.00000E+00    0.00000E+00   -0.12174E+01   -0.19957E-02
   -0.14362E+00    0.28026E-14   -0.42486E-01   -0.46465E-17   -0.11240E-01    0.15080E-14
 ML+
    0.00000E+00    0.00000E+00   -0.50507E+01    0.40436E+01   -0.75647E-01    0.78861E-03
    0.99838E-01    0.20398E-14    0.10599E-01    0.36968E-17    0.67719E-02    0.15687E-14
 ML-
    0.00000E+00    0.00000E+00   -0.63923E+00    0.20044E+00   -0.39713E+00   -0.20444E-01
   -0.10432E+00   -0.25287E-14   -0.22135E-01   -0.85563E-17   -0.71736E-02   -0.86520E-15
W= 1.32 Q2= 0.200
 SL+
   -0.52781E+01   -0.50189E-01   -0.71781E+00    0.19292E-02   -0.35737E+00   -0.22212E-03
   -0.12827E+00   -0.21185E-15   -0.50755E-01    0.47008E-18   -0.21274E-01   -0.12444E-15
 SL-
    0.00000E+00    0.00000E+00   -0.58627E+01   -0.11593E+01   -0.18171E-01   -0.70029E-02
    0.12132E+00   -0.27466E-15    0.17861E-01   -0.22498E-18    0.95369E-02   -0.12377E-15
 EL+
   -0.53864E+01   -0.61254E+00   -0.11768E+01    0.65341E-01   -0.38140E+00   -0.12179E-02
   -0.13151E+00    0.16382E-14   -0.50363E-01    0.81515E-19   -0.20832E-01    0.75505E-15
 EL-
    0.00000E+00    0.00000E+00    0.00000E+00    0.00000E+00   -0.12220E+01   -0.29750E-02
   -0.14956E+00    0.23561E-14   -0.44360E-01   -0.16769E-17   -0.12058E-01    0.13016E-14
 ML+
    0.00000E+00    0.00000E+00   -0.45554E+01    0.32484E+01   -0.74805E-01    0.57831E-03
    0.10162E+00    0.18164E-14    0.11217E-01   -0.15898E-16    0.71722E-02    0.13302E-14
 ML-
    0.00000E+00    0.00000E+00   -0.78408E+00    0.15838E+00   -0.40790E+00   -0.23997E-01
   -0.10769E+00   -0.21347E-14   -0.23234E-01    0.89552E-17   -0.76526E-02   -0.76993E-15
W= 1.33 Q2= 0.200
 SL+
   -0.51623E+01   -0.53750E-01   -0.74546E+00    0.19643E-01   -0.35973E+00   -0.30485E-03
   -0.13147E+00   -0.19083E-15   -0.52969E-01    0.19682E-18   -0.22607E-01   -0.11099E-15
 SL-
    0.00000E+00    0.00000E+00   -0.55828E+01   -0.12610E+01   -0.12768E-01   -0.73281E-02
    0.12574E+00   -0.24775E-15    0.19200E-01    0.12047E-18    0.10292E-01   -0.11195E-15
 EL+
   -0.51185E+01   -0.60476E+00   -0.11797E+01    0.64999E-01   -0.37784E+00   -0.13862E-02
   -0.13233E+00    0.14463E-14   -0.51544E-01   -0.11210E-16   -0.21689E-01    0.64311E-15
 EL-
    0.00000E+00    0.00000E+00    0.00000E+00    0.00000E+00   -0.12245E+01   -0.41200E-02
   -0.15513E+00    0.19604E-14   -0.46139E-01   -0.35922E-16   -0.12861E-01    0.11993E-14
 ML+
    0.00000E+00    0.00000E+00   -0.40804E+01    0.26144E+01   -0.74329E-01    0.32686E-03
    0.10319E+00    0.14998E-14    0.11795E-01    0.14200E-16    0.75606E-02    0.12138E-14
 ML-
    0.00000E+00    0.00000E+00   -0.92049E+00    0.10576E+00   -0.41814E+00   -0.27946E-01
   -0.11087E+00   -0.19104E-14   -0.24286E-01   -0.12190E-16   -0.81219E-02   -0.66617E-15
W= 1.34 Q2= 0.200
 SL+
   -0.50474E+01   -0.58556E-01   -0.76704E+00    0.30848E-01   -0.36121E+00   -0.39550E-03
   -0.13429E+00   -0.16874E-15   -0.55038E-01   -0.72032E-18   -0.23894E-01   -0.10023E-15
 SL-
    0.00000E+00    0.00000E+00   -0.52994E+01   -0.13510E+01   -0.75856E-02   -0.75998E-02
    0.12997E+00   -0.21917E-15    0.20521E-01   -0.15105E-17    0.11051E-01   -0.10002E-15
 EL+
   -0.48631E+01   -0.59924E+00   -0.11769E+01    0.60853E-01   -0.37360E+00   -0.15640E-02
   -0.13278E+00    0.12285E-14   -0.52548E-01   -0.33961E-17   -0.22473E-01    0.57253E-15
 EL-
    0.00000E+00    0.00000E+00    0.00000E+00    0.00000E+00   -0.12250E+01   -0.54340E-02
   -0.16032E+00    0.17417E-14   -0.47817E-01    0.96128E-17   -0.13644E-01    0.10362E-14
 ML+
    0.00000E+00    0.00000E+00   -0.36373E+01    0.21067E+01   -0.74204E-01    0.32600E-04
    0.10456E+00    0.14190E-14    0.12329E-01   -0.28773E-16    0.79355E-02    0.10503E-14
 ML-
    0.00000E+00    0.00000E+00   -0.10470E+01    0.43410E-01   -0.42788E+00   -0.32308E-01
   -0.11386E+00   -0.16420E-14   -0.25289E-01   -0.69991E-17   -0.85794E-02   -0.59162E-15
W= 1.35 Q2= 0.200
 SL+
   -0.49337E+01   -0.64589E-01   -0.78291E+00    0.37253E-01   -0.36186E+00   -0.49333E-03
   -0.13673E+00   -0.15530E-15   -0.56955E-01    0.72578E-19   -0.25130E-01   -0.88854E-16
 SL-
    0.00000E+00    0.00000E+00   -0.50151E+01   -0.14281E+01   -0.26450E-02   -0.78130E-02
    0.13401E+00   -0.20247E-15    0.21819E-01   -0.13473E-18    0.11811E-01   -0.89826E-16
 EL+
   -0.46195E+01   -0.59582E+00   -0.11693E+01    0.54203E-01   -0.36878E+00   -0.17502E-02
   -0.13287E+00    0.10811E-14   -0.53380E-01    0.14678E-17   -0.23181E-01    0.49121E-15
 EL-
    0.00000E+00    0.00000E+00    0.00000E+00    0.00000E+00   -0.12236E+01   -0.69185E-02
   -0.16514E+00    0.14966E-14   -0.49393E-01   -0.17745E-17   -0.14404E-01    0.89306E-15
 ML+
    0.00000E+00    0.00000E+00   -0.32310E+01    0.16979E+01   -0.74415E-01   -0.30603E-03
    0.10573E+00    0.12261E-14    0.12819E-01    0.93248E-17    0.82955E-02    0.92089E-15
 ML-
    0.00000E+00    0.00000E+00   -0.11625E+01   -0.27491E-01   -0.43712E+00   -0.37099E-01
   -0.11666E+00   -0.14674E-14   -0.26242E-01   -0.11746E-16   -0.90237E-02   -0.49360E-15
W= 1.36 Q2= 0.200
 SL+
   -0.48212E+01   -0.71816E-01   -0.79358E+00    0.40141E-01   -0.36174E+00   -0.59747E-03
   -0.13881E+00   -0.13937E-15   -0.58718E-01    0.28442E-18   -0.26308E-01   -0.81025E-16
 SL-
    0.00000E+00    0.00000E+00   -0.47324E+01   -0.14915E+01    0.20371E-02   -0.79638E-02
    0.13785E+00   -0.17880E-15    0.23086E-01    0.75660E-19    0.12569E-01   -0.81530E-16
 EL+
   -0.43871E+01   -0.59432E+00   -0.11576E+01    0.45974E-01   -0.36346E+00   -0.19440E-02
   -0.13265E+00    0.95929E-15   -0.54048E-01    0.55302E-18   -0.23813E-01    0.44375E-15
 EL-
    0.00000E+00    0.00000E+00    0.00000E+00    0.00000E+00   -0.12205E+01   -0.85729E-02
   -0.16959E+00    0.13736E-14   -0.50862E-01    0.50880E-18   -0.15138E-01    0.79882E-15
 ML+
    0.00000E+00    0.00000E+00   -0.28624E+01    0.13671E+01   -0.74943E-01   -0.69053E-03
    0.10672E+00    0.10934E-14    0.13263E-01   -0.12928E-16    0.86393E-02    0.79930E-15
 ML-
    0.00000E+00    0.00000E+00   -0.12660E+01   -0.10554E+00   -0.44589E+00   -0.42331E-01
   -0.11929E+00   -0.12522E-14   -0.27144E-01    0.59727E-17   -0.94533E-02   -0.46228E-15
W= 1.37 Q2= 0.200
 SL+
   -0.47101E+01   -0.80193E-01   -0.79958E+00    0.40479E-01   -0.36091E+00   -0.70694E-03
   -0.14053E+00   -0.12609E-15   -0.60323E-01   -0.91172E-18   -0.27424E-01   -0.74208E-16
 SL-
    0.00000E+00    0.00000E+00   -0.44537E+01   -0.15413E+01    0.64475E-02   -0.80493E-02
    0.14150E+00   -0.16496E-15    0.24318E-01   -0.75455E-18    0.13322E-01   -0.74552E-16
 EL+
   -0.41654E+01   -0.59460E+00   -0.11425E+01    0.36822E-01   -0.35770E+00   -0.21445E-02
   -0.13214E+00    0.84780E-15   -0.54560E-01   -0.12459E-16   -0.24369E-01    0.40426E-15
 EL-
    0.00000E+00    0.00000E+00    0.00000E+00    0.00000E+00   -0.12158E+01   -0.10394E-01
   -0.17368E+00    0.12490E-14   -0.52225E-01   -0.18502E-17   -0.15844E-01    0.68922E-15
 ML+
    0.00000E+00    0.00000E+00   -0.25306E+01    0.10979E+01   -0.75768E-01   -0.11223E-02
    0.10753E+00    0.93925E-15    0.13660E-01   -0.11651E-16    0.89660E-02    0.72631E-15
 ML-
    0.00000E+00    0.00000E+00   -0.13570E+01   -0.18917E+00   -0.45422E+00   -0.48017E-01
   -0.12174E+00   -0.11577E-14   -0.27996E-01    0.10038E-16   -0.98672E-02   -0.40234E-15
W= 1.38 Q2= 0.200
 SL+
   -0.46006E+01   -0.89668E-01   -0.80143E+00    0.38998E-01   -0.35941E+00   -0.82069E-03
   -0.14192E+00   -0.11606E-15   -0.61771E-01   -0.40447E-18   -0.28474E-01   -0.68265E-16
 SL-
    0.00000E+00    0.00000E+00   -0.41813E+01   -0.15777E+01    0.10576E-01   -0.80675E-02
    0.14495E+00   -0.15169E-15    0.25511E-01    0.24465E-18    0.14067E-01   -0.68071E-16
 EL+
   -0.39538E+01   -0.59647E+00   -0.11246E+01    0.27214E-01   -0.35158E+00   -0.23506E-02
   -0.13136E+00    0.77336E-15   -0.54923E-01    0.75837E-17   -0.24851E-01    0.34551E-15
 EL-
    0.00000E+00    0.00000E+00    0.00000E+00    0.00000E+00   -0.12097E+01   -0.12378E-01
   -0.17741E+00    0.10335E-14   -0.53481E-01    0.25228E-17   -0.16518E-01    0.65189E-15
 ML+
    0.00000E+00    0.00000E+00   -0.22332E+01    0.87758E+00   -0.76872E-01   -0.16027E-02
    0.10816E+00    0.84823E-15    0.14012E-01    0.15074E-16    0.92748E-02    0.65551E-15
 ML-
    0.00000E+00    0.00000E+00   -0.14353E+01   -0.27676E+00   -0.46210E+00   -0.54163E-01
   -0.12403E+00   -0.10321E-14   -0.28797E-01    0.27995E-18   -0.10265E-01   -0.35499E-15
