  1101   688.283     2.495    0.29   1
  1102   446.207    53.468    0.09   3
  1103   600.000   600.000    0.30   2
  1104   636.282     5.576    0.76   1
  1105   723.805   600.000    0.34   2
  1106   701.887    21.605    0.25   3
  1107   600.099     3.456    0.89   1
  1108   471.798    64.354    0.73   1
  1109   503.605    13.958    0.54   2
  1110   527.424     9.076    0.52   2
  1111   600.000   867.917    0.58   2
  1112   600.000   600.000    0.40   3
  1113   307.648NaN           1.12   1
  1114   589.358     6.137    0.48   3
  1115   603.634    31.516    1.35   1
  1116   565.192    25.758    0.55   3
  1117   611.166    32.716    0.88   2
  1118   556.599    29.463    1.67   1
  1119   600.000   600.000    1.64   1
  1120   594.014    24.769    0.44   3
  1121   473.277   123.050    1.63   1
  1122   157.460   320.086    1.01   2
  1123   637.256     3.827    0.79   3
  1124   520.729     1.632    0.76   3
  1125   726.954     1.908    2.14   1
  1126   770.596     2.290    0.63   3
  1127   343.609     1.086    1.82   2
  1128   794.888     1.531    0.85   3
  1129   799.267     2.407    0.66   3
  1130   730.030    12.118    1.42   2
  1131   752.496     2.464    0.65   3
  1132   334.729     0.797    3.97   1
  1133   752.832     2.895    0.78   3
  1134   783.034     2.750    0.97   3
  1135   804.921     3.356    0.61   3
  1136   772.585     2.885    0.83   3
  1137   797.335     3.450    0.75   3
  1138   754.765     2.432    1.34   3
  1139   757.922     1.556    2.51   1
  1140   757.482     2.626    0.77   3
  1141   723.378     2.284    2.40   1
  1142   779.751     2.231    0.80   3
  1143   520.273     8.212    1.24   2
  1144   600.000   600.000    5.81   2
  1145   310.966     1.396    0.80   3
  1146   767.266     3.103    1.04   3
  1147   818.439     3.423    0.79   3
  1148   697.272     2.773    1.21   3
  1201   547.325     9.058    0.24   1
  1202   464.323NaN           0.38   1
  1203   636.560     1.414    0.63   1
  1204   555.459     6.079    0.63   1
  1205  1019.015    63.852    0.53   1
  1206   600.000   600.000    0.34   3
  1207   659.182    69.620    0.35   3
  1208   625.208     2.900    0.41   2
  1209   691.617     0.580    1.84   1
  1210   609.659    14.863    0.59   2
  1211   600.000   600.000    1.12   1
  1212   625.365     1.855    0.61   2
  1213   585.238     2.496    0.66   2
  1214   659.210     1.435    0.42   3
  1215   599.420     6.835    0.57   3
  1216   368.556   135.400    0.52   2
  1217   647.627    31.301    1.47   1
  1218   687.320    34.427    0.47   3
  1219   665.374     7.582    0.92   2
  1220   560.640     3.368    0.62   2
  1221   648.442     2.773    2.28   1
  1222   118.107   268.090    1.80   1
  1223   721.012     6.833    1.47   2
  1224   633.511     0.928    2.18   1
  1225   683.826     0.667    0.71   3
  1226   587.530     1.191    1.15   3
  1227   474.665     0.890    0.93   3
  1228   503.463     0.943    0.84   3
  1229   266.936     1.019    1.37   2
  1230   676.219     0.369    2.22   1
  1231   678.757     1.640    0.75   3
  1232   678.763     0.997    0.91   3
  1233   335.608     0.189    5.05   1
  1234   577.247     1.053    1.49   3
  1235   738.285     6.273    1.24   2
  1236   608.678     1.033    0.96   3
  1237   314.384     0.585    2.11   3
  1238   201.316     3.220    0.52   3
  1239   316.120     0.303    1.04   3
  1240   600.000   600.000    6.40   2
  1241   264.431     1.763    0.59   3
  1242   406.018     0.359    1.95   3
  1243   478.365     0.474    6.35   1
  1244   639.653     1.139    1.62   3
  1245   944.355     1.593    0.91   3
  1246   449.148     1.187    1.42   3
  1247   762.432     1.887    1.32   3
  1248   782.730     2.251    3.90   1
  1301   207.771     0.016    0.15   2
  1302   849.817     3.720    0.40   1
  1303   837.254     0.369    0.43   1
  1304   803.867    17.428    0.59   1
  1305   660.380     1.447    0.68   1
  1306   605.524    36.044    0.48   2
  1307   611.223    13.330    0.86   1
  1308   600.000   600.000    0.65   2
  1309   733.728    58.508    1.06   1
  1310   600.000   600.000    1.20   1
  1311   600.000   600.000    5.81   2
  1312   600.000   600.000    0.61   2
  1313   570.674    15.263    1.46   1
  1314   215.363    16.890    0.44   3
  1315   645.578    34.027    0.44   3
  1316   600.000   600.000    0.62   2
  1317   630.949     1.993    0.61   3
  1318   600.000   600.000    0.99   2
  1319   630.728    16.123    0.43   3
  1320   679.970     9.402    0.64   3
  1321   752.178    23.284    1.01   2
  1322   643.291     0.915    2.25   1
  1323   600.000   600.000    1.38   1
  1324   256.922     0.357    2.14   1
  1325   611.304     1.066    1.12   3
  1326   622.915     0.870    1.69   3
  1327   625.177     1.855    4.63   1
  1328   653.750     1.022    1.03   3
  1329   701.715     0.613    4.11   1
  1330   935.784     7.165    2.97   2
  1331   225.382NaN           0.65   2
  1332   711.250     1.748    3.33   1
  1333   687.388     1.026    0.96   3
  1334   551.706     0.415    1.25   3
  1335   652.397     0.821    4.04   1
  1336   723.555     0.893    1.13   3
  1337   694.559     1.293    1.09   3
  1338   733.407     7.253    1.62   2
  1339   712.344     0.514    2.84   1
  1340   361.836     0.692    2.54   3
  1341   640.456     5.998    3.78   2
  1342   650.715     0.613    1.35   3
  1343   200.978     0.622    1.00   2
  1344   312.819     0.349    6.50   1
  1345   693.227     4.223    2.82   1
  1346   723.137     6.538    2.72   2
  1347   752.246     1.672    2.74   2
  1348   600.000   600.000    5.81   2
  1401   600.000   600.000    5.81   2
  1402  1010.339     7.696    0.21   2
  1403   733.763   315.293    0.55   1
  1404   600.000   600.000    0.19   3
  1405   596.968     3.042    0.58   1
  1406   591.774    16.264    0.24   3
  1407   658.300     2.215    0.66   2
  1408   631.361     9.148    0.38   2
  1409   713.289    14.008    0.30   3
  1410   255.672    14.908    0.91   1
  1411   674.126    30.850    0.40   3
  1412   600.000   600.000    1.13   1
  1413   600.477    16.498    0.44   3
  1414   380.115    32.811    1.52   1
  1415   512.614    13.423    0.44   3
  1416   704.457    18.252    1.58   1
  1417   652.302    85.359    0.92   2
  1418   246.723    10.001    1.91   1
  1419   600.000   600.000    1.55   1
  1420   600.000   600.000    1.96   1
  1421   632.285    22.928    1.95   1
  1422   331.567    30.153    0.59   3
  1423   580.681     3.640    1.51   2
  1424   784.859     2.704    0.83   3
  1425   485.849     6.266    1.02   2
  1426   695.368     1.589    0.74   3
  1427   534.157     1.670    1.02   3
  1428   788.764     1.436    0.72   3
  1429   796.582     1.553    0.92   2
  1430   696.220     2.000    0.87   3
  1431   744.761     1.882    2.48   1
  1432   717.307     2.527    0.85   3
  1433   721.320     2.802    0.88   3
  1434   707.797     3.096    0.62   3
  1435   664.057     7.681    1.00   2
  1436   800.877     3.450    0.88   3
  1437   697.872     1.620    1.05   3
  1438   483.695     1.465    0.83   3
  1439   651.820     0.471    0.95   3
  1440   600.000   600.000    5.81   2
  1441   366.248     1.131    0.99   3
  1442   504.994     1.288    0.84   3
  1443   747.221     2.175    0.72   3
  1444   729.553     3.426    0.98   3
  1445   370.752     1.506    1.03   3
  1446   773.915     1.890    3.72   1
  1447   862.056     4.099    2.71   1
  1448   600.000   600.000    5.81   2
  1501   643.874    76.438    0.31   1
  1502   600.000   600.000    5.81   2
  1503   527.055     3.962    0.47   1
  1504   660.804     9.186    0.68   1
  1505   494.280     3.617    0.28   2
  1506   514.770    11.816    0.25   2
  1507   600.000   600.000    0.35   3
  1508   613.797     0.607    0.37   3
  1509   584.539     1.399    0.44   3
  1510   600.000   600.000    1.42   1
  1511   585.767   126.737    1.04   1
  1512   824.895    27.497    0.55   3
  1513   448.046    50.360    0.51   2
  1514   611.518    13.262    0.49   3
  1515   645.158    38.116    0.40   3
  1516   487.188   118.519    1.32   1
  1517   600.000   600.000    0.61   3
  1518   561.785    12.936    0.59   3
  1519   600.000   600.000    1.35   1
  1520   248.480     2.126    0.48   1
  1521   553.013    18.572    2.49   1
  1522   313.255   100.028    1.84   1
  1523   759.060     2.684    1.18   3
  1524   571.039     0.363    1.35   3
  1525   664.768     1.202    4.99   1
  1526   600.337     1.021    6.35   1
  1527   639.462     0.973    6.58   1
  1528   695.405     1.272    4.66   1
  1529   703.237     4.553    2.38   2
  1530   674.570     0.649    4.70   1
  1531   648.460     0.563    2.44   3
  1532   690.811     1.540    1.18   3
  1533   600.000   600.000    5.81   2
  1534   573.267     0.601    2.63   3
  1535   664.445     0.840    2.53   3
  1536   599.194     0.786    2.39   3
  1537   582.593     0.392    3.10   2
  1538   712.536     0.762    5.11   1
  1539   583.554     1.066    2.16   3
  1540   534.487     0.936    4.96   1
  1541   326.505     0.241    1.19   3
  1542   556.682     0.927    2.01   3
  1543   259.930     0.155    1.12   3
  1544   217.041     2.038    0.91   1
  1545   600.000   600.000    5.81   2
  1546   193.006     5.350    0.27   3
  1547   605.941     1.171    1.23   3
  1548   763.621     4.028    1.77   3
  1601   600.000   600.000    5.81   2
  1602   638.696     6.753    0.29   2
  1603   600.000   600.000    0.30   2
  1604   412.509     0.605    0.32   2
  1605   546.105    23.523    0.75   1
  1606   662.391     1.242    0.26   3
  1607   600.000   600.000    1.30   1
  1608   212.750     3.111    0.43   3
  1609   475.003    18.367    0.37   3
  1610   689.266    87.343    0.76   1
  1611   551.226     5.903    1.48   1
  1612   592.802     1.597    0.45   3
  1613   432.292NaN           0.82   2
  1614   664.790    57.312    0.44   3
  1615   547.091     5.612    0.60   3
  1616   585.437    13.773    0.52   3
  1617   567.522     8.677    0.42   3
  1618   557.904    16.417    0.52   3
  1619   631.561    43.220    1.01   2
  1620   311.737   104.203    1.41   1
  1621   443.275    67.129    1.51   1
  1622   600.000   600.000    1.88   1
  1623   600.000   600.000    5.81   2
  1624   190.605     0.768    2.79   1
  1625   625.681     4.533    1.90   2
  1626   692.864     1.496    1.29   3
  1627   646.780     1.269    5.34   1
  1628   643.987     0.685    1.85   3
  1629   693.494     0.851    5.07   1
  1630   260.205     1.973    0.25   3
  1631   513.388     1.050    2.33   3
  1632   670.026     0.658    1.87   3
  1633   545.939     0.537    2.56   3
  1634   351.832     0.323    9.66   1
  1635   730.016     1.502    1.80   3
  1636   745.786     1.278    1.29   3
  1637   716.612     0.906    1.68   3
  1638   688.547     0.783    1.78   3
  1639   720.994     1.068    1.94   3
  1640   468.275    16.841    0.05   3
  1641   744.715     1.017    1.89   3
  1642   667.136     0.662    3.10   3
  1643   697.202     1.349    7.33   1
  1644   310.051     1.567    0.90   3
  1645   600.000   600.000    0.57   1
  1646   729.149     2.446    2.60   3
  1647   529.800     1.986    1.52   3
  1648   586.741     2.222    1.83   3
