1.4125
-0.0687793
17.5618
-12.2862
1.4375
-0.0737668
18.6744
-13.2321
1.4625
-0.0935504
23.0897
-17.4485
1.4875
-0.142828
34.0916
-28.8401
1.5125
-0.160814
38.1037
-32.2093
1.5375
-0.15959
37.8366
-33.3236
1.5625
-0.13043
31.3261
-26.5543
1.5875
-0.115977
28.0958
-22.4165
1.6125
-0.10777
26.261
-19.9871
1.6375
-0.0922392
22.7935
-16.3714
1.6625
-0.0651883
16.7573
-10.8475
1.6875
-0.0705901
17.9686
-13.26
1.7125
-0.0436984
11.9646
-7.02686
1.7375
-0.0507039
13.5304
-9.03722
1.7625
-0.0585983
15.2942
-11.1397
1.7875
-0.0633585
16.3576
-12.3894
1.8125
-0.067861
17.3619
-13.2037
