     1.104     0.000     0.000    39.000     0.000     6.620     0.250    10.000    10.000    10.000     2 1
     1.104     0.000     0.000    49.000     0.000     6.550     0.200    10.000    10.000    10.000     2 1
     1.104     0.000     0.000    59.000     0.000     6.460     0.180    10.000    10.000    10.000     2 1
     1.104     0.000     0.000    69.000     0.000     7.140     0.180    10.000    10.000    10.000     2 1
     1.104     0.000     0.000    79.000     0.000     6.920     0.170    10.000    10.000    10.000     2 1
     1.104     0.000     0.000    89.000     0.000     7.080     0.170    10.000    10.000    10.000     2 1
     1.104     0.000     0.000    99.000     0.000     7.150     0.170    10.000    10.000    10.000     2 1
     1.104     0.000     0.000   100.000     0.000     0.000     0.000    10.000    10.000    10.000     2 1
     1.104     0.000     0.000   101.000     0.000     0.000     0.000    10.000    10.000    10.000     2 1
     1.104     0.000     0.000   102.000     0.000     0.000     0.000    10.000    10.000    10.000     2 1
     1.104     0.000     0.000   103.000     0.000     0.000     0.000    10.000    10.000    10.000     2 1
     1.104     0.000     0.000   104.000     0.000     0.000     0.000    10.000    10.000    10.000     2 1
     1.104     0.000     0.000   105.000     0.000     0.000     0.000    10.000    10.000    10.000     2 1
     1.104     0.000     0.000   106.000     0.000     0.000     0.000    10.000    10.000    10.000     2 1
     1.104     0.000     0.000   107.000     0.000     0.000     0.000    10.000    10.000    10.000     2 1
     1.104     0.000     0.000   108.000     0.000     0.000     0.000    10.000    10.000    10.000     2 1
     1.104     0.000     0.000   109.000     0.000     0.000     0.000    10.000    10.000    10.000     2 1
     1.112     0.000     0.000    37.000     0.000     7.000     0.280    10.000    10.000    10.000     2 1
     1.112     0.000     0.000    47.000     0.000     6.760     0.220    10.000    10.000    10.000     2 1
     1.112     0.000     0.000    57.000     0.000     6.900     0.190    10.000    10.000    10.000     2 1
     1.112     0.000     0.000    67.000     0.000     7.060     0.180    10.000    10.000    10.000     2 1
     1.112     0.000     0.000    77.000     0.000     7.600     0.180    10.000    10.000    10.000     2 1
     1.112     0.000     0.000    87.000     0.000     7.690     0.180    10.000    10.000    10.000     2 1
     1.112     0.000     0.000    97.000     0.000     7.950     0.190    10.000    10.000    10.000     2 1
     1.112     0.000     0.000   107.000     0.000     8.180     0.190    10.000    10.000    10.000     2 1
     1.112     0.000     0.000   117.000     0.000     8.850     0.220    10.000    10.000    10.000     2 1
     1.112     0.000     0.000   127.000     0.000     8.340     0.210    10.000    10.000    10.000     2 1
     1.112     0.000     0.000   137.000     0.000     8.280     0.220    10.000    10.000    10.000     2 1
     1.112     0.000     0.000   138.000     0.000     0.000     0.000    10.000    10.000    10.000     2 1
     1.112     0.000     0.000   139.000     0.000     0.000     0.000    10.000    10.000    10.000     2 1
     1.112     0.000     0.000   140.000     0.000     0.000     0.000    10.000    10.000    10.000     2 1
     1.112     0.000     0.000   141.000     0.000     0.000     0.000    10.000    10.000    10.000     2 1
     1.112     0.000     0.000   142.000     0.000     0.000     0.000    10.000    10.000    10.000     2 1
     1.112     0.000     0.000   143.000     0.000     0.000     0.000    10.000    10.000    10.000     2 1
     1.121     0.000     0.000    32.000     0.000     6.770     0.300    10.000    10.000    10.000     2 1
     1.121     0.000     0.000    42.000     0.000     7.250     0.240    10.000    10.000    10.000     2 1
     1.121     0.000     0.000    52.000     0.000     6.880     0.200    10.000    10.000    10.000     2 1
     1.121     0.000     0.000    62.000     0.000     7.560     0.200    10.000    10.000    10.000     2 1
     1.121     0.000     0.000    72.000     0.000     7.950     0.190    10.000    10.000    10.000     2 1
     1.121     0.000     0.000    82.000     0.000     8.460     0.190    10.000    10.000    10.000     2 1
     1.121     0.000     0.000    92.000     0.000     8.470     0.200    10.000    10.000    10.000     2 1
     1.121     0.000     0.000   102.000     0.000     9.030     0.210    10.000    10.000    10.000     2 1
     1.121     0.000     0.000   112.000     0.000     9.100     0.220    10.000    10.000    10.000     2 1
     1.121     0.000     0.000   122.000     0.000     9.630     0.240    10.000    10.000    10.000     2 1
     1.121     0.000     0.000   132.000     0.000    10.050     0.270    10.000    10.000    10.000     2 1
     1.121     0.000     0.000   142.000     0.000     9.620     0.300    10.000    10.000    10.000     2 1
     1.121     0.000     0.000   143.000     0.000     0.000     0.000    10.000    10.000    10.000     2 1
     1.121     0.000     0.000   144.000     0.000     0.000     0.000    10.000    10.000    10.000     2 1
     1.121     0.000     0.000   145.000     0.000     0.000     0.000    10.000    10.000    10.000     2 1
     1.121     0.000     0.000   146.000     0.000     0.000     0.000    10.000    10.000    10.000     2 1
     1.121     0.000     0.000   147.000     0.000     0.000     0.000    10.000    10.000    10.000     2 1
     1.129     0.000     0.000    39.000     0.000     6.920     0.240    10.000    10.000    10.000     2 1
     1.129     0.000     0.000    49.000     0.000     7.050     0.210    10.000    10.000    10.000     2 1
     1.129     0.000     0.000    59.000     0.000     7.550     0.200    10.000    10.000    10.000     2 1
     1.129     0.000     0.000    69.000     0.000     8.100     0.200    10.000    10.000    10.000     2 1
     1.129     0.000     0.000    79.000     0.000     8.910     0.210    10.000    10.000    10.000     2 1
     1.129     0.000     0.000    89.000     0.000     9.650     0.220    10.000    10.000    10.000     2 1
     1.129     0.000     0.000    99.000     0.000     9.860     0.220    10.000    10.000    10.000     2 1
     1.129     0.000     0.000   109.000     0.000     9.920     0.230    10.000    10.000    10.000     2 1
     1.129     0.000     0.000   119.000     0.000    10.220     0.250    10.000    10.000    10.000     2 1
     1.129     0.000     0.000   129.000     0.000    10.050     0.260    10.000    10.000    10.000     2 1
     1.129     0.000     0.000   139.000     0.000    10.060     0.300    10.000    10.000    10.000     2 1
     1.129     0.000     0.000   140.000     0.000     0.000     0.000    10.000    10.000    10.000     2 1
     1.129     0.000     0.000   141.000     0.000     0.000     0.000    10.000    10.000    10.000     2 1
     1.129     0.000     0.000   142.000     0.000     0.000     0.000    10.000    10.000    10.000     2 1
     1.129     0.000     0.000   143.000     0.000     0.000     0.000    10.000    10.000    10.000     2 1
     1.129     0.000     0.000   144.000     0.000     0.000     0.000    10.000    10.000    10.000     2 1
     1.129     0.000     0.000   145.000     0.000     0.000     0.000    10.000    10.000    10.000     2 1
     1.137     0.000     0.000    39.000     0.000     7.170     0.230    10.000    10.000    10.000     2 1
     1.137     0.000     0.000    49.000     0.000     7.330     0.210    10.000    10.000    10.000     2 1
     1.137     0.000     0.000    59.000     0.000     8.050     0.200    10.000    10.000    10.000     2 1
     1.137     0.000     0.000    69.000     0.000     9.080     0.200    10.000    10.000    10.000     2 1
     1.137     0.000     0.000    79.000     0.000     9.650     0.210    10.000    10.000    10.000     2 1
     1.137     0.000     0.000    89.000     0.000    10.410     0.210    10.000    10.000    10.000     2 1
     1.137     0.000     0.000    99.000     0.000    10.650     0.220    10.000    10.000    10.000     2 1
     1.137     0.000     0.000   109.000     0.000    10.690     0.220    10.000    10.000    10.000     2 1
     1.137     0.000     0.000   119.000     0.000    11.140     0.240    10.000    10.000    10.000     2 1
     1.137     0.000     0.000   129.000     0.000    10.800     0.260    10.000    10.000    10.000     2 1
     1.137     0.000     0.000   139.000     0.000    11.240     0.300    10.000    10.000    10.000     2 1
     1.137     0.000     0.000   140.000     0.000     0.000     0.000    10.000    10.000    10.000     2 1
     1.137     0.000     0.000   141.000     0.000     0.000     0.000    10.000    10.000    10.000     2 1
     1.137     0.000     0.000   142.000     0.000     0.000     0.000    10.000    10.000    10.000     2 1
     1.137     0.000     0.000   143.000     0.000     0.000     0.000    10.000    10.000    10.000     2 1
     1.137     0.000     0.000   144.000     0.000     0.000     0.000    10.000    10.000    10.000     2 1
     1.137     0.000     0.000   145.000     0.000     0.000     0.000    10.000    10.000    10.000     2 1
     1.145     0.000     0.000    32.000     0.000     6.300     0.210    10.000    10.000    10.000     2 1
     1.145     0.000     0.000    42.000     0.000     7.010     0.180    10.000    10.000    10.000     2 1
     1.145     0.000     0.000    52.000     0.000     7.610     0.160    10.000    10.000    10.000     2 1
     1.145     0.000     0.000    62.000     0.000     9.390     0.170    10.000    10.000    10.000     2 1
     1.145     0.000     0.000    72.000     0.000     9.910     0.170    10.000    10.000    10.000     2 1
     1.145     0.000     0.000    82.000     0.000    11.000     0.170    10.000    10.000    10.000     2 1
     1.145     0.000     0.000    92.000     0.000    11.600     0.180    10.000    10.000    10.000     2 1
     1.145     0.000     0.000   102.000     0.000    12.040     0.190    10.000    10.000    10.000     2 1
     1.145     0.000     0.000   112.000     0.000    11.970     0.190    10.000    10.000    10.000     2 1
     1.145     0.000     0.000   122.000     0.000    12.020     0.200    10.000    10.000    10.000     2 1
     1.145     0.000     0.000   132.000     0.000    12.370     0.230    10.000    10.000    10.000     2 1
     1.145     0.000     0.000   142.000     0.000    12.160     0.260    10.000    10.000    10.000     2 1
     1.145     0.000     0.000   143.000     0.000     0.000     0.000    10.000    10.000    10.000     2 1
     1.145     0.000     0.000   144.000     0.000     0.000     0.000    10.000    10.000    10.000     2 1
     1.145     0.000     0.000   145.000     0.000     0.000     0.000    10.000    10.000    10.000     2 1
     1.145     0.000     0.000   146.000     0.000     0.000     0.000    10.000    10.000    10.000     2 1
     1.145     0.000     0.000   147.000     0.000     0.000     0.000    10.000    10.000    10.000     2 1
     1.162     0.000     0.000    32.000     0.000     6.270     0.250    10.000    10.000    10.000     2 1
     1.162     0.000     0.000    42.000     0.000     7.430     0.210    10.000    10.000    10.000     2 1
     1.162     0.000     0.000    52.000     0.000     9.100     0.210    10.000    10.000    10.000     2 1
     1.162     0.000     0.000    62.000     0.000    11.080     0.220    10.000    10.000    10.000     2 1
     1.162     0.000     0.000    72.000     0.000    12.470     0.220    10.000    10.000    10.000     2 1
     1.162     0.000     0.000    82.000     0.000    13.810     0.220    10.000    10.000    10.000     2 1
     1.162     0.000     0.000    92.000     0.000    14.320     0.230    10.000    10.000    10.000     2 1
     1.162     0.000     0.000   102.000     0.000    14.990     0.230    10.000    10.000    10.000     2 1
     1.162     0.000     0.000   112.000     0.000    15.320     0.250    10.000    10.000    10.000     2 1
     1.162     0.000     0.000   122.000     0.000    15.170     0.260    10.000    10.000    10.000     2 1
     1.162     0.000     0.000   132.000     0.000    15.070     0.290    10.000    10.000    10.000     2 1
     1.162     0.000     0.000   142.000     0.000    14.860     0.330    10.000    10.000    10.000     2 1
     1.162     0.000     0.000   143.000     0.000     0.000     0.000    10.000    10.000    10.000     2 1
     1.162     0.000     0.000   144.000     0.000     0.000     0.000    10.000    10.000    10.000     2 1
     1.162     0.000     0.000   145.000     0.000     0.000     0.000    10.000    10.000    10.000     2 1
     1.162     0.000     0.000   146.000     0.000     0.000     0.000    10.000    10.000    10.000     2 1
     1.162     0.000     0.000   147.000     0.000     0.000     0.000    10.000    10.000    10.000     2 1
     1.178     0.000     0.000    31.000     0.000     6.190     0.280    10.000    10.000    10.000     2 1
     1.178     0.000     0.000    41.000     0.000     8.760     0.260    10.000    10.000    10.000     2 1
     1.178     0.000     0.000    51.000     0.000    11.310     0.260    10.000    10.000    10.000     2 1
     1.178     0.000     0.000    61.000     0.000    13.740     0.270    10.000    10.000    10.000     2 1
     1.178     0.000     0.000    71.000     0.000    15.240     0.260    10.000    10.000    10.000     2 1
     1.178     0.000     0.000    81.000     0.000    16.740     0.270    10.000    10.000    10.000     2 1
     1.178     0.000     0.000    91.000     0.000    17.820     0.270    10.000    10.000    10.000     2 1
     1.178     0.000     0.000   101.000     0.000    18.690     0.290    10.000    10.000    10.000     2 1
     1.178     0.000     0.000   111.000     0.000    18.560     0.300    10.000    10.000    10.000     2 1
     1.178     0.000     0.000   121.000     0.000    17.590     0.300    10.000    10.000    10.000     2 1
     1.178     0.000     0.000   131.000     0.000    18.240     0.340    10.000    10.000    10.000     2 1
     1.178     0.000     0.000   141.000     0.000    17.090     0.370    10.000    10.000    10.000     2 1
     1.178     0.000     0.000   142.000     0.000     0.000     0.000    10.000    10.000    10.000     2 1
     1.178     0.000     0.000   143.000     0.000     0.000     0.000    10.000    10.000    10.000     2 1
     1.178     0.000     0.000   144.000     0.000     0.000     0.000    10.000    10.000    10.000     2 1
     1.178     0.000     0.000   145.000     0.000     0.000     0.000    10.000    10.000    10.000     2 1
     1.178     0.000     0.000   146.000     0.000     0.000     0.000    10.000    10.000    10.000     2 1
     1.194     0.000     0.000    31.000     0.000     7.980     0.470    10.000    10.000    10.000     2 1
     1.194     0.000     0.000    41.000     0.000    11.670     0.360    10.000    10.000    10.000     2 1
     1.194     0.000     0.000    51.000     0.000    13.840     0.340    10.000    10.000    10.000     2 1
     1.194     0.000     0.000    61.000     0.000    16.500     0.340    10.000    10.000    10.000     2 1
     1.194     0.000     0.000    71.000     0.000    18.420     0.330    10.000    10.000    10.000     2 1
     1.194     0.000     0.000    81.000     0.000    20.340     0.340    10.000    10.000    10.000     2 1
     1.194     0.000     0.000    91.000     0.000    21.100     0.340    10.000    10.000    10.000     2 1
     1.194     0.000     0.000   101.000     0.000    21.680     0.350    10.000    10.000    10.000     2 1
     1.194     0.000     0.000   111.000     0.000    22.090     0.370    10.000    10.000    10.000     2 1
     1.194     0.000     0.000   121.000     0.000    20.970     0.380    10.000    10.000    10.000     2 1
     1.194     0.000     0.000   131.000     0.000    19.660     0.400    10.000    10.000    10.000     2 1
     1.194     0.000     0.000   141.000     0.000    19.200     0.450    10.000    10.000    10.000     2 1
     1.194     0.000     0.000   151.000     0.000    18.500     0.540    10.000    10.000    10.000     2 1
     1.194     0.000     0.000   152.000     0.000     0.000     0.000    10.000    10.000    10.000     2 1
     1.194     0.000     0.000   153.000     0.000     0.000     0.000    10.000    10.000    10.000     2 1
     1.194     0.000     0.000   154.000     0.000     0.000     0.000    10.000    10.000    10.000     2 1
     1.194     0.000     0.000   155.000     0.000     0.000     0.000    10.000    10.000    10.000     2 1
     1.209     0.000     0.000    36.000     0.000    12.960     0.410    10.000    10.000    10.000     2 1
     1.209     0.000     0.000    46.000     0.000    14.700     0.370    10.000    10.000    10.000     2 1
     1.209     0.000     0.000    56.000     0.000    17.310     0.360    10.000    10.000    10.000     2 1
     1.209     0.000     0.000    66.000     0.000    19.340     0.350    10.000    10.000    10.000     2 1
     1.209     0.000     0.000    76.000     0.000    21.280     0.350    10.000    10.000    10.000     2 1
     1.209     0.000     0.000    86.000     0.000    22.350     0.350    10.000    10.000    10.000     2 1
     1.209     0.000     0.000    96.000     0.000    22.710     0.360    10.000    10.000    10.000     2 1
     1.209     0.000     0.000   106.000     0.000    22.110     0.350    10.000    10.000    10.000     2 1
     1.209     0.000     0.000   116.000     0.000    21.370     0.360    10.000    10.000    10.000     2 1
     1.209     0.000     0.000   126.000     0.000    20.490     0.380    10.000    10.000    10.000     2 1
     1.209     0.000     0.000   136.000     0.000    18.410     0.390    10.000    10.000    10.000     2 1
     1.209     0.000     0.000   146.000     0.000    18.360     0.470    10.000    10.000    10.000     2 1
     1.209     0.000     0.000   156.000     0.000    17.180     0.600    10.000    10.000    10.000     2 1
     1.209     0.000     0.000   157.000     0.000     0.000     0.000    10.000    10.000    10.000     2 1
     1.209     0.000     0.000   158.000     0.000     0.000     0.000    10.000    10.000    10.000     2 1
     1.209     0.000     0.000   159.000     0.000     0.000     0.000    10.000    10.000    10.000     2 1
     1.209     0.000     0.000   160.000     0.000     0.000     0.000    10.000    10.000    10.000     2 1
     1.225     0.000     0.000    35.000     0.000    13.940     0.450    10.000    10.000    10.000     2 1
     1.225     0.000     0.000    45.000     0.000    15.260     0.400    10.000    10.000    10.000     2 1
     1.225     0.000     0.000    55.000     0.000    17.140     0.380    10.000    10.000    10.000     2 1
     1.225     0.000     0.000    65.000     0.000    18.570     0.360    10.000    10.000    10.000     2 1
     1.225     0.000     0.000    75.000     0.000    20.110     0.360    10.000    10.000    10.000     2 1
     1.225     0.000     0.000    85.000     0.000    20.940     0.350    10.000    10.000    10.000     2 1
     1.225     0.000     0.000    95.000     0.000    20.780     0.350    10.000    10.000    10.000     2 1
     1.225     0.000     0.000   105.000     0.000    20.110     0.350    10.000    10.000    10.000     2 1
     1.225     0.000     0.000   115.000     0.000    19.040     0.340    10.000    10.000    10.000     2 1
     1.225     0.000     0.000   125.000     0.000    18.080     0.360    10.000    10.000    10.000     2 1
     1.225     0.000     0.000   135.000     0.000    16.450     0.380    10.000    10.000    10.000     2 1
     1.225     0.000     0.000   145.000     0.000    15.590     0.430    10.000    10.000    10.000     2 1
     1.225     0.000     0.000   155.000     0.000    14.470     0.540    10.000    10.000    10.000     2 1
     1.225     0.000     0.000   156.000     0.000     0.000     0.000    10.000    10.000    10.000     2 1
     1.225     0.000     0.000   157.000     0.000     0.000     0.000    10.000    10.000    10.000     2 1
     1.225     0.000     0.000   158.000     0.000     0.000     0.000    10.000    10.000    10.000     2 1
     1.225     0.000     0.000   159.000     0.000     0.000     0.000    10.000    10.000    10.000     2 1
     1.240     0.000     0.000    33.000     0.000    14.540     0.540    10.000    10.000    10.000     2 1
     1.240     0.000     0.000    43.000     0.000    15.340     0.430    10.000    10.000    10.000     2 1
     1.240     0.000     0.000    53.000     0.000    16.150     0.400    10.000    10.000    10.000     2 1
     1.240     0.000     0.000    63.000     0.000    16.330     0.360    10.000    10.000    10.000     2 1
     1.240     0.000     0.000    73.000     0.000    17.190     0.350    10.000    10.000    10.000     2 1
     1.240     0.000     0.000    83.000     0.000    17.460     0.340    10.000    10.000    10.000     2 1
     1.240     0.000     0.000    93.000     0.000    17.240     0.340    10.000    10.000    10.000     2 1
     1.240     0.000     0.000   103.000     0.000    16.140     0.330    10.000    10.000    10.000     2 1
     1.240     0.000     0.000   113.000     0.000    15.610     0.340    10.000    10.000    10.000     2 1
     1.240     0.000     0.000   123.000     0.000    14.620     0.340    10.000    10.000    10.000     2 1
     1.240     0.000     0.000   133.000     0.000    13.070     0.360    10.000    10.000    10.000     2 1
     1.240     0.000     0.000   143.000     0.000    11.730     0.380    10.000    10.000    10.000     2 1
     1.240     0.000     0.000   153.000     0.000    11.230     0.480    10.000    10.000    10.000     2 1
     1.240     0.000     0.000   154.000     0.000     0.000     0.000    10.000    10.000    10.000     2 1
     1.240     0.000     0.000   155.000     0.000     0.000     0.000    10.000    10.000    10.000     2 1
     1.240     0.000     0.000   156.000     0.000     0.000     0.000    10.000    10.000    10.000     2 1
     1.240     0.000     0.000   157.000     0.000     0.000     0.000    10.000    10.000    10.000     2 1
     1.255     0.000     0.000    33.000     0.000    13.700     0.570    10.000    10.000    10.000     2 1
     1.255     0.000     0.000    43.000     0.000    14.230     0.340    10.000    10.000    10.000     2 1
     1.255     0.000     0.000    53.000     0.000    14.300     0.310    10.000    10.000    10.000     2 1
     1.255     0.000     0.000    63.000     0.000    14.550     0.280    10.000    10.000    10.000     2 1
     1.255     0.000     0.000    73.000     0.000    14.340     0.270    10.000    10.000    10.000     2 1
     1.255     0.000     0.000    83.000     0.000    14.130     0.260    10.000    10.000    10.000     2 1
     1.255     0.000     0.000    93.000     0.000    13.720     0.250    10.000    10.000    10.000     2 1
     1.255     0.000     0.000   103.000     0.000    12.730     0.250    10.000    10.000    10.000     2 1
     1.255     0.000     0.000   113.000     0.000    12.050     0.250    10.000    10.000    10.000     2 1
     1.255     0.000     0.000   123.000     0.000    10.690     0.240    10.000    10.000    10.000     2 1
     1.255     0.000     0.000   133.000     0.000     9.560     0.250    10.000    10.000    10.000     2 1
     1.255     0.000     0.000   143.000     0.000     8.650     0.270    10.000    10.000    10.000     2 1
     1.255     0.000     0.000   153.000     0.000     8.050     0.330    10.000    10.000    10.000     2 1
     1.255     0.000     0.000   154.000     0.000     0.000     0.000    10.000    10.000    10.000     2 1
     1.255     0.000     0.000   155.000     0.000     0.000     0.000    10.000    10.000    10.000     2 1
     1.255     0.000     0.000   156.000     0.000     0.000     0.000    10.000    10.000    10.000     2 1
     1.255     0.000     0.000   157.000     0.000     0.000     0.000    10.000    10.000    10.000     2 1
     1.270     0.000     0.000    37.000     0.000    13.670     0.360    10.000    10.000    10.000     2 1
     1.270     0.000     0.000    47.000     0.000    13.750     0.320    10.000    10.000    10.000     2 1
     1.270     0.000     0.000    57.000     0.000    12.530     0.270    10.000    10.000    10.000     2 1
     1.270     0.000     0.000    67.000     0.000    12.910     0.260    10.000    10.000    10.000     2 1
     1.270     0.000     0.000    77.000     0.000    12.190     0.240    10.000    10.000    10.000     2 1
     1.270     0.000     0.000    87.000     0.000    11.860     0.230    10.000    10.000    10.000     2 1
     1.270     0.000     0.000    97.000     0.000    10.860     0.220    10.000    10.000    10.000     2 1
     1.270     0.000     0.000   107.000     0.000     9.850     0.220    10.000    10.000    10.000     2 1
     1.270     0.000     0.000   117.000     0.000     8.650     0.210    10.000    10.000    10.000     2 1
     1.270     0.000     0.000   127.000     0.000     8.080     0.220    10.000    10.000    10.000     2 1
     1.270     0.000     0.000   137.000     0.000     6.570     0.220    10.000    10.000    10.000     2 1
     1.270     0.000     0.000   147.000     0.000     6.120     0.250    10.000    10.000    10.000     2 1
     1.270     0.000     0.000   157.000     0.000     5.800     0.330    10.000    10.000    10.000     2 1
     1.270     0.000     0.000   158.000     0.000     0.000     0.000    10.000    10.000    10.000     2 1
     1.270     0.000     0.000   159.000     0.000     0.000     0.000    10.000    10.000    10.000     2 1
     1.270     0.000     0.000   160.000     0.000     0.000     0.000    10.000    10.000    10.000     2 1
     1.270     0.000     0.000   161.000     0.000     0.000     0.000    10.000    10.000    10.000     2 1
     1.284     0.000     0.000    37.000     0.000    12.300     0.340    10.000    10.000    10.000     2 1
     1.284     0.000     0.000    47.000     0.000    11.580     0.280    10.000    10.000    10.000     2 1
     1.284     0.000     0.000    57.000     0.000    11.110     0.260    10.000    10.000    10.000     2 1
     1.284     0.000     0.000    67.000     0.000    10.910     0.240    10.000    10.000    10.000     2 1
     1.284     0.000     0.000    77.000     0.000    10.170     0.220    10.000    10.000    10.000     2 1
     1.284     0.000     0.000    87.000     0.000     9.440     0.210    10.000    10.000    10.000     2 1
     1.284     0.000     0.000    97.000     0.000     8.560     0.200    10.000    10.000    10.000     2 1
     1.284     0.000     0.000   107.000     0.000     7.730     0.200    10.000    10.000    10.000     2 1
     1.284     0.000     0.000   117.000     0.000     7.000     0.200    10.000    10.000    10.000     2 1
     1.284     0.000     0.000   127.000     0.000     6.070     0.200    10.000    10.000    10.000     2 1
     1.284     0.000     0.000   137.000     0.000     5.340     0.210    10.000    10.000    10.000     2 1
     1.284     0.000     0.000   147.000     0.000     4.610     0.240    10.000    10.000    10.000     2 1
     1.284     0.000     0.000   157.000     0.000     3.870     0.330    10.000    10.000    10.000     2 1
     1.284     0.000     0.000   158.000     0.000     0.000     0.000    10.000    10.000    10.000     2 1
     1.284     0.000     0.000   159.000     0.000     0.000     0.000    10.000    10.000    10.000     2 1
     1.284     0.000     0.000   160.000     0.000     0.000     0.000    10.000    10.000    10.000     2 1
     1.284     0.000     0.000   161.000     0.000     0.000     0.000    10.000    10.000    10.000     2 1
     1.299     0.000     0.000    37.000     0.000    11.620     0.330    10.000    10.000    10.000     2 1
     1.299     0.000     0.000    47.000     0.000    10.870     0.270    10.000    10.000    10.000     2 1
     1.299     0.000     0.000    57.000     0.000    10.450     0.240    10.000    10.000    10.000     2 1
     1.299     0.000     0.000    67.000     0.000    10.050     0.220    10.000    10.000    10.000     2 1
     1.299     0.000     0.000    77.000     0.000     9.200     0.210    10.000    10.000    10.000     2 1
     1.299     0.000     0.000    87.000     0.000     8.390     0.200    10.000    10.000    10.000     2 1
     1.299     0.000     0.000    97.000     0.000     7.430     0.190    10.000    10.000    10.000     2 1
     1.299     0.000     0.000   107.000     0.000     6.500     0.180    10.000    10.000    10.000     2 1
     1.299     0.000     0.000   117.000     0.000     5.900     0.180    10.000    10.000    10.000     2 1
     1.299     0.000     0.000   127.000     0.000     5.050     0.180    10.000    10.000    10.000     2 1
     1.299     0.000     0.000   137.000     0.000     4.680     0.190    10.000    10.000    10.000     2 1
     1.299     0.000     0.000   147.000     0.000     4.300     0.210    10.000    10.000    10.000     2 1
     1.299     0.000     0.000   157.000     0.000     3.920     0.300    10.000    10.000    10.000     2 1
     1.299     0.000     0.000   158.000     0.000     0.000     0.000    10.000    10.000    10.000     2 1
     1.299     0.000     0.000   159.000     0.000     0.000     0.000    10.000    10.000    10.000     2 1
     1.299     0.000     0.000   160.000     0.000     0.000     0.000    10.000    10.000    10.000     2 1
     1.299     0.000     0.000   161.000     0.000     0.000     0.000    10.000    10.000    10.000     2 1
     1.313     0.000     0.000    37.000     0.000    10.880     0.330    10.000    10.000    10.000     2 1
     1.313     0.000     0.000    47.000     0.000    10.310     0.280    10.000    10.000    10.000     2 1
     1.313     0.000     0.000    57.000     0.000     9.980     0.250    10.000    10.000    10.000     2 1
     1.313     0.000     0.000    67.000     0.000     9.400     0.230    10.000    10.000    10.000     2 1
     1.313     0.000     0.000    77.000     0.000     8.560     0.210    10.000    10.000    10.000     2 1
     1.313     0.000     0.000    87.000     0.000     7.570     0.200    10.000    10.000    10.000     2 1
     1.313     0.000     0.000    97.000     0.000     6.570     0.190    10.000    10.000    10.000     2 1
     1.313     0.000     0.000   107.000     0.000     5.620     0.180    10.000    10.000    10.000     2 1
     1.313     0.000     0.000   117.000     0.000     5.040     0.180    10.000    10.000    10.000     2 1
     1.313     0.000     0.000   127.000     0.000     4.350     0.190    10.000    10.000    10.000     2 1
     1.313     0.000     0.000   137.000     0.000     3.940     0.200    10.000    10.000    10.000     2 1
     1.313     0.000     0.000   147.000     0.000     3.540     0.230    10.000    10.000    10.000     2 1
     1.313     0.000     0.000   157.000     0.000     3.130     0.300    10.000    10.000    10.000     2 1
     1.313     0.000     0.000   158.000     0.000     0.000     0.000    10.000    10.000    10.000     2 1
     1.313     0.000     0.000   159.000     0.000     0.000     0.000    10.000    10.000    10.000     2 1
     1.313     0.000     0.000   160.000     0.000     0.000     0.000    10.000    10.000    10.000     2 1
     1.313     0.000     0.000   161.000     0.000     0.000     0.000    10.000    10.000    10.000     2 1


