43490. 0.1 495699.0   1145.0 0.1005570E+01 0.15425E-04 0.82272E-02 0.18048E-04 0.23608E+04 0.12034E+02
43491. 0.1 256503.0    815.1 0.1005540E+01 0.21079E-04 0.82937E-02 0.24859E-04 0.11998E+04 0.87071E+01
43492. 0.1 243019.0    802.6 0.1005530E+01 0.21968E-04 0.82061E-02 0.25881E-04 0.11644E+04 0.84777E+01
43516. 0.1  75838.3    423.2 0.1005850E+01 0.36595E-04 0.76626E-02 0.41987E-04 0.37278E+03 0.43749E+01
43525. 0.1 178862.0    680.0 0.1005520E+01 0.24660E-04 0.80155E-02 0.29373E-04 0.93913E+03 0.73829E+01
43526. 0.1 563421.0   1225.7 0.1005600E+01 0.14283E-04 0.80255E-02 0.16788E-04 0.29733E+04 0.13102E+02
43527. 0.1 755992.0   1382.5 0.1005710E+01 0.11936E-04 0.78052E-02 0.13876E-04 0.39350E+04 0.14641E+02
43528. 0.1  28066.1    278.5 0.1005650E+01 0.65243E-04 0.82360E-02 0.79069E-04 0.13932E+03 0.29957E+01
43532. 0.1 122541.0    553.9 0.1005740E+01 0.29593E-04 0.78006E-02 0.34329E-04 0.63403E+03 0.58549E+01
43533. 0.1 546446.0   1214.9 0.1005630E+01 0.14272E-04 0.80942E-02 0.17854E-04 0.28643E+04 0.13200E+02
43534. 0.1  19679.5    225.7 0.1005630E+01 0.75837E-04 0.79778E-02 0.86922E-04 0.10208E+03 0.24012E+01
43540. 0.1 261330.0    846.5 0.1005670E+01 0.20615E-04 0.80492E-02 0.25835E-04 0.14128E+04 0.92544E+01
43541. 0.1 491641.0   1158.8 0.1005660E+01 0.15449E-04 0.80822E-02 0.18190E-04 0.26276E+04 0.12462E+02
43547. 0.1 552035.0   1224.9 0.1005710E+01 0.14217E-04 0.80813E-02 0.17704E-04 0.29405E+04 0.13346E+02
43548. 0.1 434548.0   1079.8 0.1005720E+01 0.15918E-04 0.80279E-02 0.19322E-04 0.23398E+04 0.11795E+02
43549. 0.1 520866.0   1189.3 0.1005760E+01 0.14996E-04 0.80841E-02 0.17766E-04 0.27751E+04 0.12764E+02
43550. 0.1 577412.0   1248.2 0.1005770E+01 0.14191E-04 0.80450E-02 0.16624E-04 0.31046E+04 0.13370E+02
43551. 0.1 418467.0   1064.3 0.1005810E+01 0.16720E-04 0.80765E-02 0.19745E-04 0.22343E+04 0.11415E+02
43552. 0.1 554517.0   1225.8 0.1005820E+01 0.14502E-04 0.80790E-02 0.17156E-04 0.29213E+04 0.13181E+02
43553. 0.1 527427.0   1193.0 0.1005790E+01 0.14869E-04 0.80800E-02 0.17557E-04 0.27735E+04 0.12769E+02
43554. 0.1 540455.0   1210.0 0.1005790E+01 0.14773E-04 0.81232E-02 0.17487E-04 0.28459E+04 0.12930E+02
43555. 0.1 492312.0   1129.2 0.1005760E+01 0.15041E-04 0.80891E-02 0.17972E-04 0.26065E+04 0.12167E+02
43556. 0.1 518460.0   1190.8 0.1005820E+01 0.14668E-04 0.80866E-02 0.17921E-04 0.27368E+04 0.12975E+02
43557. 0.1 487173.0   1147.1 0.1005830E+01 0.15535E-04 0.80885E-02 0.18269E-04 0.25989E+04 0.12233E+02
43558. 0.1 423274.0   1073.6 0.1005840E+01 0.16645E-04 0.80778E-02 0.19726E-04 0.22799E+04 0.11532E+02
43561. 0.1 489140.0   1140.3 0.1005830E+01 0.15121E-04 0.80912E-02 0.18106E-04 0.26083E+04 0.12378E+02
43562. 0.1 518103.0   1191.5 0.1005880E+01 0.15111E-04 0.81029E-02 0.17875E-04 0.27836E+04 0.12818E+02
43563. 0.1 522981.0   1197.8 0.1005820E+01 0.15042E-04 0.81173E-02 0.17838E-04 0.27931E+04 0.12877E+02
43564. 0.1 544118.0   1226.7 0.1005870E+01 0.14788E-04 0.81317E-02 0.17522E-04 0.29146E+04 0.13227E+02
43565. 0.1 562961.0   1241.8 0.1005860E+01 0.14533E-04 0.81269E-02 0.17194E-04 0.30122E+04 0.13323E+02
43566. 0.1 559641.0   1244.9 0.1005840E+01 0.14569E-04 0.81385E-02 0.17354E-04 0.29547E+04 0.13431E+02
43567. 0.1 558334.0   1237.3 0.1005790E+01 0.14534E-04 0.81090E-02 0.17268E-04 0.29766E+04 0.13322E+02
43568. 0.1 590149.0   1275.8 0.1005840E+01 0.14143E-04 0.81034E-02 0.16833E-04 0.31680E+04 0.13782E+02
43569. 0.1 615016.0   1297.4 0.1005860E+01 0.13871E-04 0.81228E-02 0.16397E-04 0.32625E+04 0.13927E+02
43570. 0.1 466921.0   1134.4 0.1005880E+01 0.15979E-04 0.81550E-02 0.18946E-04 0.24676E+04 0.12203E+02
43571. 0.1 555061.0   1234.7 0.1005920E+01 0.14640E-04 0.81419E-02 0.17300E-04 0.29464E+04 0.13252E+02
43572. 0.1  55398.7    387.1 0.1005890E+01 0.45995E-04 0.80996E-02 0.53848E-04 0.29052E+03 0.41557E+01
43574. 0.1 499783.0   1171.9 0.1006010E+01 0.15436E-04 0.81397E-02 0.18264E-04 0.26492E+04 0.12577E+02
43575. 0.1 205415.0    753.9 0.1006070E+01 0.24122E-04 0.81483E-02 0.28702E-04 0.10960E+04 0.81077E+01
43576. 0.1 261528.0    849.0 0.1005570E+01 0.20755E-04 0.81273E-02 0.25964E-04 0.13810E+04 0.92632E+01
43577. 0.1 437382.0   1078.8 0.1005570E+01 0.16096E-04 0.81381E-02 0.19297E-04 0.23324E+04 0.11716E+02
43578. 0.1 173586.0    687.7 0.1005580E+01 0.26077E-04 0.80962E-02 0.30627E-04 0.93081E+03 0.73729E+01
43579. 0.1 118246.0    569.9 0.1005540E+01 0.31610E-04 0.81106E-02 0.37584E-04 0.63098E+03 0.61235E+01
43580. 0.1 346923.0    974.9 0.1005540E+01 0.18442E-04 0.81052E-02 0.21777E-04 0.18527E+04 0.10494E+02
43581. 0.1  77899.2    465.1 0.1005590E+01 0.39309E-04 0.81778E-02 0.46297E-04 0.41158E+03 0.49949E+01
43582. 0.1 782278.0   1464.8 0.1005590E+01 0.12023E-04 0.81326E-02 0.14815E-04 0.41519E+04 0.16020E+02
43583. 0.1 761017.0   1444.9 0.1005570E+01 0.12463E-04 0.81178E-02 0.14734E-04 0.40410E+04 0.15523E+02
43584. 0.1 552501.0   1229.3 0.1005540E+01 0.14270E-04 0.80992E-02 0.17616E-04 0.29678E+04 0.13472E+02
43585. 0.1   8983.4    151.6 0.1005530E+01 0.11087E-03 0.79594E-02 0.12989E-03 0.43789E+02 0.15985E+01
43586. 0.1 172623.0    684.1 0.1005580E+01 0.26036E-04 0.80767E-02 0.30703E-04 0.91892E+03 0.73369E+01
43587. 0.1 204305.0    736.1 0.1005580E+01 0.23281E-04 0.80660E-02 0.28180E-04 0.10802E+04 0.80259E+01
43588. 0.1 203222.0    741.7 0.1005570E+01 0.23961E-04 0.80637E-02 0.28192E-04 0.10864E+04 0.79603E+01
43589. 0.1 117303.0    566.1 0.1005790E+01 0.31656E-04 0.81071E-02 0.37672E-04 0.61840E+03 0.60858E+01
43590. 0.1 116043.0    557.7 0.1005620E+01 0.31653E-04 0.80581E-02 0.37099E-04 0.61468E+03 0.59794E+01
43591. 0.1  87422.8    484.3 0.1005600E+01 0.35448E-04 0.80418E-02 0.44129E-04 0.45945E+03 0.52768E+01
43592. 0.1 145818.0    626.3 0.1005660E+01 0.27484E-04 0.80399E-02 0.34315E-04 0.77435E+03 0.68047E+01
43593. 0.1  57868.8    400.0 0.1006240E+01 0.45240E-04 0.81290E-02 0.54151E-04 0.30470E+03 0.43057E+01
43594. 0.1  87322.0    487.6 0.1005560E+01 0.36591E-04 0.81012E-02 0.43903E-04 0.45669E+03 0.52386E+01
43595. 0.1 173728.0    685.7 0.1005530E+01 0.25386E-04 0.81043E-02 0.31032E-04 0.91912E+03 0.74375E+01
43596. 0.1 144692.0    627.4 0.1005570E+01 0.27729E-04 0.80575E-02 0.33875E-04 0.78136E+03 0.69128E+01
43598. 0.1  98353.6    514.3 0.1005870E+01 0.34270E-04 0.80400E-02 0.40440E-04 0.51731E+03 0.55009E+01
43599. 0.1 138207.0    607.0 0.1006030E+01 0.28914E-04 0.80043E-02 0.33797E-04 0.75102E+03 0.64765E+01
43600. 0.1 111879.0    552.3 0.1005490E+01 0.32470E-04 0.81230E-02 0.38072E-04 0.58335E+03 0.59359E+01
43601. 0.1 168648.0    680.7 0.1005560E+01 0.25630E-04 0.80626E-02 0.31916E-04 0.89847E+03 0.74892E+01
43602. 0.1 193535.0    714.9 0.1005560E+01 0.23869E-04 0.80392E-02 0.28393E-04 0.10357E+04 0.78514E+01
43603. 0.1 112454.0    537.3 0.1005530E+01 0.31313E-04 0.80443E-02 0.37539E-04 0.59771E+03 0.58446E+01
43604. 0.1 195834.0    729.5 0.1006020E+01 0.24511E-04 0.80991E-02 0.28968E-04 0.10355E+04 0.78017E+01
43608. 0.1 183623.0    731.9 0.1004750E+01 0.26221E-04 0.83596E-02 0.31330E-04 0.97093E+03 0.78943E+01
43609. 0.1 305939.0    908.8 0.1005590E+01 0.19564E-04 0.80838E-02 0.23009E-04 0.16266E+04 0.97172E+01
43610. 0.1 336317.0    961.0 0.1005470E+01 0.18732E-04 0.81041E-02 0.22093E-04 0.17966E+04 0.10339E+02
43611. 0.1 238057.0    808.3 0.1005550E+01 0.22223E-04 0.80972E-02 0.26436E-04 0.12692E+04 0.87126E+01
43612. 0.1 339025.0    963.4 0.1005560E+01 0.18627E-04 0.80936E-02 0.22026E-04 0.18064E+04 0.10371E+02
43613. 0.1 310394.0    919.7 0.1005510E+01 0.18989E-04 0.80972E-02 0.23603E-04 0.16545E+04 0.10024E+02
43614. 0.1 382658.0   1028.1 0.1005510E+01 0.17261E-04 0.81497E-02 0.21051E-04 0.20569E+04 0.11283E+02
43615. 0.1 231471.0    802.2 0.1005540E+01 0.22658E-04 0.81187E-02 0.26911E-04 0.12495E+04 0.86838E+01
43616. 0.1 315913.0    937.5 0.1005560E+01 0.19433E-04 0.81370E-02 0.23193E-04 0.17026E+04 0.10119E+02
43617. 0.1 376170.0   1012.5 0.1005550E+01 0.17441E-04 0.81643E-02 0.21065E-04 0.20092E+04 0.11037E+02
43618. 0.1 202891.0    751.4 0.1005580E+01 0.24333E-04 0.81797E-02 0.28871E-04 0.10670E+04 0.80731E+01
43619. 0.1 287032.0    900.7 0.1005630E+01 0.19947E-04 0.81460E-02 0.25185E-04 0.15541E+04 0.98784E+01
43620. 0.1 288158.0    873.3 0.1005650E+01 0.19843E-04 0.81323E-02 0.23246E-04 0.15449E+04 0.94263E+01
43621. 0.1 319011.0    939.6 0.1005670E+01 0.19321E-04 0.81279E-02 0.22822E-04 0.17163E+04 0.10130E+02
43622. 0.1 233735.0    788.6 0.1005740E+01 0.22132E-04 0.81677E-02 0.26027E-04 0.12464E+04 0.85091E+01
43623. 0.1 202657.0    751.5 0.1005750E+01 0.23677E-04 0.81317E-02 0.29632E-04 0.10959E+04 0.82324E+01
43624. 0.1 174976.0    694.0 0.1005760E+01 0.26091E-04 0.81455E-02 0.30831E-04 0.92808E+03 0.74577E+01
43625. 0.1  83731.7    480.2 0.1006100E+01 0.37924E-04 0.81552E-02 0.44611E-04 0.45270E+03 0.51327E+01
43626. 0.1 118547.0    572.0 0.1005760E+01 0.31681E-04 0.81131E-02 0.37495E-04 0.64738E+03 0.61647E+01
43629. 0.1 140881.0    628.8 0.1005360E+01 0.29151E-04 0.81273E-02 0.34693E-04 0.77150E+03 0.67992E+01
43630. 0.1 188999.0    727.2 0.1006120E+01 0.25297E-04 0.81708E-02 0.30042E-04 0.10249E+04 0.78301E+01
43631. 0.1 175578.0    690.7 0.1006340E+01 0.25964E-04 0.81112E-02 0.30759E-04 0.94100E+03 0.73946E+01
43632. 0.1 176304.0    687.7 0.1006670E+01 0.25408E-04 0.81630E-02 0.31220E-04 0.92587E+03 0.74388E+01
43633. 0.1 117202.0    561.7 0.1006820E+01 0.31839E-04 0.81454E-02 0.37529E-04 0.60996E+03 0.59507E+01
43634. 0.1 500947.0   1166.5 0.1006480E+01 0.15380E-04 0.81422E-02 0.18187E-04 0.26191E+04 0.12451E+02
43635. 0.1 115254.0    554.9 0.1006770E+01 0.31905E-04 0.80908E-02 0.37435E-04 0.60588E+03 0.58998E+01
43636. 0.1 147053.0    628.3 0.1006830E+01 0.28340E-04 0.81458E-02 0.33586E-04 0.75653E+03 0.66774E+01
43637. 0.1 147614.0    638.4 0.1006840E+01 0.28583E-04 0.82046E-02 0.34074E-04 0.76624E+03 0.68157E+01
43638. 0.1 116495.0    557.6 0.1007110E+01 0.31755E-04 0.80751E-02 0.37229E-04 0.62447E+03 0.59342E+01
43639. 0.1 117873.0    565.4 0.1007000E+01 0.31842E-04 0.81751E-02 0.37567E-04 0.61190E+03 0.59911E+01
43640. 0.1 119960.0    572.2 0.1006740E+01 0.31546E-04 0.81580E-02 0.37526E-04 0.63092E+03 0.61335E+01
43641. 0.1 148219.0    637.6 0.1006810E+01 0.27791E-04 0.82011E-02 0.34490E-04 0.75764E+03 0.68900E+01
43642. 0.1 147665.0    629.9 0.1006940E+01 0.28283E-04 0.81369E-02 0.33322E-04 0.76273E+03 0.66883E+01
43643. 0.1 175178.0    690.5 0.1006640E+01 0.26122E-04 0.81798E-02 0.31069E-04 0.90980E+03 0.73522E+01
43644. 0.1 146151.0    631.2 0.1006810E+01 0.28558E-04 0.81468E-02 0.33701E-04 0.76688E+03 0.67391E+01
43645. 0.1 233997.0    791.8 0.1007090E+01 0.22448E-04 0.81115E-02 0.26466E-04 0.12316E+04 0.83974E+01
43646. 0.1 204742.0    744.0 0.1007260E+01 0.24193E-04 0.81643E-02 0.28722E-04 0.10777E+04 0.78780E+01
43647. 0.1 262724.0    836.3 0.1007480E+01 0.21183E-04 0.80918E-02 0.24733E-04 0.13921E+04 0.88267E+01
43648. 0.1 318980.0    940.7 0.1006710E+01 0.18971E-04 0.81861E-02 0.23597E-04 0.16812E+04 0.10232E+02
43649. 0.1 200889.0    739.6 0.1006320E+01 0.24248E-04 0.80957E-02 0.28566E-04 0.10835E+04 0.79290E+01
43650. 0.1 318147.0    940.1 0.1006080E+01 0.19393E-04 0.81503E-02 0.23057E-04 0.16961E+04 0.10126E+02
43651. 0.1 260421.0    853.4 0.1005730E+01 0.21527E-04 0.81870E-02 0.25630E-04 0.13924E+04 0.91980E+01
43652. 0.1 290021.0    888.2 0.1006920E+01 0.20316E-04 0.81754E-02 0.24093E-04 0.15163E+04 0.94496E+01
43653. 0.1 465748.0   1129.3 0.1007040E+01 0.16068E-04 0.81827E-02 0.19063E-04 0.24530E+04 0.12034E+02
43654. 0.1  98645.5    516.7 0.1006800E+01 0.34751E-04 0.81524E-02 0.40753E-04 0.51689E+03 0.54986E+01
43655. 0.1 116850.0    568.4 0.1005700E+01 0.31931E-04 0.81243E-02 0.38007E-04 0.63249E+03 0.61274E+01
43656. 0.1 262032.0    846.2 0.1006490E+01 0.21346E-04 0.81335E-02 0.25222E-04 0.14085E+04 0.90407E+01
43657. 0.1  12732.5    184.5 0.1006610E+01 0.96689E-04 0.81683E-02 0.11452E-03 0.65858E+02 0.19681E+01
43658. 0.1 146369.0    635.0 0.1006530E+01 0.28682E-04 0.82103E-02 0.34374E-04 0.75626E+03 0.67934E+01
43659. 0.1 144311.0    630.4 0.1006440E+01 0.28908E-04 0.81882E-02 0.34181E-04 0.76119E+03 0.67341E+01
43666. 0.1  94345.3    514.8 0.1005660E+01 0.35804E-04 0.81983E-02 0.42493E-04 0.49927E+03 0.55726E+01
43672. 0.1 329565.0    939.2 0.1005320E+01 0.18631E-04 0.81825E-02 0.22448E-04 0.17419E+04 0.10165E+02
43675. 0.1 568602.0   1304.1 0.1004890E+01 0.15068E-04 0.84599E-02 0.18152E-04 0.29575E+04 0.14193E+02
43676. 0.1 253906.0    871.8 0.1005320E+01 0.22734E-04 0.85060E-02 0.27181E-04 0.13275E+04 0.94127E+01
43677. 0.1 241536.0    816.9 0.1005470E+01 0.22185E-04 0.81311E-02 0.26259E-04 0.12860E+04 0.87954E+01
43678. 0.1 425313.0   1085.2 0.1005480E+01 0.16715E-04 0.81290E-02 0.19809E-04 0.22686E+04 0.11693E+02
43679. 0.1 151971.0    639.7 0.1005490E+01 0.27018E-04 0.80597E-02 0.32763E-04 0.81324E+03 0.69364E+01
43680. 0.1  60750.7    408.3 0.1005920E+01 0.44387E-04 0.81838E-02 0.52717E-04 0.31742E+03 0.43718E+01
43681. 0.1 298736.0    906.7 0.1005390E+01 0.19876E-04 0.81000E-02 0.23521E-04 0.15974E+04 0.97589E+01
43682. 0.1 270632.0    865.8 0.1005200E+01 0.20927E-04 0.81190E-02 0.24830E-04 0.14512E+04 0.93450E+01
43683. 0.1 299992.0    898.4 0.1005680E+01 0.19282E-04 0.80832E-02 0.23905E-04 0.15975E+04 0.98740E+01
43684. 0.1 119419.0    569.7 0.1005730E+01 0.31175E-04 0.80317E-02 0.36764E-04 0.64691E+03 0.61463E+01
43685. 0.1 151345.0    642.8 0.1005760E+01 0.27298E-04 0.81410E-02 0.33245E-04 0.78635E+03 0.70096E+01
43686. 0.1 121752.0    579.6 0.1005490E+01 0.31195E-04 0.81240E-02 0.36829E-04 0.64451E+03 0.62562E+01
43687. 0.1  92955.6    501.1 0.1005390E+01 0.34851E-04 0.81317E-02 0.42320E-04 0.48707E+03 0.54524E+01
43692. 0.1 180533.0    705.0 0.1005200E+01 0.24928E-04 0.81079E-02 0.30606E-04 0.95516E+03 0.77967E+01
43693. 0.1 150884.0    643.8 0.1005510E+01 0.27909E-04 0.80928E-02 0.33232E-04 0.80747E+03 0.69282E+01
43694. 0.1 124050.0    582.4 0.1005520E+01 0.30751E-04 0.80896E-02 0.36390E-04 0.66024E+03 0.62753E+01
43695. 0.1 182316.0    699.5 0.1005450E+01 0.24919E-04 0.81531E-02 0.30109E-04 0.95367E+03 0.77036E+01
43696. 0.1 121730.0    578.3 0.1005610E+01 0.31269E-04 0.81570E-02 0.36926E-04 0.63548E+03 0.61873E+01
43697. 0.1  75713.0    457.2 0.1005580E+01 0.39792E-04 0.81737E-02 0.46837E-04 0.40039E+03 0.49081E+01
43698. 0.1 150210.0    641.7 0.1005340E+01 0.28023E-04 0.80978E-02 0.33140E-04 0.80750E+03 0.69046E+01
43699. 0.1 542945.0   1223.9 0.1005640E+01 0.14816E-04 0.81406E-02 0.17462E-04 0.28835E+04 0.13131E+02
43701. 0.1 152625.0    653.5 0.1005700E+01 0.27394E-04 0.81798E-02 0.33790E-04 0.80850E+03 0.73169E+01
43702. 0.1 190353.0    726.5 0.1005760E+01 0.25023E-04 0.81404E-02 0.29781E-04 0.10128E+04 0.78176E+01
43703. 0.1 151087.0    645.8 0.1005800E+01 0.27513E-04 0.81701E-02 0.33834E-04 0.80191E+03 0.70646E+01
43704. 0.1 122250.0    578.8 0.1005720E+01 0.31161E-04 0.81456E-02 0.36620E-04 0.64030E+03 0.62152E+01
43705. 0.1 240571.0    806.3 0.1005710E+01 0.21599E-04 0.80961E-02 0.26318E-04 0.12879E+04 0.87705E+01
43706. 0.1 180356.0    709.3 0.1005680E+01 0.25905E-04 0.82037E-02 0.30767E-04 0.95377E+03 0.76107E+01
43707. 0.1 211196.0    764.9 0.1005650E+01 0.23738E-04 0.81556E-02 0.28390E-04 0.11122E+04 0.82367E+01
43708. 0.1  66206.2    430.7 0.1005560E+01 0.42777E-04 0.82008E-02 0.51225E-04 0.35394E+03 0.46547E+01
43709. 0.1 181698.0    707.0 0.1005570E+01 0.25457E-04 0.81006E-02 0.30209E-04 0.96478E+03 0.76176E+01
43710. 0.1 186006.0    714.3 0.1005600E+01 0.25147E-04 0.80949E-02 0.29801E-04 0.99407E+03 0.76962E+01
43717. 0.1  29918.5    283.0 0.1006380E+01 0.62490E-04 0.81120E-02 0.73807E-04 0.15243E+03 0.30040E+01
43718. 0.1 210391.0    747.2 0.1005800E+01 0.23282E-04 0.81754E-02 0.27946E-04 0.11013E+04 0.80482E+01
43719. 0.1 110504.0    551.6 0.1005510E+01 0.32792E-04 0.81453E-02 0.38852E-04 0.58326E+03 0.59251E+01
43720. 0.1 237935.0    809.2 0.1005590E+01 0.22360E-04 0.81087E-02 0.26395E-04 0.12964E+04 0.86802E+01
43721. 0.1  91348.1    499.7 0.1005630E+01 0.35995E-04 0.81312E-02 0.42334E-04 0.47824E+03 0.53628E+01
43722. 0.1 567597.0   1228.4 0.1005610E+01 0.14127E-04 0.81258E-02 0.17044E-04 0.30468E+04 0.13241E+02
43723. 0.1  90821.8    497.2 0.1005690E+01 0.35516E-04 0.82052E-02 0.43178E-04 0.47388E+03 0.53849E+01
43725. 0.1 230576.0    798.1 0.1005640E+01 0.22713E-04 0.81321E-02 0.26866E-04 0.12343E+04 0.85874E+01
43726. 0.1 301380.0    905.8 0.1005590E+01 0.19445E-04 0.81632E-02 0.23455E-04 0.15933E+04 0.98884E+01
43728. 0.1 329403.0    953.8 0.1005500E+01 0.18575E-04 0.81531E-02 0.23407E-04 0.17440E+04 0.10351E+02
43729. 0.1  76714.1    456.7 0.1005480E+01 0.38247E-04 0.81011E-02 0.46227E-04 0.41214E+03 0.49941E+01
43730. 0.1 270865.0    851.8 0.1005560E+01 0.20334E-04 0.81052E-02 0.24153E-04 0.14313E+04 0.93212E+01
43731. 0.1  82558.6    466.7 0.1005540E+01 0.36912E-04 0.81221E-02 0.44596E-04 0.43390E+03 0.50263E+01
43732. 0.1 419779.0   1069.0 0.1005520E+01 0.16396E-04 0.81098E-02 0.19798E-04 0.22586E+04 0.11670E+02
43733. 0.1 473698.0   1139.7 0.1005370E+01 0.15529E-04 0.81603E-02 0.19030E-04 0.25266E+04 0.12321E+02
43734. 0.1 121033.0    564.5 0.1005440E+01 0.30887E-04 0.82070E-02 0.36924E-04 0.63929E+03 0.60791E+01
43735. 0.1 563746.0   1254.6 0.1005420E+01 0.14583E-04 0.81637E-02 0.17329E-04 0.30081E+04 0.13533E+02
43736. 0.1  59204.2    400.1 0.1005410E+01 0.44383E-04 0.80588E-02 0.52455E-04 0.31889E+03 0.42946E+01
43737. 0.1 503476.0   1163.9 0.1005410E+01 0.14979E-04 0.81312E-02 0.18349E-04 0.26756E+04 0.12672E+02
43738. 0.1  73957.2    457.7 0.1005430E+01 0.40786E-04 0.83023E-02 0.48690E-04 0.37791E+03 0.49231E+01
43739. 0.1 501363.0   1145.3 0.1005570E+01 0.15064E-04 0.81467E-02 0.17738E-04 0.26834E+04 0.12388E+02
43740. 0.1  85514.8    482.9 0.1005600E+01 0.37203E-04 0.81023E-02 0.43500E-04 0.46117E+03 0.51743E+01
43741. 0.1 592198.0   1291.8 0.1005520E+01 0.13907E-04 0.81755E-02 0.17381E-04 0.31446E+04 0.14194E+02
43742. 0.1  77991.1    471.7 0.1005300E+01 0.38605E-04 0.82374E-02 0.48779E-04 0.41421E+03 0.51929E+01
43743. 0.1  88900.8    495.1 0.1005540E+01 0.36627E-04 0.81462E-02 0.43369E-04 0.47450E+03 0.53141E+01
43744. 0.1 561912.0   1223.6 0.1005430E+01 0.14178E-04 0.81149E-02 0.17069E-04 0.30344E+04 0.13406E+02
43745. 0.1 590457.0   1288.9 0.1005380E+01 0.14274E-04 0.81797E-02 0.17015E-04 0.31339E+04 0.13915E+02
43746. 0.1  88496.4    495.1 0.1005030E+01 0.36722E-04 0.81480E-02 0.43537E-04 0.47081E+03 0.53349E+01
43747. 0.1 502850.0   1181.5 0.1005650E+01 0.15450E-04 0.81730E-02 0.18262E-04 0.26704E+04 0.12708E+02
43748. 0.1 533955.0   1197.5 0.1005620E+01 0.14609E-04 0.81554E-02 0.17590E-04 0.28414E+04 0.12977E+02
43749. 0.1 562841.0   1251.6 0.1005680E+01 0.14204E-04 0.81437E-02 0.17905E-04 0.30037E+04 0.13751E+02
43750. 0.1  59683.7    407.5 0.1005640E+01 0.44892E-04 0.81714E-02 0.53297E-04 0.31917E+03 0.43783E+01
43751. 0.1 592428.0   1274.5 0.1005680E+01 0.14132E-04 0.81139E-02 0.16749E-04 0.31767E+04 0.13710E+02
43752. 0.1 564183.0   1226.5 0.1005650E+01 0.14205E-04 0.81518E-02 0.17209E-04 0.30195E+04 0.13366E+02
43753. 0.1 533568.0   1215.8 0.1005430E+01 0.14692E-04 0.81889E-02 0.17827E-04 0.28464E+04 0.13378E+02
43754. 0.1 591167.0   1258.8 0.1005360E+01 0.13925E-04 0.81668E-02 0.16797E-04 0.31773E+04 0.13582E+02
43755. 0.1 568398.0   1257.0 0.1005450E+01 0.14514E-04 0.81546E-02 0.17171E-04 0.30290E+04 0.13536E+02
43756. 0.1 598384.0   1267.0 0.1005430E+01 0.13828E-04 0.81717E-02 0.16732E-04 0.31839E+04 0.13848E+02
43757. 0.1 186306.0    720.0 0.1005820E+01 0.25544E-04 0.82361E-02 0.30309E-04 0.97024E+03 0.77188E+01
43758. 0.1 507625.0   1162.8 0.1005800E+01 0.15041E-04 0.81796E-02 0.18140E-04 0.27042E+04 0.12634E+02
43759. 0.1 381581.0   1031.2 0.1005830E+01 0.17810E-04 0.82169E-02 0.21191E-04 0.19945E+04 0.11077E+02
43760. 0.1  80926.5    471.8 0.1005860E+01 0.38700E-04 0.82176E-02 0.45582E-04 0.42439E+03 0.50402E+01
43761. 0.1 477746.0   1151.9 0.1005920E+01 0.15860E-04 0.81834E-02 0.18935E-04 0.25166E+04 0.12390E+02
43762. 0.1 415107.0   1073.6 0.1005970E+01 0.17053E-04 0.81974E-02 0.20242E-04 0.21863E+04 0.11521E+02
43763. 0.1  71804.8    444.8 0.1005890E+01 0.40843E-04 0.81451E-02 0.48012E-04 0.38534E+03 0.47648E+01
43764. 0.1 421278.0   1082.0 0.1005940E+01 0.16960E-04 0.82163E-02 0.20107E-04 0.22082E+04 0.11605E+02
43765. 0.1  70988.4    443.8 0.1006030E+01 0.41270E-04 0.82242E-02 0.49225E-04 0.36765E+03 0.47565E+01
43766. 0.1 568478.0   1235.2 0.1005970E+01 0.14117E-04 0.81452E-02 0.17094E-04 0.30149E+04 0.13397E+02
43767. 0.1 101534.0    528.5 0.1005130E+01 0.34195E-04 0.81247E-02 0.40319E-04 0.54360E+03 0.56736E+01
43769. 0.1 245593.0    811.4 0.1004990E+01 0.21498E-04 0.81343E-02 0.25749E-04 0.13079E+04 0.87538E+01
43770. 0.1 468871.0   1141.3 0.1005030E+01 0.15920E-04 0.81255E-02 0.18867E-04 0.25089E+04 0.12324E+02
43771. 0.1 503982.0   1179.3 0.1004980E+01 0.15377E-04 0.81521E-02 0.18222E-04 0.26771E+04 0.12712E+02
43772. 0.1 591329.0   1283.2 0.1005000E+01 0.14166E-04 0.81177E-02 0.16780E-04 0.31719E+04 0.13862E+02
43773. 0.1 566891.0   1248.1 0.1004960E+01 0.14423E-04 0.81022E-02 0.17014E-04 0.30379E+04 0.13439E+02
43776. 0.1 221011.0    774.8 0.1005330E+01 0.22538E-04 0.80971E-02 0.27402E-04 0.11861E+04 0.84676E+01
43777. 0.1 256090.0    887.1 0.1005110E+01 0.22805E-04 0.85725E-02 0.27540E-04 0.13328E+04 0.96538E+01
43778. 0.1 422584.0   1138.9 0.1005180E+01 0.17851E-04 0.86168E-02 0.21594E-04 0.22016E+04 0.12356E+02
43782. 0.1 591014.0   1243.7 0.1005450E+01 0.13865E-04 0.81528E-02 0.16396E-04 0.31480E+04 0.13350E+02
43783. 0.1 208752.0    746.8 0.1005440E+01 0.23376E-04 0.81594E-02 0.28052E-04 0.11126E+04 0.80889E+01
43784. 0.1 564321.0   1240.2 0.1005470E+01 0.14194E-04 0.81593E-02 0.17578E-04 0.29791E+04 0.13483E+02
43785. 0.1 386983.0   1032.2 0.1005460E+01 0.17510E-04 0.81378E-02 0.20720E-04 0.20428E+04 0.11102E+02
43786. 0.1 416974.0   1058.6 0.1005510E+01 0.16404E-04 0.80967E-02 0.19536E-04 0.22341E+04 0.11623E+02
43787. 0.1 355816.0    985.2 0.1005440E+01 0.17821E-04 0.81226E-02 0.21860E-04 0.19057E+04 0.10679E+02
43788. 0.1 432746.0   1091.6 0.1005470E+01 0.16543E-04 0.81183E-02 0.19523E-04 0.23080E+04 0.11760E+02
43789. 0.1 510597.0   1178.9 0.1005490E+01 0.15200E-04 0.81040E-02 0.17974E-04 0.27374E+04 0.12634E+02
43790. 0.1 519179.0   1187.8 0.1005530E+01 0.14726E-04 0.81286E-02 0.18017E-04 0.27334E+04 0.12927E+02
43791. 0.1 182673.0    709.1 0.1005520E+01 0.25476E-04 0.81094E-02 0.29988E-04 0.98324E+03 0.76288E+01
43792. 0.1 485935.0   1157.5 0.1005510E+01 0.15617E-04 0.81351E-02 0.18527E-04 0.25663E+04 0.12482E+02
43793. 0.1 482773.0   1138.7 0.1005510E+01 0.15341E-04 0.81415E-02 0.18540E-04 0.25782E+04 0.12352E+02
43794. 0.1 120059.0    578.0 0.1005480E+01 0.31616E-04 0.81701E-02 0.37417E-04 0.63805E+03 0.62348E+01
43796. 0.1 536108.0   1196.6 0.1005460E+01 0.14543E-04 0.81388E-02 0.17280E-04 0.28744E+04 0.12953E+02
43797. 0.1 513016.0   1173.5 0.1005460E+01 0.14890E-04 0.81406E-02 0.17964E-04 0.27382E+04 0.12605E+02
43798. 0.1 479608.0   1145.3 0.1005570E+01 0.15684E-04 0.81071E-02 0.18516E-04 0.25568E+04 0.12297E+02
43799. 0.1 454417.0   1112.1 0.1005420E+01 0.15792E-04 0.81340E-02 0.19660E-04 0.24313E+04 0.12069E+02
43800. 0.1 574902.0   1255.8 0.1005600E+01 0.14027E-04 0.81195E-02 0.17507E-04 0.30859E+04 0.13658E+02
43801. 0.1 577321.0   1255.3 0.1005420E+01 0.13994E-04 0.81514E-02 0.17399E-04 0.30211E+04 0.13679E+02
43802. 0.1 543110.0   1219.1 0.1005720E+01 0.14779E-04 0.81474E-02 0.17538E-04 0.28465E+04 0.13083E+02
43803. 0.1  61328.8    412.8 0.1005560E+01 0.43367E-04 0.82459E-02 0.53959E-04 0.31210E+03 0.44950E+01
43807. 0.1 485207.0   1135.8 0.1005570E+01 0.15119E-04 0.80705E-02 0.18651E-04 0.25749E+04 0.12255E+02
43808. 0.1 399131.0   1034.8 0.1005460E+01 0.16748E-04 0.81093E-02 0.20209E-04 0.20919E+04 0.11322E+02
43809. 0.1 365541.0    998.2 0.1005540E+01 0.17942E-04 0.81109E-02 0.21258E-04 0.19292E+04 0.10713E+02
43810. 0.1 303655.0    909.1 0.1005510E+01 0.19591E-04 0.80619E-02 0.23207E-04 0.16252E+04 0.97865E+01
43812. 0.1  88151.2    488.7 0.1005520E+01 0.36218E-04 0.80523E-02 0.42890E-04 0.46221E+03 0.52525E+01
43813. 0.1 387892.0   1001.8 0.1005610E+01 0.16925E-04 0.80728E-02 0.20354E-04 0.20707E+04 0.10905E+02
43814. 0.1 356970.0    984.7 0.1005380E+01 0.18137E-04 0.80930E-02 0.21409E-04 0.18937E+04 0.10560E+02
43815. 0.1 179193.0    697.5 0.1005360E+01 0.25562E-04 0.80909E-02 0.30243E-04 0.94929E+03 0.74781E+01
43816. 0.1 180687.0    712.0 0.1005430E+01 0.24963E-04 0.81059E-02 0.31265E-04 0.97389E+03 0.77458E+01
43817. 0.1 210656.0    753.0 0.1005300E+01 0.23069E-04 0.81020E-02 0.27985E-04 0.11171E+04 0.82413E+01
43818. 0.1 269665.0    856.9 0.1004930E+01 0.20876E-04 0.80925E-02 0.24593E-04 0.14453E+04 0.92103E+01
43819. 0.1 414378.0   1063.9 0.1004710E+01 0.16482E-04 0.81161E-02 0.20406E-04 0.22012E+04 0.11676E+02
43820. 0.1 539478.0   1224.9 0.1004770E+01 0.14815E-04 0.81186E-02 0.17561E-04 0.28758E+04 0.13260E+02
43821. 0.1 519635.0   1199.1 0.1004870E+01 0.15075E-04 0.81063E-02 0.17800E-04 0.27726E+04 0.12957E+02
43822. 0.1 484498.0   1153.9 0.1005270E+01 0.15585E-04 0.81026E-02 0.18478E-04 0.25823E+04 0.12436E+02
43823. 0.1 484134.0   1148.7 0.1005430E+01 0.15578E-04 0.81039E-02 0.18404E-04 0.25541E+04 0.12326E+02
43824. 0.1 332548.0    956.2 0.1005520E+01 0.18915E-04 0.81396E-02 0.22382E-04 0.17624E+04 0.10255E+02
43827. 0.1 568429.0   1243.1 0.1005020E+01 0.14213E-04 0.81875E-02 0.16982E-04 0.30195E+04 0.13464E+02
43832. 0.1 586229.0   1236.0 0.1005550E+01 0.13920E-04 0.81538E-02 0.16375E-04 0.31012E+04 0.13347E+02
43833. 0.1 556339.0   1206.8 0.1005580E+01 0.14248E-04 0.81246E-02 0.16792E-04 0.29873E+04 0.13017E+02
43834. 0.1 581518.0   1279.3 0.1005170E+01 0.14384E-04 0.81798E-02 0.17125E-04 0.31005E+04 0.13859E+02
43835. 0.1 524987.0   1215.0 0.1005620E+01 0.14679E-04 0.81297E-02 0.18278E-04 0.28008E+04 0.13479E+02
43836. 0.1 565986.0   1242.1 0.1005970E+01 0.14444E-04 0.81076E-02 0.17052E-04 0.30097E+04 0.13315E+02
43837. 0.1 522210.0   1194.3 0.1005910E+01 0.15012E-04 0.80975E-02 0.17796E-04 0.27939E+04 0.12822E+02
43838. 0.1 491260.0   1153.9 0.1005990E+01 0.15176E-04 0.81411E-02 0.18384E-04 0.25993E+04 0.12671E+02
43839. 0.1 527157.0   1200.5 0.1006000E+01 0.15014E-04 0.81402E-02 0.17688E-04 0.27716E+04 0.12851E+02
43840. 0.1 438059.0   1076.2 0.1005760E+01 0.15882E-04 0.80503E-02 0.18982E-04 0.23381E+04 0.11678E+02
43841. 0.1 356137.0    985.7 0.1005800E+01 0.18128E-04 0.80653E-02 0.21465E-04 0.19156E+04 0.10610E+02
43842. 0.1 222705.0    761.7 0.1005800E+01 0.22560E-04 0.81505E-02 0.26485E-04 0.11746E+04 0.81825E+01
43843. 0.1 263871.0    845.8 0.1006080E+01 0.21085E-04 0.80705E-02 0.24772E-04 0.14181E+04 0.90636E+01
43844. 0.1 352523.0    977.8 0.1005900E+01 0.18324E-04 0.81234E-02 0.21585E-04 0.18632E+04 0.10438E+02
43845. 0.1 497871.0   1166.2 0.1005720E+01 0.15359E-04 0.80824E-02 0.18184E-04 0.26815E+04 0.12549E+02
43846. 0.1  29511.9    284.2 0.1005610E+01 0.63371E-04 0.81382E-02 0.74817E-04 0.15526E+03 0.30549E+01
43851. 0.1 446447.0   1110.0 0.1005670E+01 0.16313E-04 0.81334E-02 0.19401E-04 0.23814E+04 0.11948E+02
43852. 0.1 533088.0   1199.7 0.1005670E+01 0.14642E-04 0.81748E-02 0.17398E-04 0.28097E+04 0.12981E+02
43853. 0.1 535129.0   1213.4 0.1005700E+01 0.14580E-04 0.81526E-02 0.17645E-04 0.28596E+04 0.13248E+02
43854. 0.1 532676.0   1217.0 0.1005770E+01 0.15048E-04 0.81940E-02 0.17843E-04 0.28248E+04 0.13083E+02
43855. 0.1 559962.0   1252.3 0.1005730E+01 0.14686E-04 0.81926E-02 0.17479E-04 0.29741E+04 0.13513E+02
43856. 0.1 350830.0    985.9 0.1005780E+01 0.18119E-04 0.81909E-02 0.22050E-04 0.18660E+04 0.10730E+02
43857. 0.1 520137.0   1210.5 0.1005740E+01 0.15282E-04 0.81921E-02 0.18105E-04 0.28073E+04 0.13086E+02
43858. 0.1 530265.0   1215.4 0.1005800E+01 0.15078E-04 0.81771E-02 0.17850E-04 0.28322E+04 0.13079E+02
43859. 0.1 508016.0   1191.0 0.1005740E+01 0.15382E-04 0.81780E-02 0.18359E-04 0.27072E+04 0.12859E+02
43860. 0.1 505307.0   1182.4 0.1005760E+01 0.15412E-04 0.81848E-02 0.18341E-04 0.26636E+04 0.12702E+02
43862. 0.1 466651.0   1142.8 0.1005780E+01 0.16103E-04 0.81786E-02 0.19081E-04 0.25196E+04 0.12311E+02
43863. 0.1 500890.0   1185.4 0.1005820E+01 0.15543E-04 0.82091E-02 0.18520E-04 0.26519E+04 0.12809E+02
43864. 0.1 551362.0   1242.2 0.1005730E+01 0.14834E-04 0.81933E-02 0.17594E-04 0.29624E+04 0.13354E+02
43865. 0.1 499472.0   1175.0 0.1005720E+01 0.15475E-04 0.81369E-02 0.18250E-04 0.26956E+04 0.12635E+02
43866. 0.1 526491.0   1213.9 0.1005760E+01 0.15155E-04 0.82058E-02 0.18020E-04 0.27810E+04 0.13081E+02
43867. 0.1 395677.0   1043.4 0.1005640E+01 0.17003E-04 0.81572E-02 0.20856E-04 0.21327E+04 0.11442E+02
43871. 0.1 520150.0   1203.6 0.1005810E+01 0.14845E-04 0.81705E-02 0.18141E-04 0.27791E+04 0.13160E+02
43872. 0.1 534428.0   1221.1 0.1005750E+01 0.15044E-04 0.81881E-02 0.17931E-04 0.28669E+04 0.13149E+02
43874. 0.1 507115.0   1194.4 0.1005740E+01 0.15056E-04 0.81860E-02 0.19100E-04 0.26982E+04 0.13083E+02
43875. 0.1 502340.0   1184.4 0.1005770E+01 0.15501E-04 0.81835E-02 0.18371E-04 0.26782E+04 0.12759E+02
43876. 0.1 471378.0   1146.3 0.1005880E+01 0.16005E-04 0.81878E-02 0.19099E-04 0.25159E+04 0.12352E+02
43877. 0.1 525293.0   1211.6 0.1005900E+01 0.15147E-04 0.81710E-02 0.18062E-04 0.28225E+04 0.13091E+02
43878. 0.1   1254.3     60.1 0.1008870E+01 0.31559E-03 0.82240E-02 0.37762E-03 0.64305E+01 0.65864E+00
43879. 0.1 460218.0   1136.2 0.1005890E+01 0.16235E-04 0.81898E-02 0.19340E-04 0.24785E+04 0.12234E+02
43880. 0.1 489918.0   1147.6 0.1005890E+01 0.15408E-04 0.82229E-02 0.18215E-04 0.26243E+04 0.12383E+02
43881. 0.1 461645.0   1141.9 0.1005960E+01 0.16271E-04 0.82252E-02 0.19342E-04 0.24652E+04 0.12320E+02
43882. 0.1 573595.0   1278.9 0.1005880E+01 0.14342E-04 0.82561E-02 0.17736E-04 0.31008E+04 0.14059E+02
43883. 0.1 514763.0   1207.4 0.1005830E+01 0.15404E-04 0.82076E-02 0.18444E-04 0.27983E+04 0.13052E+02
43884. 0.1 520808.0   1208.8 0.1005840E+01 0.15347E-04 0.82584E-02 0.18201E-04 0.27524E+04 0.12976E+02
43885. 0.1 551228.0   1250.7 0.1005810E+01 0.14921E-04 0.82523E-02 0.17794E-04 0.29311E+04 0.13498E+02
43886. 0.1 547849.0   1248.9 0.1005830E+01 0.14965E-04 0.82387E-02 0.17866E-04 0.29307E+04 0.13505E+02
43887. 0.1 137970.0    624.7 0.1006110E+01 0.30001E-04 0.82808E-02 0.35906E-04 0.74084E+03 0.67154E+01
43888. 0.1 542685.0   1230.6 0.1006250E+01 0.14948E-04 0.81933E-02 0.17773E-04 0.29244E+04 0.13234E+02
43889. 0.1 459003.0   1138.8 0.1006230E+01 0.16339E-04 0.82378E-02 0.19486E-04 0.24423E+04 0.12280E+02
43890. 0.1 482094.0   1161.7 0.1006210E+01 0.15913E-04 0.82142E-02 0.18853E-04 0.25862E+04 0.12465E+02
43891. 0.1 454275.0   1130.8 0.1006210E+01 0.16470E-04 0.82551E-02 0.19570E-04 0.24253E+04 0.12160E+02
43892. 0.1 487198.0   1164.2 0.1006170E+01 0.15773E-04 0.81875E-02 0.18682E-04 0.26192E+04 0.12493E+02
43894. 0.1 483537.0   1140.1 0.1006280E+01 0.15477E-04 0.82060E-02 0.18773E-04 0.25963E+04 0.12321E+02
43895. 0.1 455794.0   1128.1 0.1006260E+01 0.16391E-04 0.82423E-02 0.19421E-04 0.24069E+04 0.12089E+02
43896. 0.1 398107.0   1057.0 0.1006270E+01 0.17520E-04 0.82152E-02 0.20830E-04 0.21419E+04 0.11377E+02
43897. 0.1 515439.0   1202.8 0.1006220E+01 0.15395E-04 0.82277E-02 0.18343E-04 0.27437E+04 0.12939E+02
43901. 0.1 318320.0    925.8 0.1006170E+01 0.18998E-04 0.81810E-02 0.22812E-04 0.16987E+04 0.10033E+02
43902. 0.1 487026.0   1164.2 0.1006230E+01 0.15802E-04 0.82180E-02 0.18766E-04 0.25753E+04 0.12469E+02
43903. 0.1 566860.0   1259.0 0.1006210E+01 0.14672E-04 0.82429E-02 0.17472E-04 0.29816E+04 0.13498E+02
43904. 0.1 486251.0   1136.7 0.1006260E+01 0.15441E-04 0.82231E-02 0.18369E-04 0.25725E+04 0.12239E+02
43905. 0.1 489984.0   1168.6 0.1006210E+01 0.15734E-04 0.82021E-02 0.18685E-04 0.26085E+04 0.12553E+02
43906. 0.1 255835.0    844.3 0.1006210E+01 0.21812E-04 0.82134E-02 0.25764E-04 0.13572E+04 0.90353E+01
43981. 0.1 458784.0   1124.1 0.1006160E+01 0.16159E-04 0.81612E-02 0.19150E-04 0.24472E+04 0.12063E+02
43982. 0.1 217712.0    773.9 0.1006080E+01 0.23371E-04 0.80972E-02 0.27578E-04 0.11930E+04 0.83271E+01
43989. 0.1  32202.6    295.1 0.1006060E+01 0.60730E-04 0.81944E-02 0.71718E-04 0.16067E+03 0.31422E+01
43990. 0.1  86514.5    483.0 0.1006410E+01 0.36788E-04 0.80747E-02 0.43696E-04 0.46079E+03 0.51755E+01
43991. 0.1 170344.0    687.2 0.1006120E+01 0.26509E-04 0.81274E-02 0.31466E-04 0.92920E+03 0.73958E+01
44000. 0.1 287460.0    901.2 0.1005980E+01 0.19912E-04 0.81490E-02 0.24885E-04 0.15352E+04 0.98385E+01
44001. 0.1 313488.0    935.0 0.1005650E+01 0.19542E-04 0.81331E-02 0.23240E-04 0.17079E+04 0.10097E+02
44002. 0.1 227456.0    785.3 0.1007000E+01 0.22964E-04 0.81815E-02 0.27113E-04 0.11873E+04 0.83436E+01
44007. 0.1 200268.0    744.9 0.1006070E+01 0.24520E-04 0.81801E-02 0.29195E-04 0.10633E+04 0.79806E+01
44008. 0.1  87161.2    484.0 0.1005780E+01 0.36515E-04 0.80092E-02 0.42396E-04 0.47869E+03 0.51652E+01
44010. 0.1 319751.0    939.6 0.1005840E+01 0.19275E-04 0.81496E-02 0.22940E-04 0.16820E+04 0.10111E+02
44011. 0.1 226631.0    791.4 0.1005680E+01 0.22815E-04 0.80768E-02 0.26995E-04 0.12422E+04 0.85383E+01
44012. 0.1 399051.0   1044.3 0.1005600E+01 0.16830E-04 0.81185E-02 0.20843E-04 0.21399E+04 0.11386E+02
44014. 0.1 141779.0    618.8 0.1005680E+01 0.28149E-04 0.81037E-02 0.34243E-04 0.75684E+03 0.67389E+01
44017. 0.1 279441.0    877.5 0.1005420E+01 0.20583E-04 0.80974E-02 0.24391E-04 0.15202E+04 0.94567E+01
44018. 0.1 257390.0    851.7 0.1004500E+01 0.21625E-04 0.81810E-02 0.25738E-04 0.13788E+04 0.92345E+01
44019. 0.1 314646.0    932.7 0.1004640E+01 0.19114E-04 0.81730E-02 0.23239E-04 0.16882E+04 0.10228E+02
44020. 0.1 569173.0   1238.7 0.1005210E+01 0.14156E-04 0.81455E-02 0.16957E-04 0.30796E+04 0.13503E+02
44021. 0.1 514956.0   1201.4 0.1005300E+01 0.15251E-04 0.81569E-02 0.18206E-04 0.27537E+04 0.13011E+02
44022. 0.1  68981.7    437.8 0.1005380E+01 0.41304E-04 0.80519E-02 0.49140E-04 0.38365E+03 0.47375E+01
44023. 0.1 457800.0   1133.8 0.1004960E+01 0.16193E-04 0.81505E-02 0.19180E-04 0.24754E+04 0.12288E+02
44025. 0.1 391407.0   1043.6 0.1005490E+01 0.17522E-04 0.81565E-02 0.20768E-04 0.21192E+04 0.11239E+02
44036. 0.1   2415.4     81.3 0.1005730E+01 0.22549E-03 0.85439E-02 0.28637E-03 0.10112E+02 0.87271E+00
44038. 0.1 173550.0    698.1 0.1005580E+01 0.26439E-04 0.81954E-02 0.31581E-04 0.93245E+03 0.75347E+01
44043. 0.1 421760.0   1082.5 0.1005710E+01 0.16878E-04 0.81576E-02 0.19916E-04 0.22745E+04 0.11646E+02
44044. 0.1 498550.0   1180.9 0.1005720E+01 0.15531E-04 0.81451E-02 0.18457E-04 0.27206E+04 0.12760E+02
44045. 0.1 223444.0    787.1 0.1005800E+01 0.23178E-04 0.81689E-02 0.27526E-04 0.11918E+04 0.84552E+01
44046. 0.1 388434.0   1046.6 0.1005940E+01 0.17746E-04 0.82224E-02 0.21204E-04 0.20924E+04 0.11269E+02
44047. 0.1 550374.0   1236.3 0.1005840E+01 0.14775E-04 0.81435E-02 0.17483E-04 0.30130E+04 0.13308E+02
44048. 0.1 450650.0   1126.3 0.1005870E+01 0.16396E-04 0.81810E-02 0.19474E-04 0.24320E+04 0.12153E+02
44049. 0.1 278340.0    882.9 0.1006020E+01 0.20848E-04 0.81763E-02 0.24910E-04 0.15068E+04 0.95235E+01
44050. 0.1 474481.0   1130.4 0.1005760E+01 0.15499E-04 0.81447E-02 0.18369E-04 0.25534E+04 0.12331E+02
44051. 0.1 360685.0   1002.3 0.1005730E+01 0.17746E-04 0.81157E-02 0.22053E-04 0.19715E+04 0.11048E+02
44052. 0.1 529059.0   1215.5 0.1005750E+01 0.15074E-04 0.81501E-02 0.17894E-04 0.28688E+04 0.13103E+02
44055. 0.1 531773.0   1217.4 0.1006160E+01 0.15065E-04 0.81779E-02 0.17871E-04 0.28387E+04 0.13088E+02
44056. 0.1 529226.0   1214.7 0.1005990E+01 0.15079E-04 0.81569E-02 0.17926E-04 0.28602E+04 0.13098E+02
44057. 0.1 393309.0   1040.7 0.1006030E+01 0.17406E-04 0.81333E-02 0.20618E-04 0.21004E+04 0.11155E+02
44058. 0.1 530813.0   1215.9 0.1006000E+01 0.15024E-04 0.81492E-02 0.17949E-04 0.28546E+04 0.13111E+02
44059. 0.1 336362.0    965.2 0.1005790E+01 0.18562E-04 0.82001E-02 0.22776E-04 0.18108E+04 0.10483E+02
44060. 0.1 307726.0    923.5 0.1006250E+01 0.19754E-04 0.81590E-02 0.23444E-04 0.16455E+04 0.99089E+01
44061. 0.1 361619.0    991.7 0.1006010E+01 0.17741E-04 0.81451E-02 0.21354E-04 0.19437E+04 0.10784E+02
44062. 0.1 109811.0    554.1 0.1006020E+01 0.33319E-04 0.82311E-02 0.39758E-04 0.58024E+03 0.59594E+01
44063. 0.1 255179.0    823.2 0.1006060E+01 0.21113E-04 0.81361E-02 0.25519E-04 0.13751E+04 0.89086E+01
44064. 0.1 141095.0    616.4 0.1006130E+01 0.28746E-04 0.80351E-02 0.33638E-04 0.76588E+03 0.65927E+01
44065. 0.1 140155.0    622.3 0.1006030E+01 0.29189E-04 0.81244E-02 0.34651E-04 0.76064E+03 0.67035E+01
44066. 0.1 170007.0    679.9 0.1006070E+01 0.25775E-04 0.81208E-02 0.31513E-04 0.91212E+03 0.73729E+01
44067. 0.1 141145.0    621.1 0.1006040E+01 0.28998E-04 0.81186E-02 0.34086E-04 0.75313E+03 0.66576E+01
44068. 0.1 336132.0    964.5 0.1006080E+01 0.18917E-04 0.81648E-02 0.22384E-04 0.18012E+04 0.10359E+02
44069. 0.1 311662.0    925.2 0.1006030E+01 0.19574E-04 0.81408E-02 0.23215E-04 0.16699E+04 0.99094E+01
44072. 0.1 221095.0    781.9 0.1006180E+01 0.23314E-04 0.81614E-02 0.27715E-04 0.11856E+04 0.83798E+01
44073. 0.1 443468.0   1112.1 0.1006140E+01 0.16534E-04 0.82019E-02 0.19618E-04 0.23543E+04 0.11945E+02
44074. 0.1 276295.0    865.1 0.1005970E+01 0.20339E-04 0.81450E-02 0.24771E-04 0.14988E+04 0.94335E+01
44075. 0.1 274711.0    877.0 0.1005950E+01 0.20453E-04 0.81624E-02 0.25815E-04 0.14935E+04 0.96694E+01
44076. 0.1 357270.0    997.8 0.1005890E+01 0.18338E-04 0.81567E-02 0.21801E-04 0.19308E+04 0.10748E+02
44077. 0.1 470657.0   1132.7 0.1005800E+01 0.15618E-04 0.81774E-02 0.18954E-04 0.25168E+04 0.12234E+02
44078. 0.1 500435.0   1181.6 0.1005870E+01 0.15559E-04 0.81874E-02 0.18427E-04 0.27022E+04 0.12695E+02
44079. 0.1 442928.0   1111.8 0.1005870E+01 0.16513E-04 0.81737E-02 0.19625E-04 0.24039E+04 0.11983E+02
44080. 0.1 475139.0   1152.1 0.1005920E+01 0.15924E-04 0.81750E-02 0.18930E-04 0.25533E+04 0.12425E+02
44081. 0.1 246273.0    820.0 0.1005670E+01 0.21782E-04 0.82302E-02 0.26473E-04 0.13275E+04 0.88629E+01
44082. 0.1 389893.0   1033.1 0.1005670E+01 0.17206E-04 0.81795E-02 0.20653E-04 0.21120E+04 0.11286E+02
44083. 0.1 414317.0   1078.7 0.1005850E+01 0.17145E-04 0.82116E-02 0.20396E-04 0.22320E+04 0.11625E+02
44084. 0.1 527345.0   1212.2 0.1005870E+01 0.15106E-04 0.81480E-02 0.17912E-04 0.28902E+04 0.13058E+02
44085. 0.1 421969.0   1082.0 0.1005920E+01 0.16537E-04 0.81941E-02 0.20306E-04 0.22632E+04 0.11809E+02
44086. 0.1 387392.0   1041.4 0.1005860E+01 0.17649E-04 0.81700E-02 0.20953E-04 0.20995E+04 0.11230E+02
44087. 0.1 166508.0    673.0 0.1005780E+01 0.26344E-04 0.81866E-02 0.31372E-04 0.89757E+03 0.73056E+01
44088. 0.1 104355.0    538.3 0.1006270E+01 0.33958E-04 0.81631E-02 0.40459E-04 0.56127E+03 0.57964E+01
44089. 0.1  25180.5    267.1 0.1005990E+01 0.69357E-04 0.81764E-02 0.84118E-04 0.13729E+03 0.28881E+01
44090. 0.1 332825.0    967.4 0.1005710E+01 0.19143E-04 0.82187E-02 0.22765E-04 0.17812E+04 0.10418E+02
44091. 0.1 336030.0    967.7 0.1005710E+01 0.18914E-04 0.81665E-02 0.22487E-04 0.18082E+04 0.10438E+02
44092. 0.1 195980.0    741.1 0.1005800E+01 0.24911E-04 0.82020E-02 0.29617E-04 0.10616E+04 0.79811E+01
44093. 0.1 221327.0    785.5 0.1005920E+01 0.22763E-04 0.81458E-02 0.28156E-04 0.12158E+04 0.86152E+01
44094. 0.1 142501.0    623.4 0.1005920E+01 0.28387E-04 0.81850E-02 0.34782E-04 0.75222E+03 0.67367E+01
44095. 0.1 249166.0    832.5 0.1005940E+01 0.21568E-04 0.82025E-02 0.26485E-04 0.13461E+04 0.90795E+01
44096. 0.1 219533.0    782.8 0.1005930E+01 0.23327E-04 0.81208E-02 0.27815E-04 0.12040E+04 0.84598E+01
44097. 0.1 138931.0    614.9 0.1005950E+01 0.28895E-04 0.82161E-02 0.34707E-04 0.74023E+03 0.66859E+01
44098. 0.1 166200.0    680.1 0.1005980E+01 0.26962E-04 0.81790E-02 0.31681E-04 0.88537E+03 0.72989E+01
44099. 0.1 163195.0    674.3 0.1005780E+01 0.27150E-04 0.81547E-02 0.31859E-04 0.88222E+03 0.72610E+01
44101. 0.1   3811.5     99.6 0.1005910E+01 0.17361E-03 0.81220E-02 0.20815E-03 0.18587E+02 0.10450E+01
44102. 0.1   2073.9     72.4 0.1006360E+01 0.23774E-03 0.82105E-02 0.27143E-03 0.96192E+01 0.74885E+00
44103. 0.1 248118.0    825.0 0.1005840E+01 0.21529E-04 0.81923E-02 0.25988E-04 0.13165E+04 0.89170E+01
44104. 0.1 138287.0    617.1 0.1005820E+01 0.29175E-04 0.80550E-02 0.34446E-04 0.76776E+03 0.66714E+01
44105. 0.1 137265.0    618.8 0.1005840E+01 0.29514E-04 0.81386E-02 0.35086E-04 0.73850E+03 0.66799E+01
44106. 0.1 192165.0    730.4 0.1005800E+01 0.24975E-04 0.81690E-02 0.29606E-04 0.10188E+04 0.78663E+01
44107. 0.1 224401.0    790.0 0.1005780E+01 0.23098E-04 0.81457E-02 0.27517E-04 0.12157E+04 0.85138E+01
44111. 0.1 128411.0    578.0 0.1007550E+01 0.30141E-04 0.80720E-02 0.35235E-04 0.66779E+03 0.60820E+01
44112. 0.1 151930.0    639.5 0.1007600E+01 0.28174E-04 0.82030E-02 0.33182E-04 0.78240E+03 0.67641E+01
44113. 0.1 176104.0    685.7 0.1007540E+01 0.26064E-04 0.81721E-02 0.30590E-04 0.90868E+03 0.72456E+01
44114. 0.1 197350.0    720.0 0.1007470E+01 0.24494E-04 0.81173E-02 0.28549E-04 0.10323E+04 0.75869E+01
44115. 0.1 178267.0    688.5 0.1007730E+01 0.25855E-04 0.81574E-02 0.30446E-04 0.92253E+03 0.72629E+01
44116. 0.1 153652.0    642.1 0.1007610E+01 0.27911E-04 0.81993E-02 0.33045E-04 0.77258E+03 0.67966E+01
44117. 0.1  34148.6    300.9 0.1007770E+01 0.59712E-04 0.82523E-02 0.69285E-04 0.17286E+03 0.31426E+01
44118. 0.1 151799.0    635.7 0.1007630E+01 0.27934E-04 0.81157E-02 0.32793E-04 0.79624E+03 0.67270E+01
44119. 0.1 197332.0    725.3 0.1007710E+01 0.24702E-04 0.82077E-02 0.29024E-04 0.10053E+04 0.76418E+01
44120. 0.1 219158.0    766.5 0.1007600E+01 0.23405E-04 0.81811E-02 0.27755E-04 0.11343E+04 0.81086E+01
44121. 0.1 174829.0    683.2 0.1007700E+01 0.26264E-04 0.82076E-02 0.30878E-04 0.89622E+03 0.72057E+01
44122. 0.1 241167.0    801.4 0.1007660E+01 0.22306E-04 0.81723E-02 0.26082E-04 0.12532E+04 0.84468E+01
44123. 0.1 109469.0    536.7 0.1007710E+01 0.32777E-04 0.80747E-02 0.38282E-04 0.58168E+03 0.56592E+01
44124. 0.1 218290.0    765.7 0.1007740E+01 0.23535E-04 0.82031E-02 0.27507E-04 0.11268E+04 0.80739E+01
44125. 0.1  64815.0    416.2 0.1008320E+01 0.43457E-04 0.82782E-02 0.51517E-04 0.32567E+03 0.43538E+01
44126. 0.1 107507.0    534.1 0.1007900E+01 0.33396E-04 0.81776E-02 0.39430E-04 0.55570E+03 0.56034E+01
44127. 0.1 282808.0    873.8 0.1007930E+01 0.20789E-04 0.82598E-02 0.24472E-04 0.14398E+04 0.92035E+01
44128. 0.1 192606.0    717.8 0.1008000E+01 0.25163E-04 0.82467E-02 0.29592E-04 0.98594E+03 0.75408E+01
44129. 0.1 149328.0    629.3 0.1008280E+01 0.28402E-04 0.81726E-02 0.33196E-04 0.78016E+03 0.66062E+01
44130. 0.1 301242.0    898.3 0.1008270E+01 0.20107E-04 0.82229E-02 0.23627E-04 0.15607E+04 0.94469E+01
44131. 0.1 350618.0    967.1 0.1008460E+01 0.18726E-04 0.82680E-02 0.22015E-04 0.17947E+04 0.10104E+02
44132. 0.1 387535.0   1018.4 0.1007980E+01 0.17717E-04 0.82303E-02 0.20849E-04 0.19926E+04 0.10717E+02
44133. 0.1 407350.0   1043.1 0.1007970E+01 0.17220E-04 0.82022E-02 0.20210E-04 0.21045E+04 0.10969E+02
