    1.100    0.400    0.854   -0.875   22.500   -0.4390    0.2300   15.0000   28.0000    0.1700  1  2
    1.100    0.400    0.854   -0.875   67.500    0.1300    0.1020  110.0000   92.0000    0.4050  1  2
    1.100    0.400    0.854   -0.875  112.500    0.0583    0.0910  132.0000  122.0000    0.7530  1  2
    1.100    0.400    0.854   -0.875  157.500    0.0852    0.0906  136.0000  121.0000    1.0100  1  2
    1.100    0.400    0.854   -0.875  202.500    0.0104    0.0891  133.0000  131.0000    1.0100  1  2
    1.100    0.400    0.854   -0.875  247.500   -0.1040    0.0941  111.0000  128.0000    0.7530  1  2
    1.100    0.400    0.854   -0.875  292.500   -0.1580    0.1020   91.0000  113.0000    0.4050  1  2
    1.100    0.400    0.854   -0.875  337.500   -0.5610    0.2220   15.0000   34.0000    0.1700  1  2
    1.100    0.400    0.854   -0.625   22.500    0.0757    0.1490   50.0000   45.0000    0.2120  1  2
    1.100    0.400    0.854   -0.625   67.500    0.0509    0.0901  134.0000  125.0000    0.5610  1  2
    1.100    0.400    0.854   -0.625  112.500    0.1130    0.0778  188.0000  161.0000    1.1100  1  2
    1.100    0.400    0.854   -0.625  157.500   -0.0512    0.0732  189.0000  203.0000    1.5400  1  2
    1.100    0.400    0.854   -0.625  202.500    0.0245    0.0720  206.0000  199.0000    1.5400  1  2
    1.100    0.400    0.854   -0.625  247.500   -0.1900    0.0777  154.0000  200.0000    1.1100  1  2
    1.100    0.400    0.854   -0.625  292.500   -0.0594    0.0925  118.0000  128.0000    0.5610  1  2
    1.100    0.400    0.854   -0.625  337.500   -0.2640    0.1520   38.0000   55.0000    0.2120  1  2
    1.100    0.400    0.854   -0.375   22.500    0.1220    0.1220   77.0000   65.0000    0.3280  1  2
    1.100    0.400    0.854   -0.375   67.500    0.1070    0.0787  183.0000  158.0000    0.7190  1  2
    1.100    0.400    0.854   -0.375  112.500   -0.0200    0.0652  244.0000  251.0000    1.3700  1  2
    1.100    0.400    0.854   -0.375  157.500   -0.0400    0.0584  299.0000  316.0000    1.9000  1  2
    1.100    0.400    0.854   -0.375  202.500   -0.0504    0.0590  291.0000  312.0000    1.9000  1  2
    1.100    0.400    0.854   -0.375  247.500   -0.0433    0.0642  247.0000  262.0000    1.3700  1  2
    1.100    0.400    0.854   -0.375  292.500   -0.0557    0.0752  179.0000  193.0000    0.7190  1  2
    1.100    0.400    0.854   -0.375  337.500    0.0115    0.1260   67.0000   66.0000    0.3280  1  2
    1.100    0.400    0.854   -0.125   22.500   -0.2940    0.1110   71.0000  107.0000    0.4630  1  2
    1.100    0.400    0.854   -0.125   67.500    0.0294    0.0723  205.0000  197.0000    0.8620  1  2
    1.100    0.400    0.854   -0.125  112.500   -0.0775    0.0596  281.0000  313.0000    1.5600  1  2
    1.100    0.400    0.854   -0.125  157.500   -0.0174    0.0562  328.0000  336.0000    2.1500  1  2
    1.100    0.400    0.854   -0.125  202.500   -0.1170    0.0552  319.0000  375.0000    2.1500  1  2
    1.100    0.400    0.854   -0.125  247.500    0.0164    0.0593  302.0000  295.0000    1.5600  1  2
    1.100    0.400    0.854   -0.125  292.500   -0.0069    0.0677  228.0000  230.0000    0.8620  1  2
    1.100    0.400    0.854   -0.125  337.500    0.0006    0.1090   88.0000   88.0000    0.4630  1  2
    1.100    0.400    0.854    0.125   22.500    0.0351    0.1020  104.0000   99.0000    0.6110  1  2
    1.100    0.400    0.854    0.125   67.500    0.0135    0.0684  226.0000  222.0000    1.0000  1  2
    1.100    0.400    0.854    0.125  112.500   -0.0203    0.0571  317.0000  326.0000    1.7100  1  2
    1.100    0.400    0.854    0.125  157.500   -0.0465    0.0519  377.0000  402.0000    2.3200  1  2
    1.100    0.400    0.854    0.125  202.500    0.0121    0.0542  361.0000  355.0000    2.3200  1  2
    1.100    0.400    0.854    0.125  247.500   -0.0364    0.0574  311.0000  327.0000    1.7100  1  2
    1.100    0.400    0.854    0.125  292.500    0.0232    0.0657  248.0000  240.0000    1.0000  1  2
    1.100    0.400    0.854    0.125  337.500   -0.0055    0.0942  118.0000  119.0000    0.6110  1  2
    1.100    0.400    0.854    0.375   22.500   -0.0830    0.0964  107.0000  120.0000    0.7850  1  2
    1.100    0.400    0.854    0.375   67.500   -0.0046    0.0614  277.0000  279.0000    1.1500  1  2
    1.100    0.400    0.854    0.375  112.500   -0.0239    0.0543  349.0000  361.0000    1.8200  1  2
    1.100    0.400    0.854    0.375  157.500   -0.0286    0.0509  398.0000  414.0000    2.4000  1  2
    1.100    0.400    0.854    0.375  202.500   -0.0252    0.0530  367.0000  380.0000    2.4000  1  2
    1.100    0.400    0.854    0.375  247.500    0.0486    0.0545  366.0000  342.0000    1.8200  1  2
    1.100    0.400    0.854    0.375  292.500   -0.0006    0.0617  275.0000  275.0000    1.1500  1  2
    1.100    0.400    0.854    0.375  337.500   -0.0338    0.0988  105.0000  110.0000    0.7850  1  2
    1.100    0.400    0.854    0.625   22.500    0.0220    0.1030  100.0000   97.0000    1.0100  1  2
    1.100    0.400    0.854    0.625   67.500    0.0006    0.0635  261.0000  261.0000    1.3300  1  2
    1.100    0.400    0.854    0.625  112.500   -0.0484    0.0568  315.0000  337.0000    1.9000  1  2
    1.100    0.400    0.854    0.625  157.500   -0.0387    0.0543  346.0000  365.0000    2.4000  1  2
    1.100    0.400    0.854    0.625  202.500   -0.0494    0.0546  340.0000  364.0000    2.4000  1  2
    1.100    0.400    0.854    0.625  247.500   -0.0326    0.0557  331.0000  346.0000    1.9000  1  2
    1.100    0.400    0.854    0.625  292.500    0.0512    0.0597  305.0000  284.0000    1.3300  1  2
    1.100    0.400    0.854    0.625  337.500    0.0435    0.1020  103.0000   97.0000    1.0100  1  2
    1.100    0.400    0.854    0.875   22.500   -0.1580    0.1290   57.0000   71.0000    1.3700  1  2
    1.100    0.400    0.854    0.875   67.500    0.0112    0.0716  206.0000  203.0000    1.5900  1  2
    1.100    0.400    0.854    0.875  112.500   -0.0446    0.0657  236.0000  251.0000    1.9500  1  2
    1.100    0.400    0.854    0.875  157.500    0.0738    0.0628  281.0000  254.0000    2.2400  1  2
    1.100    0.400    0.854    0.875  202.500   -0.0546    0.0612  271.0000  292.0000    2.2400  1  2
    1.100    0.400    0.854    0.875  247.500   -0.0058    0.0651  247.0000  249.0000    1.9500  1  2
    1.100    0.400    0.854    0.875  292.500    0.0552    0.0671  243.0000  225.0000    1.5900  1  2
    1.100    0.400    0.854    0.875  337.500    0.0528    0.1380   57.0000   53.0000    1.3700  1  2
    1.140    0.400    0.839   -0.875   22.500   -0.0104    0.0683  223.0000  227.0000    2.3500  1  2
    1.140    0.400    0.839   -0.875   67.500    0.0428    0.0407  649.0000  619.0000    2.8900  1  2
    1.140    0.400    0.839   -0.875  112.500    0.0170    0.0433  561.0000  556.0000    3.2900  1  2
    1.140    0.400    0.839   -0.875  157.500    0.0619    0.0446  550.0000  509.0000    3.3000  1  2
    1.140    0.400    0.839   -0.875  202.500   -0.0204    0.0441  535.0000  546.0000    3.3000  1  2
    1.140    0.400    0.839   -0.875  247.500   -0.0079    0.0430  566.0000  564.0000    3.2900  1  2
    1.140    0.400    0.839   -0.875  292.500   -0.0317    0.0412  611.0000  631.0000    2.8900  1  2
    1.140    0.400    0.839   -0.875  337.500   -0.0781    0.0677  218.0000  242.0000    2.3500  1  2
    1.140    0.400    0.839   -0.625   22.500   -0.0063    0.0459  496.0000  501.0000    2.9300  1  2
    1.140    0.400    0.839   -0.625   67.500    0.0423    0.0336  951.0000  901.0000    4.0700  1  2
    1.140    0.400    0.839   -0.625  112.500    0.0323    0.0346  892.0000  857.0000    4.7700  1  2
    1.140    0.400    0.839   -0.625  157.500   -0.0052    0.0341  903.0000  911.0000    4.6100  1  2
    1.140    0.400    0.839   -0.625  202.500    0.0354    0.0336  954.0000  907.0000    4.6100  1  2
    1.140    0.400    0.839   -0.625  247.500   -0.0186    0.0349  849.0000  867.0000    4.7700  1  2
    1.140    0.400    0.839   -0.625  292.500   -0.0357    0.0335  916.0000  958.0000    4.0700  1  2
    1.140    0.400    0.839   -0.625  337.500   -0.0562    0.0442  517.0000  558.0000    2.9300  1  2
    1.140    0.400    0.839   -0.375   22.500    0.0442    0.0413  634.0000  598.0000    3.3000  1  2
    1.140    0.400    0.839   -0.375   67.500    0.0457    0.0303 1178.0000 1111.0000    4.8200  1  2
    1.140    0.400    0.839   -0.375  112.500   -0.0031    0.0323 1002.0000 1009.0000    5.7800  1  2
    1.140    0.400    0.839   -0.375  157.500    0.0393    0.0299 1206.0000 1142.0000    5.6200  1  2
    1.140    0.400    0.839   -0.375  202.500   -0.0067    0.0301 1155.0000 1166.0000    5.6200  1  2
    1.140    0.400    0.839   -0.375  247.500   -0.0387    0.0314 1040.0000 1094.0000    5.7800  1  2
    1.140    0.400    0.839   -0.375  292.500   -0.0365    0.0304 1104.0000 1156.0000    4.8200  1  2
    1.140    0.400    0.839   -0.375  337.500   -0.0246    0.0407  624.0000  644.0000    3.3000  1  2
    1.140    0.400    0.839   -0.125   22.500    0.0033    0.0401  651.0000  650.0000    3.4500  1  2
    1.140    0.400    0.839   -0.125   67.500    0.0254    0.0303 1166.0000 1131.0000    5.1900  1  2
    1.140    0.400    0.839   -0.125  112.500    0.0226    0.0312 1099.0000 1068.0000    6.4100  1  2
    1.140    0.400    0.839   -0.125  157.500    0.0162    0.0280 1359.0000 1330.0000    6.4000  1  2
    1.140    0.400    0.839   -0.125  202.500   -0.0027    0.0278 1348.0000 1352.0000    6.4000  1  2
    1.140    0.400    0.839   -0.125  247.500   -0.0013    0.0316 1050.0000 1049.0000    6.4100  1  2
    1.140    0.400    0.839   -0.125  292.500   -0.0323    0.0303 1122.0000 1168.0000    5.1900  1  2
    1.140    0.400    0.839   -0.125  337.500    0.0010    0.0391  686.0000  683.0000    3.4500  1  2
    1.140    0.400    0.839    0.125   22.500    0.0400    0.0377  756.0000  719.0000    3.4600  1  2
    1.140    0.400    0.839    0.125   67.500    0.0332    0.0299 1200.0000 1150.0000    5.2700  1  2
    1.140    0.400    0.839    0.125  112.500    0.0098    0.0307 1117.0000 1104.0000    6.7000  1  2
    1.140    0.400    0.839    0.125  157.500    0.0255    0.0268 1482.0000 1432.0000    6.9200  1  2
    1.140    0.400    0.839    0.125  202.500    0.0307    0.0268 1492.0000 1429.0000    6.9200  1  2
    1.140    0.400    0.839    0.125  247.500   -0.0499    0.0310 1055.0000 1128.0000    6.7000  1  2
    1.140    0.400    0.839    0.125  292.500   -0.0509    0.0300 1126.0000 1204.0000    5.2700  1  2
    1.140    0.400    0.839    0.125  337.500   -0.0186    0.0393  673.0000  687.0000    3.4600  1  2
    1.140    0.400    0.839    0.375   22.500    0.0297    0.0388  707.0000  682.0000    3.4300  1  2
    1.140    0.400    0.839    0.375   67.500    0.0030    0.0303 1147.0000 1146.0000    5.1400  1  2
    1.140    0.400    0.839    0.375  112.500   -0.0719    0.0312 1025.0000 1134.0000    6.6900  1  2
    1.140    0.400    0.839    0.375  157.500    0.0565    0.0270 1505.0000 1392.0000    7.1600  1  2
    1.140    0.400    0.839    0.375  202.500   -0.0049    0.0267 1474.0000 1484.0000    7.1600  1  2
    1.140    0.400    0.839    0.375  247.500    0.0155    0.0306 1133.0000 1107.0000    6.6900  1  2
    1.140    0.400    0.839    0.375  292.500   -0.0678    0.0299 1130.0000 1237.0000    5.1400  1  2
    1.140    0.400    0.839    0.375  337.500   -0.0520    0.0387  680.0000  727.0000    3.4300  1  2
    1.140    0.400    0.839    0.625   22.500   -0.0186    0.0401  644.0000  663.0000    3.5100  1  2
    1.140    0.400    0.839    0.625   67.500    0.0541    0.0307 1155.0000 1074.0000    4.9400  1  2
    1.140    0.400    0.839    0.625  112.500    0.0186    0.0310 1103.0000 1076.0000    6.4000  1  2
    1.140    0.400    0.839    0.625  157.500    0.0188    0.0274 1412.0000 1377.0000    7.0300  1  2
    1.140    0.400    0.839    0.625  202.500    0.0455    0.0272 1461.0000 1371.0000    7.0300  1  2
    1.140    0.400    0.839    0.625  247.500    0.0115    0.0304 1147.0000 1128.0000    6.4000  1  2
    1.140    0.400    0.839    0.625  292.500    0.0372    0.0303 1176.0000 1115.0000    4.9400  1  2
    1.140    0.400    0.839    0.625  337.500   -0.0532    0.0396  649.0000  696.0000    3.5100  1  2
    1.140    0.400    0.839    0.875   22.500   -0.0152    0.0491  429.0000  440.0000    4.0000  1  2
    1.140    0.400    0.839    0.875   67.500   -0.0126    0.0343  878.0000  896.0000    4.8200  1  2
    1.140    0.400    0.839    0.875  112.500    0.0262    0.0342  917.0000  886.0000    5.8100  1  2
    1.140    0.400    0.839    0.875  157.500    0.0496    0.0335  969.0000  905.0000    6.3700  1  2
    1.140    0.400    0.839    0.875  202.500   -0.0174    0.0325  987.0000 1011.0000    6.3700  1  2
    1.140    0.400    0.839    0.875  247.500   -0.0322    0.0330  944.0000  985.0000    5.8100  1  2
    1.140    0.400    0.839    0.875  292.500    0.0229    0.0338  940.0000  908.0000    4.8200  1  2
    1.140    0.400    0.839    0.875  337.500   -0.0245    0.0488  435.0000  448.0000    4.0000  1  2
    1.180    0.400    0.821   -0.875   22.500   -0.0096    0.0226 2020.0000 2067.0000    9.0600  1  2
    1.180    0.400    0.821   -0.875   67.500    0.0723    0.0225 2171.0000 1984.0000   10.4000  1  2
    1.180    0.400    0.821   -0.875  112.500    0.0403    0.0238 1899.0000 1828.0000    9.8600  1  2
    1.180    0.400    0.821   -0.875  157.500    0.0128    0.0261 1543.0000 1536.0000    7.7700  1  2
    1.180    0.400    0.821   -0.875  202.500   -0.0696    0.0264 1457.0000 1583.0000    7.7700  1  2
    1.180    0.400    0.821   -0.875  247.500   -0.0538    0.0242 1749.0000 1851.0000    9.8600  1  2
    1.180    0.400    0.821   -0.875  292.500   -0.0435    0.0229 1962.0000 2063.0000   10.4000  1  2
    1.180    0.400    0.821   -0.875  337.500   -0.0085    0.0229 2009.0000 2013.0000    9.0600  1  2
    1.180    0.400    0.821   -0.625   22.500    0.0464    0.0188 3034.0000 2852.0000   11.2000  1  2
    1.180    0.400    0.821   -0.625   67.500   -0.0021    0.0180 3270.0000 3277.0000   15.2000  1  2
    1.180    0.400    0.821   -0.625  112.500    0.0296    0.0200 2687.0000 2584.0000   14.8000  1  2
    1.180    0.400    0.821   -0.625  157.500    0.0433    0.0216 2311.0000 2189.0000   10.2000  1  2
    1.180    0.400    0.821   -0.625  202.500   -0.0614    0.0217 2133.0000 2309.0000   10.2000  1  2
    1.180    0.400    0.821   -0.625  247.500   -0.0239    0.0200 2579.0000 2661.0000   14.8000  1  2
    1.180    0.400    0.821   -0.625  292.500   -0.0301    0.0180 3189.0000 3327.0000   15.2000  1  2
    1.180    0.400    0.821   -0.625  337.500   -0.0355    0.0187 2924.0000 3064.0000   11.2000  1  2
    1.180    0.400    0.821   -0.375   22.500    0.0223    0.0181 3227.0000 3137.0000   12.1000  1  2
    1.180    0.400    0.821   -0.375   67.500    0.0370    0.0171 3667.0000 3482.0000   18.1000  1  2
    1.180    0.400    0.821   -0.375  112.500    0.0345    0.0204 2564.0000 2471.0000   18.2000  1  2
    1.180    0.400    0.821   -0.375  157.500    0.0068    0.0199 2656.0000 2641.0000   12.4000  1  2
    1.180    0.400    0.821   -0.375  202.500   -0.0336    0.0200 2567.0000 2679.0000   12.4000  1  2
    1.180    0.400    0.821   -0.375  247.500   -0.0665    0.0203 2470.0000 2679.0000   18.2000  1  2
    1.180    0.400    0.821   -0.375  292.500   -0.0352    0.0171 3513.0000 3691.0000   18.1000  1  2
    1.180    0.400    0.821   -0.375  337.500   -0.0130    0.0181 3162.0000 3211.0000   12.1000  1  2
    1.180    0.400    0.821   -0.125   22.500    0.0197    0.0181 3219.0000 3143.0000   12.0000  1  2
    1.180    0.400    0.821   -0.125   67.500    0.0104    0.0171 3593.0000 3542.0000   19.3000  1  2
    1.180    0.400    0.821   -0.125  112.500   -0.0041    0.0213 2306.0000 2319.0000   20.2000  1  2
    1.180    0.400    0.821   -0.125  157.500   -0.0079    0.0193 2801.0000 2837.0000   14.3000  1  2
    1.180    0.400    0.821   -0.125  202.500   -0.0016    0.0193 2838.0000 2839.0000   14.3000  1  2
    1.180    0.400    0.821   -0.125  247.500   -0.0358    0.0212 2291.0000 2407.0000   20.2000  1  2
    1.180    0.400    0.821   -0.125  292.500   -0.0015    0.0174 3466.0000 3473.0000   19.3000  1  2
    1.180    0.400    0.821   -0.125  337.500   -0.0130    0.0178 3279.0000 3327.0000   12.0000  1  2
    1.180    0.400    0.821    0.125   22.500    0.0181    0.0183 3190.0000 3122.0000   11.2000  1  2
    1.180    0.400    0.821    0.125   67.500    0.0417    0.0178 3383.0000 3191.0000   18.9000  1  2
    1.180    0.400    0.821    0.125  112.500    0.0290    0.0222 2171.0000 2086.0000   20.7000  1  2
    1.180    0.400    0.821    0.125  157.500   -0.0135    0.0193 2809.0000 2867.0000   15.6000  1  2
    1.180    0.400    0.821    0.125  202.500   -0.0343    0.0191 2788.0000 2918.0000   15.6000  1  2
    1.180    0.400    0.821    0.125  247.500   -0.0045    0.0223 2096.0000 2109.0000   20.7000  1  2
    1.180    0.400    0.821    0.125  292.500   -0.0022    0.0177 3334.0000 3347.0000   18.9000  1  2
    1.180    0.400    0.821    0.125  337.500   -0.0200    0.0180 3219.0000 3298.0000   11.2000  1  2
    1.180    0.400    0.821    0.375   22.500    0.0087    0.0186 3058.0000 3032.0000   10.1000  1  2
    1.180    0.400    0.821    0.375   67.500    0.0164    0.0184 3121.0000 3049.0000   17.4000  1  2
    1.180    0.400    0.821    0.375  112.500    0.0043    0.0228 2035.0000 2023.0000   19.8000  1  2
    1.180    0.400    0.821    0.375  157.500    0.0090    0.0190 2898.0000 2891.0000   16.1000  1  2
    1.180    0.400    0.821    0.375  202.500   -0.0052    0.0191 2858.0000 2850.0000   16.1000  1  2
    1.180    0.400    0.821    0.375  247.500    0.0225    0.0223 2134.0000 2069.0000   19.8000  1  2
    1.180    0.400    0.821    0.375  292.500   -0.0213    0.0184 3032.0000 3125.0000   17.4000  1  2
    1.180    0.400    0.821    0.375  337.500   -0.0146    0.0187 2959.0000 3009.0000   10.1000  1  2
    1.180    0.400    0.821    0.625   22.500    0.0303    0.0199 2721.0000 2616.0000    9.0700  1  2
    1.180    0.400    0.821    0.625   67.500    0.0081    0.0190 2922.0000 2918.0000   14.8000  1  2
    1.180    0.400    0.821    0.625  112.500    0.0051    0.0230 1982.0000 1968.0000   17.5000  1  2
    1.180    0.400    0.821    0.625  157.500   -0.0017    0.0187 3009.0000 3046.0000   15.6000  1  2
    1.180    0.400    0.821    0.625  202.500   -0.0271    0.0186 3015.0000 3099.0000   15.6000  1  2
    1.180    0.400    0.821    0.625  247.500    0.0210    0.0232 1990.0000 1933.0000   17.5000  1  2
    1.180    0.400    0.821    0.625  292.500   -0.0102    0.0191 2879.0000 2891.0000   14.8000  1  2
    1.180    0.400    0.821    0.625  337.500    0.0035    0.0200 2648.0000 2629.0000    9.0700  1  2
    1.180    0.400    0.821    0.875   22.500   -0.0082    0.0233 1913.0000 1941.0000    8.7500  1  2
    1.180    0.400    0.821    0.875   67.500   -0.0023    0.0220 2161.0000 2168.0000   11.6000  1  2
    1.180    0.400    0.821    0.875  112.500    0.0074    0.0248 1709.0000 1708.0000   13.7000  1  2
    1.180    0.400    0.821    0.875  157.500   -0.0070    0.0213 2288.0000 2312.0000   13.6000  1  2
    1.180    0.400    0.821    0.875  202.500   -0.0265    0.0212 2302.0000 2386.0000   13.6000  1  2
    1.180    0.400    0.821    0.875  247.500   -0.0005    0.0242 1801.0000 1785.0000   13.7000  1  2
    1.180    0.400    0.821    0.875  292.500   -0.0704    0.0217 2132.0000 2350.0000   11.6000  1  2
    1.180    0.400    0.821    0.875  337.500   -0.0009    0.0232 1963.0000 1959.0000    8.7500  1  2
    1.220    0.400    0.800   -0.875   22.500    0.0430    0.0170 3739.0000 3556.0000   13.7000  1  2
    1.220    0.400    0.800   -0.875   67.500    0.0710    0.0168 3876.0000 3582.0000   15.9000  1  2
    1.220    0.400    0.800   -0.875  112.500    0.0646    0.0183 3272.0000 3057.0000   14.2000  1  2
    1.220    0.400    0.800   -0.875  157.500    0.0659    0.0216 2345.0000 2194.0000    9.4400  1  2
    1.220    0.400    0.800   -0.875  202.500   -0.0332    0.0213 2276.0000 2325.0000    9.4400  1  2
    1.220    0.400    0.800   -0.875  247.500   -0.0426    0.0184 3035.0000 3151.0000   14.2000  1  2
    1.220    0.400    0.800   -0.875  292.500   -0.0307    0.0171 3536.0000 3619.0000   15.9000  1  2
    1.220    0.400    0.800   -0.875  337.500   -0.0229    0.0170 3622.0000 3704.0000   13.7000  1  2
    1.220    0.400    0.800   -0.625   22.500    0.0174    0.0136 5760.0000 5618.0000   17.7000  1  2
    1.220    0.400    0.800   -0.625   67.500    0.0349    0.0138 5678.0000 5406.0000   25.0000  1  2
    1.220    0.400    0.800   -0.625  112.500    0.0561    0.0165 3989.0000 3698.0000   22.8000  1  2
    1.220    0.400    0.800   -0.625  157.500    0.0306    0.0180 3304.0000 3217.0000   12.3000  1  2
    1.220    0.400    0.800   -0.625  202.500   -0.0278    0.0181 3150.0000 3223.0000   12.3000  1  2
    1.220    0.400    0.800   -0.625  247.500   -0.0751    0.0162 3785.0000 4191.0000   22.8000  1  2
    1.220    0.400    0.800   -0.625  292.500   -0.0455    0.0137 5432.0000 5789.0000   25.0000  1  2
    1.220    0.400    0.800   -0.625  337.500   -0.0368    0.0134 5664.0000 5964.0000   17.7000  1  2
    1.220    0.400    0.800   -0.375   22.500    0.0071    0.0129 6368.0000 6295.0000   19.4000  1  2
    1.220    0.400    0.800   -0.375   67.500    0.0452    0.0134 6003.0000 5687.0000   30.6000  1  2
    1.220    0.400    0.800   -0.375  112.500    0.0319    0.0180 3319.0000 3176.0000   28.9000  1  2
    1.220    0.400    0.800   -0.375  157.500    0.0228    0.0177 3378.0000 3292.0000   15.2000  1  2
    1.220    0.400    0.800   -0.375  202.500    0.0021    0.0177 3395.0000 3366.0000   15.2000  1  2
    1.220    0.400    0.800   -0.375  247.500   -0.0355    0.0175 3346.0000 3514.0000   28.9000  1  2
    1.220    0.400    0.800   -0.375  292.500   -0.0423    0.0134 5732.0000 6027.0000   30.6000  1  2
    1.220    0.400    0.800   -0.375  337.500   -0.0325    0.0129 6163.0000 6457.0000   19.4000  1  2
    1.220    0.400    0.800   -0.125   22.500    0.0162    0.0126 6713.0000 6558.0000   19.4000  1  2
    1.220    0.400    0.800   -0.125   67.500    0.0077    0.0136 5746.0000 5680.0000   33.0000  1  2
    1.220    0.400    0.800   -0.125  112.500    0.0267    0.0181 3240.0000 3123.0000   32.2000  1  2
    1.220    0.400    0.800   -0.125  157.500    0.0252    0.0184 3120.0000 3046.0000   17.6000  1  2
    1.220    0.400    0.800   -0.125  202.500   -0.0086    0.0184 3105.0000 3108.0000   17.6000  1  2
    1.220    0.400    0.800   -0.125  247.500   -0.0687    0.0180 3108.0000 3417.0000   32.2000  1  2
    1.220    0.400    0.800   -0.125  292.500   -0.0089    0.0135 5758.0000 5834.0000   33.0000  1  2
    1.220    0.400    0.800   -0.125  337.500   -0.0037    0.0126 6635.0000 6675.0000   19.4000  1  2
    1.220    0.400    0.800    0.125   22.500    0.0159    0.0130 6246.0000 6099.0000   18.0000  1  2
    1.220    0.400    0.800    0.125   67.500   -0.0116    0.0139 5383.0000 5465.0000   32.3000  1  2
    1.220    0.400    0.800    0.125  112.500   -0.0127    0.0167 3747.0000 3810.0000   32.7000  1  2
    1.220    0.400    0.800    0.125  157.500    0.0284    0.0188 3038.0000 2921.0000   19.1000  1  2
    1.220    0.400    0.800    0.125  202.500   -0.0213    0.0193 2788.0000 2871.0000   19.1000  1  2
    1.220    0.400    0.800    0.125  247.500   -0.0332    0.0167 3682.0000 3858.0000   32.7000  1  2
    1.220    0.400    0.800    0.125  292.500   -0.0089    0.0138 5486.0000 5559.0000   32.3000  1  2
    1.220    0.400    0.800    0.125  337.500   -0.0232    0.0129 6205.0000 6418.0000   18.0000  1  2
    1.220    0.400    0.800    0.375   22.500   -0.0183    0.0139 5386.0000 5518.0000   15.8000  1  2
    1.220    0.400    0.800    0.375   67.500    0.0257    0.0143 5231.0000 5045.0000   28.8000  1  2
    1.220    0.400    0.800    0.375  112.500    0.0243    0.0165 3913.0000 3784.0000   30.4000  1  2
    1.220    0.400    0.800    0.375  157.500   -0.0409    0.0191 2792.0000 2954.0000   19.5000  1  2
    1.220    0.400    0.800    0.375  202.500    0.0207    0.0196 2771.0000 2693.0000   19.5000  1  2
    1.220    0.400    0.800    0.375  247.500   -0.0333    0.0164 3849.0000 4030.0000   30.4000  1  2
    1.220    0.400    0.800    0.375  292.500   -0.0095    0.0145 4986.0000 5056.0000   28.8000  1  2
    1.220    0.400    0.800    0.375  337.500   -0.0025    0.0138 5540.0000 5564.0000   15.8000  1  2
    1.220    0.400    0.800    0.625   22.500    0.0267    0.0151 4682.0000 4509.0000   13.0000  1  2
    1.220    0.400    0.800    0.625   67.500   -0.0157    0.0155 4302.0000 4392.0000   23.0000  1  2
    1.220    0.400    0.800    0.625  112.500    0.0029    0.0181 3221.0000 3208.0000   25.2000  1  2
    1.220    0.400    0.800    0.625  157.500    0.0097    0.0188 2991.0000 2954.0000   18.3000  1  2
    1.220    0.400    0.800    0.625  202.500   -0.0194    0.0188 2929.0000 3006.0000   18.3000  1  2
    1.220    0.400    0.800    0.625  247.500   -0.0372    0.0183 3086.0000 3249.0000   25.2000  1  2
    1.220    0.400    0.800    0.625  292.500   -0.0126    0.0155 4288.0000 4367.0000   23.0000  1  2
    1.220    0.400    0.800    0.625  337.500   -0.0051    0.0152 4498.0000 4534.0000   13.0000  1  2
    1.220    0.400    0.800    0.875   22.500    0.0155    0.0178 3334.0000 3270.0000   10.6000  1  2
    1.220    0.400    0.800    0.875   67.500   -0.0043    0.0186 3065.0000 3083.0000   15.1000  1  2
    1.220    0.400    0.800    0.875  112.500   -0.0401    0.0230 1929.0000 2039.0000   16.9000  1  2
    1.220    0.400    0.800    0.875  157.500   -0.0013    0.0188 2947.0000 2955.0000   15.0000  1  2
    1.220    0.400    0.800    0.875  202.500   -0.0007    0.0187 2982.0000 2982.0000   15.0000  1  2
    1.220    0.400    0.800    0.875  247.500    0.0093    0.0232 1956.0000 1931.0000   16.9000  1  2
    1.220    0.400    0.800    0.875  292.500    0.0111    0.0183 3170.0000 3122.0000   15.1000  1  2
    1.220    0.400    0.800    0.875  337.500   -0.0075    0.0175 3393.0000 3421.0000   10.6000  1  2
    1.260    0.400    0.777   -0.875   22.500    0.0154    0.0206 2487.0000 2465.0000    7.0400  1  2
    1.260    0.400    0.777   -0.875   67.500    0.0478    0.0200 2675.0000 2570.0000    8.5000  1  2
    1.260    0.400    0.777   -0.875  112.500    0.0961    0.0235 2020.0000 1825.0000    7.4800  1  2
    1.260    0.400    0.777   -0.875  157.500    0.0510    0.0264 1540.0000 1479.0000    4.5700  1  2
    1.260    0.400    0.777   -0.875  202.500   -0.0645    0.0261 1497.0000 1588.0000    4.5700  1  2
    1.260    0.400    0.777   -0.875  247.500   -0.0965    0.0233 1833.0000 2030.0000    7.4800  1  2
    1.260    0.400    0.777   -0.875  292.500   -0.0923    0.0201 2462.0000 2725.0000    8.5000  1  2
    1.260    0.400    0.777   -0.875  337.500   -0.0665    0.0206 2381.0000 2578.0000    7.0400  1  2
    1.260    0.400    0.777   -0.625   22.500    0.0246    0.0154 4483.0000 4343.0000   10.0000  1  2
    1.260    0.400    0.777   -0.625   67.500    0.0607    0.0164 4039.0000 3740.0000   14.7000  1  2
    1.260    0.400    0.777   -0.625  112.500    0.0493    0.0216 2326.0000 2173.0000   13.1000  1  2
    1.260    0.400    0.777   -0.625  157.500    0.0371    0.0233 1959.0000 1891.0000    6.3600  1  2
    1.260    0.400    0.777   -0.625  202.500   -0.0552    0.0239 1789.0000 1900.0000    6.3600  1  2
    1.260    0.400    0.777   -0.625  247.500   -0.0441    0.0213 2233.0000 2373.0000   13.1000  1  2
    1.260    0.400    0.777   -0.625  292.500   -0.0468    0.0165 3731.0000 3952.0000   14.7000  1  2
    1.260    0.400    0.777   -0.625  337.500   -0.0413    0.0154 4348.0000 4593.0000   10.0000  1  2
    1.260    0.400    0.777   -0.375   22.500    0.0142    0.0142 5238.0000 5126.0000   11.7000  1  2
    1.260    0.400    0.777   -0.375   67.500    0.0400    0.0159 4294.0000 4051.0000   18.7000  1  2
    1.260    0.400    0.777   -0.375  112.500    0.0112    0.0216 2265.0000 2228.0000   17.2000  1  2
    1.260    0.400    0.777   -0.375  157.500    0.0229    0.0257 1617.0000 1582.0000    8.1400  1  2
    1.260    0.400    0.777   -0.375  202.500   -0.0464    0.0265 1452.0000 1533.0000    8.1400  1  2
    1.260    0.400    0.777   -0.375  247.500   -0.0536    0.0217 2156.0000 2324.0000   17.2000  1  2
    1.260    0.400    0.777   -0.375  292.500   -0.0333    0.0158 4099.0000 4305.0000   18.7000  1  2
    1.260    0.400    0.777   -0.375  337.500   -0.0193    0.0143 5089.0000 5237.0000   11.7000  1  2
    1.260    0.400    0.777   -0.125   22.500    0.0041    0.0139 5427.0000 5385.0000   12.1000  1  2
    1.260    0.400    0.777   -0.125   67.500    0.0277    0.0152 4602.0000 4416.0000   20.4000  1  2
    1.260    0.400    0.777   -0.125  112.500    0.0386    0.0178 3409.0000 3226.0000   19.3000  1  2
    1.260    0.400    0.777   -0.125  157.500   -0.0304    0.0278 1328.0000 1391.0000    9.5100  1  2
    1.260    0.400    0.777   -0.125  202.500   -0.0536    0.0294 1178.0000 1263.0000    9.5100  1  2
    1.260    0.400    0.777   -0.125  247.500   -0.0161    0.0177 3328.0000 3409.0000   19.3000  1  2
    1.260    0.400    0.777   -0.125  292.500   -0.0219    0.0152 4492.0000 4644.0000   20.4000  1  2
    1.260    0.400    0.777   -0.125  337.500   -0.0056    0.0139 5393.0000 5446.0000   12.1000  1  2
    1.260    0.400    0.777    0.125   22.500    0.0365    0.0140 5501.0000 5214.0000   11.5000  1  2
    1.260    0.400    0.777    0.125   67.500    0.0197    0.0151 4672.0000 4533.0000   20.0000  1  2
    1.260    0.400    0.777    0.125  112.500    0.0196    0.0157 4388.0000 4263.0000   19.5000  1  2
    1.260    0.400    0.777    0.125  157.500    0.0375    0.0271 1466.0000 1395.0000   10.2000  1  2
    1.260    0.400    0.777    0.125  202.500    0.0264    0.0277 1399.0000 1346.0000   10.2000  1  2
    1.260    0.400    0.777    0.125  247.500    0.0012    0.0154 4478.0000 4479.0000   19.5000  1  2
    1.260    0.400    0.777    0.125  292.500    0.0513    0.0151 4796.0000 4482.0000   20.0000  1  2
    1.260    0.400    0.777    0.125  337.500   -0.0370    0.0138 5372.0000 5671.0000   11.5000  1  2
    1.260    0.400    0.777    0.375   22.500    0.0209    0.0149 4835.0000 4678.0000   10.0000  1  2
    1.260    0.400    0.777    0.375   67.500   -0.0129    0.0154 4389.0000 4454.0000   17.6000  1  2
    1.260    0.400    0.777    0.375  112.500   -0.0303    0.0149 4639.0000 4828.0000   17.6000  1  2
    1.260    0.400    0.777    0.375  157.500   -0.0138    0.0258 1569.0000 1601.0000    9.9600  1  2
    1.260    0.400    0.777    0.375  202.500   -0.0165    0.0258 1559.0000 1593.0000    9.9600  1  2
    1.260    0.400    0.777    0.375  247.500    0.0059    0.0149 4702.0000 4673.0000   17.6000  1  2
    1.260    0.400    0.777    0.375  292.500   -0.0246    0.0155 4270.0000 4431.0000   17.6000  1  2
    1.260    0.400    0.777    0.375  337.500   -0.0102    0.0148 4719.0000 4806.0000   10.0000  1  2
    1.260    0.400    0.777    0.625   22.500   -0.0015    0.0167 3779.0000 3779.0000    8.0000  1  2
    1.260    0.400    0.777    0.625   67.500   -0.0352    0.0177 3282.0000 3438.0000   13.4000  1  2
    1.260    0.400    0.777    0.625  112.500    0.0111    0.0170 3683.0000 3620.0000   13.7000  1  2
    1.260    0.400    0.777    0.625  157.500   -0.0132    0.0264 1493.0000 1522.0000    8.6800  1  2
    1.260    0.400    0.777    0.625  202.500   -0.0085    0.0272 1408.0000 1423.0000    8.6800  1  2
    1.260    0.400    0.777    0.625  247.500   -0.0098    0.0171 3584.0000 3640.0000   13.7000  1  2
    1.260    0.400    0.777    0.625  292.500    0.0343    0.0174 3527.0000 3371.0000   13.4000  1  2
    1.260    0.400    0.777    0.625  337.500   -0.0087    0.0167 3738.0000 3791.0000    8.0000  1  2
    1.260    0.400    0.777    0.875   22.500   -0.0108    0.0203 2522.0000 2560.0000    5.7300  1  2
    1.260    0.400    0.777    0.875   67.500    0.0134    0.0228 2056.0000 2018.0000    7.8500  1  2
    1.260    0.400    0.777    0.875  112.500   -0.0124    0.0286 1279.0000 1301.0000    8.1000  1  2
    1.260    0.400    0.777    0.875  157.500    0.0516    0.0271 1484.0000 1382.0000    6.3300  1  2
    1.260    0.400    0.777    0.875  202.500   -0.0145    0.0274 1390.0000 1418.0000    6.3300  1  2
    1.260    0.400    0.777    0.875  247.500    0.0303    0.0288 1295.0000 1242.0000    8.1000  1  2
    1.260    0.400    0.777    0.875  292.500   -0.0017    0.0229 2013.0000 2018.0000    7.8500  1  2
    1.260    0.400    0.777    0.875  337.500    0.0349    0.0203 2630.0000 2506.0000    5.7300  1  2
    1.300    0.400    0.749   -0.875   22.500    0.0465    0.0293 1266.0000 1197.0000    3.0100  1  2
    1.300    0.400    0.749   -0.875   67.500    0.0568    0.0294 1257.0000 1181.0000    3.8100  1  2
    1.300    0.400    0.749   -0.875  112.500    0.0830    0.0341  953.0000  869.0000    3.4000  1  2
    1.300    0.400    0.749   -0.875  157.500   -0.0007    0.0361  796.0000  813.0000    2.0100  1  2
    1.300    0.400    0.749   -0.875  202.500   -0.1010    0.0372  714.0000  805.0000    2.0100  1  2
    1.300    0.400    0.749   -0.875  247.500   -0.1110    0.0339  857.0000  977.0000    3.4000  1  2
    1.300    0.400    0.749   -0.875  292.500   -0.0314    0.0294 1195.0000 1228.0000    3.8100  1  2
    1.300    0.400    0.749   -0.875  337.500   -0.1220    0.0299 1087.0000 1277.0000    3.0100  1  2
    1.300    0.400    0.749   -0.625   22.500    0.0054    0.0213 2328.0000 2295.0000    4.9400  1  2
    1.300    0.400    0.749   -0.625   67.500    0.0052    0.0236 1898.0000 1869.0000    7.3400  1  2
    1.300    0.400    0.749   -0.625  112.500    0.0690    0.0333  997.0000  903.0000    6.6200  1  2
    1.300    0.400    0.749   -0.625  157.500    0.0296    0.0378  744.0000  719.0000    3.2000  1  2
    1.300    0.400    0.749   -0.625  202.500   -0.0232    0.0386  700.0000  718.0000    3.2000  1  2
    1.300    0.400    0.749   -0.625  247.500   -0.0241    0.0333  930.0000  965.0000    6.6200  1  2
    1.300    0.400    0.749   -0.625  292.500   -0.0370    0.0236 1835.0000 1947.0000    7.3400  1  2
    1.300    0.400    0.749   -0.625  337.500   -0.0509    0.0214 2201.0000 2377.0000    4.9400  1  2
    1.300    0.400    0.749   -0.375   22.500    0.0108    0.0184 3129.0000 3051.0000    6.2200  1  2
    1.300    0.400    0.749   -0.375   67.500    0.0077    0.0213 2334.0000 2290.0000    9.7600  1  2
    1.300    0.400    0.749   -0.375  112.500   -0.0193    0.0259 1536.0000 1570.0000    8.9900  1  2
    1.300    0.400    0.749   -0.375  157.500    0.0623    0.0459  519.0000  477.0000    4.3500  1  2
    1.300    0.400    0.749   -0.375  202.500   -0.0426    0.0481  441.0000  467.0000    4.3500  1  2
    1.300    0.400    0.749   -0.375  247.500    0.0021    0.0257 1601.0000 1604.0000    8.9900  1  2
    1.300    0.400    0.749   -0.375  292.500   -0.0268    0.0212 2303.0000 2410.0000    9.7600  1  2
    1.300    0.400    0.749   -0.375  337.500    0.0063    0.0186 3069.0000 3074.0000    6.2200  1  2
    1.300    0.400    0.749   -0.125   22.500   -0.0322    0.0171 3506.0000 3626.0000    6.7400  1  2
    1.300    0.400    0.749   -0.125   67.500   -0.0145    0.0200 2608.0000 2638.0000   10.9000  1  2
    1.300    0.400    0.749   -0.125  112.500   -0.0284    0.0196 2701.0000 2798.0000   10.2000  1  2
    1.300    0.400    0.749   -0.125  157.500    0.1200    0.0400  715.0000  605.0000    5.1800  1  2
    1.300    0.400    0.749   -0.125  202.500   -0.0284    0.0407  622.0000  648.0000    5.1800  1  2
    1.300    0.400    0.749   -0.125  247.500   -0.0410    0.0191 2795.0000 2969.0000   10.2000  1  2
    1.300    0.400    0.749   -0.125  292.500    0.0172    0.0196 2771.0000 2729.0000   10.9000  1  2
    1.300    0.400    0.749   -0.125  337.500    0.0090    0.0170 3635.0000 3629.0000    6.7400  1  2
    1.300    0.400    0.749    0.125   22.500   -0.0007    0.0170 3676.0000 3631.0000    6.5300  1  2
    1.300    0.400    0.749    0.125   67.500   -0.0464    0.0187 2908.0000 3070.0000   10.6000  1  2
    1.300    0.400    0.749    0.125  112.500   -0.0312    0.0170 3606.0000 3746.0000   10.2000  1  2
    1.300    0.400    0.749    0.125  157.500   -0.0564    0.0317 1003.0000 1080.0000    5.4600  1  2
    1.300    0.400    0.749    0.125  202.500    0.0028    0.0314 1064.0000 1064.0000    5.4600  1  2
    1.300    0.400    0.749    0.125  247.500   -0.0004    0.0168 3683.0000 3703.0000   10.2000  1  2
    1.300    0.400    0.749    0.125  292.500    0.0120    0.0187 3031.0000 3011.0000   10.6000  1  2
    1.300    0.400    0.749    0.125  337.500    0.0303    0.0165 3871.0000 3762.0000    6.5300  1  2
    1.300    0.400    0.749    0.375   22.500   -0.0105    0.0174 3447.0000 3447.0000    5.7400  1  2
    1.300    0.400    0.749    0.375   67.500   -0.0249    0.0193 2793.0000 2855.0000    9.1400  1  2
    1.300    0.400    0.749    0.375  112.500   -0.0048    0.0168 3707.0000 3702.0000    8.8600  1  2
    1.300    0.400    0.749    0.375  157.500   -0.0522    0.0307 1079.0000 1154.0000    5.0500  1  2
    1.300    0.400    0.749    0.375  202.500    0.0236    0.0297 1206.0000 1173.0000    5.0500  1  2
    1.300    0.400    0.749    0.375  247.500    0.0168    0.0168 3760.0000 3703.0000    8.8600  1  2
    1.300    0.400    0.749    0.375  292.500    0.0159    0.0190 2932.0000 2904.0000    9.1400  1  2
    1.300    0.400    0.749    0.375  337.500    0.0145    0.0174 3494.0000 3475.0000    5.7400  1  2
    1.300    0.400    0.749    0.625   22.500   -0.0459    0.0200 2573.0000 2702.0000    4.5600  1  2
    1.300    0.400    0.749    0.625   67.500   -0.0383    0.0216 2227.0000 2307.0000    6.7500  1  2
    1.300    0.400    0.749    0.625  112.500   -0.0245    0.0193 2785.0000 2854.0000    6.4900  1  2
    1.300    0.400    0.749    0.625  157.500   -0.0178    0.0329  962.0000  979.0000    3.9100  1  2
    1.300    0.400    0.749    0.625  202.500    0.0362    0.0325 1022.0000  979.0000    3.9100  1  2
    1.300    0.400    0.749    0.625  247.500    0.0026    0.0188 2930.0000 2947.0000    6.4900  1  2
    1.300    0.400    0.749    0.625  292.500    0.0633    0.0214 2353.0000 2194.0000    6.7500  1  2
    1.300    0.400    0.749    0.625  337.500   -0.0071    0.0200 2598.0000 2662.0000    4.5600  1  2
    1.300    0.400    0.749    0.875   22.500   -0.0725    0.0264 1440.0000 1573.0000    3.0900  1  2
    1.300    0.400    0.749    0.875   67.500   -0.0528    0.0313 1046.0000 1103.0000    3.7100  1  2
    1.300    0.400    0.749    0.875  112.500   -0.0072    0.0335  938.0000  934.0000    3.4000  1  2
    1.300    0.400    0.749    0.875  157.500    0.0265    0.0429  583.0000  558.0000    2.3300  1  2
    1.300    0.400    0.749    0.875  202.500   -0.0026    0.0438  544.0000  550.0000    2.3300  1  2
    1.300    0.400    0.749    0.875  247.500    0.0281    0.0336  942.0000  919.0000    3.4000  1  2
    1.300    0.400    0.749    0.875  292.500    0.0491    0.0312 1110.0000 1058.0000    3.7100  1  2
    1.300    0.400    0.749    0.875  337.500    0.0354    0.0262 1563.0000 1506.0000    3.0900  1  2
    1.340    0.400    0.718   -0.875   22.500    0.0299    0.0425  596.0000  572.0000    1.3300  1  2
    1.340    0.400    0.718   -0.875   67.500    0.0490    0.0439  562.0000  528.0000    1.8400  1  2
    1.340    0.400    0.718   -0.875  112.500    0.1260    0.0488  479.0000  407.0000    1.7000  1  2
    1.340    0.400    0.718   -0.875  157.500    0.0031    0.0478  460.0000  461.0000    1.0000  1  2
    1.340    0.400    0.718   -0.875  202.500   -0.0230    0.0491  429.0000  440.0000    1.0000  1  2
    1.340    0.400    0.718   -0.875  247.500   -0.0948    0.0497  402.0000  453.0000    1.7000  1  2
    1.340    0.400    0.718   -0.875  292.500   -0.1070    0.0439  510.0000  588.0000    1.8400  1  2
    1.340    0.400    0.718   -0.875  337.500   -0.0268    0.0430  556.0000  577.0000    1.3300  1  2
    1.340    0.400    0.718   -0.625   22.500   -0.0188    0.0304 1135.0000 1143.0000    2.5800  1  2
    1.340    0.400    0.718   -0.625   67.500   -0.0094    0.0338  922.0000  913.0000    4.0200  1  2
    1.340    0.400    0.718   -0.625  112.500    0.0794    0.0433  595.0000  524.0000    3.7500  1  2
    1.340    0.400    0.718   -0.625  157.500   -0.0049    0.0574  319.0000  320.0000    1.9200  1  2
    1.340    0.400    0.718   -0.625  202.500   -0.0201    0.0607  281.0000  290.0000    1.9200  1  2
    1.340    0.400    0.718   -0.625  247.500   -0.0484    0.0433  535.0000  582.0000    3.7500  1  2
    1.340    0.400    0.718   -0.625  292.500   -0.0423    0.0333  910.0000  987.0000    4.0200  1  2
    1.340    0.400    0.718   -0.625  337.500   -0.0545    0.0297 1134.0000 1246.0000    2.5800  1  2
    1.340    0.400    0.718   -0.375   22.500    0.0400    0.0248 1773.0000 1641.0000    3.5500  1  2
    1.340    0.400    0.718   -0.375   67.500   -0.0021    0.0284 1313.0000 1301.0000    5.6200  1  2
    1.340    0.400    0.718   -0.375  112.500    0.0006    0.0278 1368.0000 1358.0000    5.3100  1  2
    1.340    0.400    0.718   -0.375  157.500    0.0728    0.0593  315.0000  283.0000    2.8200  1  2
    1.340    0.400    0.718   -0.375  202.500   -0.0152    0.0603  285.0000  293.0000    2.8200  1  2
    1.340    0.400    0.718   -0.375  247.500   -0.0378    0.0275 1341.0000 1422.0000    5.3100  1  2
    1.340    0.400    0.718   -0.375  292.500   -0.0267    0.0284 1276.0000 1340.0000    5.6200  1  2
    1.340    0.400    0.718   -0.375  337.500    0.0346    0.0248 1736.0000 1692.0000    3.5500  1  2
    1.340    0.400    0.718   -0.125   22.500   -0.0325    0.0265 1488.0000 1515.0000    4.0300  1  2
    1.340    0.400    0.718   -0.125   67.500   -0.0481    0.0246 1694.0000 1767.0000    6.3400  1  2
    1.340    0.400    0.718   -0.125  112.500    0.0187    0.0213 2350.0000 2273.0000    6.0800  1  2
    1.340    0.400    0.718   -0.125  157.500   -0.0164    0.0416  604.0000  613.0000    3.4100  1  2
    1.340    0.400    0.718   -0.125  202.500    0.0609    0.0404  667.0000  618.0000    3.4100  1  2
    1.340    0.400    0.718   -0.125  247.500    0.0336    0.0214 2331.0000 2242.0000    6.0800  1  2
    1.340    0.400    0.718   -0.125  292.500    0.0243    0.0248 1717.0000 1701.0000    6.3400  1  2
    1.340    0.400    0.718   -0.125  337.500    0.0030    0.0261 1532.0000 1567.0000    4.0300  1  2
    1.340    0.400    0.718    0.125   22.500   -0.0301    0.0257 1595.0000 1612.0000    4.0000  1  2
    1.340    0.400    0.718    0.125   67.500   -0.0102    0.0232 1961.0000 1953.0000    6.1400  1  2
    1.340    0.400    0.718    0.125  112.500   -0.0504    0.0199 2601.0000 2765.0000    5.9500  1  2
    1.340    0.400    0.718    0.125  157.500   -0.0635    0.0401  626.0000  676.0000    3.5200  1  2
    1.340    0.400    0.718    0.125  202.500   -0.0252    0.0406  623.0000  652.0000    3.5200  1  2
    1.340    0.400    0.718    0.125  247.500    0.0312    0.0197 2737.0000 2644.0000    5.9500  1  2
    1.340    0.400    0.718    0.125  292.500    0.0532    0.0229 2049.0000 1939.0000    6.1400  1  2
    1.340    0.400    0.718    0.125  337.500   -0.0003    0.0249 1658.0000 1711.0000    4.0000  1  2
    1.340    0.400    0.718    0.375   22.500   -0.0590    0.0203 2514.0000 2627.0000    3.5400  1  2
    1.340    0.400    0.718    0.375   67.500   -0.0084    0.0239 1859.0000 1821.0000    5.1800  1  2
    1.340    0.400    0.718    0.375  112.500   -0.0484    0.0213 2253.0000 2362.0000    4.9700  1  2
    1.340    0.400    0.718    0.375  157.500   -0.0806    0.0465  464.0000  512.0000    3.0500  1  2
    1.340    0.400    0.718    0.375  202.500    0.0027    0.0486  443.0000  447.0000    3.0500  1  2
    1.340    0.400    0.718    0.375  247.500    0.0217    0.0214 2310.0000 2286.0000    4.9700  1  2
    1.340    0.400    0.718    0.375  292.500    0.0674    0.0238 1930.0000 1816.0000    5.1800  1  2
    1.340    0.400    0.718    0.375  337.500    0.0401    0.0200 2640.0000 2593.0000    3.5400  1  2
    1.340    0.400    0.718    0.625   22.500   -0.0390    0.0223 2102.0000 2129.0000    2.8400  1  2
    1.340    0.400    0.718    0.625   67.500   -0.1100    0.0272 1362.0000 1500.0000    3.7000  1  2
    1.340    0.400    0.718    0.625  112.500   -0.0304    0.0246 1725.0000 1738.0000    3.3700  1  2
    1.340    0.400    0.718    0.625  157.500   -0.1670    0.0549  315.0000  391.0000    2.0600  1  2
    1.340    0.400    0.718    0.625  202.500    0.0435    0.0545  362.0000  346.0000    2.0600  1  2
    1.340    0.400    0.718    0.625  247.500    0.0572    0.0245 1796.0000 1718.0000    3.3700  1  2
    1.340    0.400    0.718    0.625  292.500    0.0617    0.0270 1471.0000 1428.0000    3.7000  1  2
    1.340    0.400    0.718    0.625  337.500    0.0158    0.0222 2106.0000 2147.0000    2.8400  1  2
    1.340    0.400    0.718    0.875   22.500   -0.0594    0.0352  832.0000  868.0000    1.9600  1  2
    1.340    0.400    0.718    0.875   67.500   -0.1290    0.0394  648.0000  712.0000    2.0000  1  2
    1.340    0.400    0.718    0.875  112.500   -0.0214    0.0396  684.0000  661.0000    1.5700  1  2
    1.340    0.400    0.718    0.875  157.500   -0.0265    0.0613  278.0000  282.0000    0.9050  1  2
    1.340    0.400    0.718    0.875  202.500   -0.0467    0.0629  254.0000  277.0000    0.9050  1  2
    1.340    0.400    0.718    0.875  247.500    0.0886    0.0403  668.0000  630.0000    1.5700  1  2
    1.340    0.400    0.718    0.875  292.500    0.0968    0.0390  715.0000  680.0000    2.0000  1  2
    1.340    0.400    0.718    0.875  337.500    0.0364    0.0349  863.0000  854.0000    1.9600  1  2
    1.380    0.400    0.682   -0.875   22.500    0.0059    0.0638  262.0000  255.0000    0.5740  1  2
    1.380    0.400    0.682   -0.875   67.500    0.0525    0.0630  276.0000  252.0000    0.9580  1  2
    1.380    0.400    0.682   -0.875  112.500   -0.0329    0.0726  196.0000  203.0000    0.9670  1  2
    1.380    0.400    0.682   -0.875  157.500    0.0487    0.0614  289.0000  269.0000    0.5970  1  2
    1.380    0.400    0.682   -0.875  202.500   -0.0142    0.0651  245.0000  251.0000    0.5970  1  2
    1.380    0.400    0.682   -0.875  247.500   -0.0330    0.0672  226.0000  239.0000    0.9670  1  2
    1.380    0.400    0.682   -0.875  292.500   -0.0499    0.0632  252.0000  275.0000    0.9580  1  2
    1.380    0.400    0.682   -0.875  337.500    0.0008    0.0612  278.0000  283.0000    0.5740  1  2
    1.380    0.400    0.682   -0.625   22.500   -0.0896    0.0416  580.0000  637.0000    1.3800  1  2
    1.380    0.400    0.682   -0.625   67.500   -0.0504    0.0446  515.0000  540.0000    2.4300  1  2
    1.380    0.400    0.682   -0.625  112.500   -0.0341    0.0481  446.0000  460.0000    2.4500  1  2
    1.380    0.400    0.682   -0.625  157.500    0.0845    0.0881  144.0000  127.0000    1.4000  1  2
    1.380    0.400    0.682   -0.625  202.500   -0.0246    0.0867  137.0000  143.0000    1.4000  1  2
    1.380    0.400    0.682   -0.625  247.500    0.1570    0.0497  472.0000  386.0000    2.4500  1  2
    1.380    0.400    0.682   -0.625  292.500   -0.0219    0.0436  539.0000  568.0000    2.4300  1  2
    1.380    0.400    0.682   -0.625  337.500    0.0367    0.0407  639.0000  626.0000    1.3800  1  2
    1.380    0.400    0.682   -0.375   22.500    0.0229    0.0322 1053.0000  986.0000    2.1100  1  2
    1.380    0.400    0.682   -0.375   67.500   -0.0361    0.0343  872.0000  906.0000    3.5900  1  2
    1.380    0.400    0.682   -0.375  112.500   -0.0386    0.0291 1204.0000 1263.0000    3.6000  1  2
    1.380    0.400    0.682   -0.375  157.500   -0.0712    0.0616  266.0000  290.0000    2.1400  1  2
    1.380    0.400    0.682   -0.375  202.500   -0.0051    0.0577  312.0000  318.0000    2.1400  1  2
    1.380    0.400    0.682   -0.375  247.500   -0.0089    0.0299 1173.0000 1194.0000    3.6000  1  2
    1.380    0.400    0.682   -0.375  292.500   -0.0027    0.0339  908.0000  922.0000    3.5900  1  2
    1.380    0.400    0.682   -0.375  337.500    0.0320    0.0325 1003.0000  993.0000    2.1100  1  2
    1.380    0.400    0.682   -0.125   22.500   -0.0590    0.0317 1018.0000 1063.0000    2.5400  1  2
    1.380    0.400    0.682   -0.125   67.500   -0.0620    0.0293 1188.0000 1264.0000    4.1100  1  2
    1.380    0.400    0.682   -0.125  112.500   -0.0099    0.0238 1850.0000 1847.0000    4.1200  1  2
    1.380    0.400    0.682   -0.125  157.500    0.0275    0.0545  362.0000  344.0000    2.5700  1  2
    1.380    0.400    0.682   -0.125  202.500    0.0541    0.0570  335.0000  315.0000    2.5700  1  2
    1.380    0.400    0.682   -0.125  247.500    0.0451    0.0241 1854.0000 1769.0000    4.1200  1  2
    1.380    0.400    0.682   -0.125  292.500    0.0050    0.0288 1249.0000 1270.0000    4.1100  1  2
    1.380    0.400    0.682   -0.125  337.500    0.0151    0.0319 1022.0000 1040.0000    2.5400  1  2
    1.380    0.400    0.682    0.125   22.500   -0.0716    0.0283 1286.0000 1353.0000    2.5900  1  2
    1.380    0.400    0.682    0.125   67.500   -0.0523    0.0275 1361.0000 1421.0000    3.9500  1  2
    1.380    0.400    0.682    0.125  112.500   -0.0446    0.0241 1782.0000 1861.0000    3.9300  1  2
    1.380    0.400    0.682    0.125  157.500   -0.1710    0.0716  185.0000  231.0000    2.5500  1  2
    1.380    0.400    0.682    0.125  202.500    0.0868    0.0746  199.0000  179.0000    2.5500  1  2
    1.380    0.400    0.682    0.125  247.500    0.0630    0.0242 1862.0000 1738.0000    3.9300  1  2
    1.380    0.400    0.682    0.125  292.500    0.0867    0.0274 1465.0000 1338.0000    3.9500  1  2
    1.380    0.400    0.682    0.125  337.500   -0.0121    0.0287 1240.0000 1323.0000    2.5900  1  2
    1.380    0.400    0.682    0.375   22.500   -0.0771    0.0228 2003.0000 2082.0000    2.3200  1  2
    1.380    0.400    0.682    0.375   67.500   -0.1200    0.0284 1233.0000 1389.0000    3.2400  1  2
    1.380    0.400    0.682    0.375  112.500   -0.1610    0.0274 1279.0000 1555.0000    3.1300  1  2
    1.380    0.400    0.682    0.375  157.500   -0.0530    0.0757  179.0000  189.0000    2.0500  1  2
    1.380    0.400    0.682    0.375  202.500    0.0738    0.0764  188.0000  173.0000    2.0500  1  2
    1.380    0.400    0.682    0.375  247.500    0.1580    0.0278 1500.0000 1239.0000    3.1300  1  2
    1.380    0.400    0.682    0.375  292.500    0.1010    0.0281 1401.0000 1277.0000    3.2400  1  2
    1.380    0.400    0.682    0.375  337.500    0.1130    0.0226 2172.0000 1987.0000    2.3200  1  2
    1.380    0.400    0.682    0.625   22.500   -0.0846    0.0219 2176.0000 2246.0000    1.8900  1  2
    1.380    0.400    0.682    0.625   67.500   -0.1750    0.0333  889.0000 1026.0000    2.2400  1  2
    1.380    0.400    0.682    0.625  112.500   -0.1700    0.0341  840.0000 1002.0000    1.9500  1  2
    1.380    0.400    0.682    0.625  157.500    0.0484    0.0771  185.0000  169.0000    1.1900  1  2
    1.380    0.400    0.682    0.625  202.500    0.1150    0.0728  213.0000  186.0000    1.1900  1  2
    1.380    0.400    0.682    0.625  247.500    0.2040    0.0336 1057.0000  845.0000    1.9500  1  2
    1.380    0.400    0.682    0.625  292.500    0.0913    0.0322 1032.0000 1006.0000    2.2400  1  2
    1.380    0.400    0.682    0.625  337.500    0.0819    0.0217 2266.0000 2204.0000    1.8900  1  2
    1.380    0.400    0.682    0.875   22.500   -0.0854    0.0343  874.0000  908.0000    1.3900  1  2
    1.380    0.400    0.682    0.875   67.500   -0.2260    0.0459  473.0000  551.0000    1.2500  1  2
    1.380    0.400    0.682    0.875  112.500   -0.2090    0.0504  387.0000  459.0000    0.8260  1  2
    1.380    0.400    0.682    0.875  157.500   -0.1040    0.0996  101.0000  112.0000    0.3690  1  2
    1.380    0.400    0.682    0.875  202.500   -0.0751    0.1000   97.0000  112.0000    0.3690  1  2
    1.380    0.400    0.682    0.875  247.500    0.1110    0.0510  415.0000  401.0000    0.8260  1  2
    1.380    0.400    0.682    0.875  292.500    0.1750    0.0452  545.0000  503.0000    1.2500  1  2
    1.380    0.400    0.682    0.875  337.500    0.0703    0.0349  871.0000  856.0000    1.3900  1  2
    1.420    0.400    0.641   -0.875   22.500    0.0290    0.0912  129.0000  124.0000    0.2510  1  2
    1.420    0.400    0.641   -0.875   67.500   -0.0040    0.0826  153.0000  155.0000    0.5630  1  2
    1.420    0.400    0.641   -0.875  112.500    0.0229    0.0894  133.0000  130.0000    0.6750  1  2
    1.420    0.400    0.641   -0.875  157.500   -0.0817    0.0741  181.0000  203.0000    0.5200  1  2
    1.420    0.400    0.641   -0.875  202.500   -0.1710    0.0788  151.0000  191.0000    0.5200  1  2
    1.420    0.400    0.641   -0.875  247.500    0.0643    0.0925  129.0000  117.0000    0.6750  1  2
    1.420    0.400    0.641   -0.875  292.500   -0.0362    0.0799  161.0000  168.0000    0.5630  1  2
    1.420    0.400    0.641   -0.875  337.500   -0.0141    0.0816  156.0000  159.0000    0.2510  1  2
    1.420    0.400    0.641   -0.625   22.500   -0.0639    0.0513  386.0000  413.0000    0.7800  1  2
    1.420    0.400    0.641   -0.625   67.500   -0.1150    0.0522  359.0000  416.0000    1.6400  1  2
    1.420    0.400    0.641   -0.625  112.500   -0.0462    0.0477  448.0000  478.0000    1.8600  1  2
    1.420    0.400    0.641   -0.625  157.500   -0.0290    0.0968  110.0000  114.0000    1.3000  1  2
    1.420    0.400    0.641   -0.625  202.500   -0.0291    0.0967  110.0000  115.0000    1.3000  1  2
    1.420    0.400    0.641   -0.625  247.500    0.0223    0.0471  482.0000  467.0000    1.8600  1  2
    1.420    0.400    0.641   -0.625  292.500    0.1380    0.0513  438.0000  366.0000    1.6400  1  2
    1.420    0.400    0.641   -0.625  337.500    0.0287    0.0497  428.0000  420.0000    0.7800  1  2
    1.420    0.400    0.641   -0.375   22.500   -0.0071    0.0397  672.0000  659.0000    1.3700  1  2
    1.420    0.400    0.641   -0.375   67.500   -0.0455    0.0372  732.0000  778.0000    2.5600  1  2
    1.420    0.400    0.641   -0.375  112.500   -0.0357    0.0299 1150.0000 1208.0000    2.7800  1  2
    1.420    0.400    0.641   -0.375  157.500   -0.0474    0.0661  234.0000  248.0000    1.9100  1  2
    1.420    0.400    0.641   -0.375  202.500   -0.0065    0.0655  243.0000  247.0000    1.9100  1  2
    1.420    0.400    0.641   -0.375  247.500    0.0157    0.0301 1168.0000 1143.0000    2.7800  1  2
    1.420    0.400    0.641   -0.375  292.500    0.0128    0.0371  769.0000  757.0000    2.5600  1  2
    1.420    0.400    0.641   -0.375  337.500    0.0629    0.0388  716.0000  676.0000    1.3700  1  2
    1.420    0.400    0.641   -0.125   22.500   -0.0242    0.0416  610.0000  608.0000    1.7800  1  2
    1.420    0.400    0.641   -0.125   67.500   -0.0082    0.0314 1058.0000 1066.0000    3.0200  1  2
    1.420    0.400    0.641   -0.125  112.500   -0.0458    0.0267 1431.0000 1523.0000    3.1800  1  2
    1.420    0.400    0.641   -0.125  157.500    0.0293    0.0855  147.0000  140.0000    2.1700  1  2
    1.420    0.400    0.641   -0.125  202.500   -0.0053    0.0909  126.0000  128.0000    2.1700  1  2
    1.420    0.400    0.641   -0.125  247.500    0.0714    0.0272 1492.0000 1353.0000    3.1800  1  2
    1.420    0.400    0.641   -0.125  292.500    0.0304    0.0322 1039.0000 1000.0000    3.0200  1  2
    1.420    0.400    0.641   -0.125  337.500    0.0110    0.0416  599.0000  612.0000    1.7800  1  2
    1.420    0.400    0.641    0.125   22.500   -0.0506    0.0393  675.0000  692.0000    1.8900  1  2
    1.420    0.400    0.641    0.125   67.500   -0.0888    0.0304 1076.0000 1207.0000    2.9200  1  2
    1.420    0.400    0.641    0.125  112.500   -0.0775    0.0291 1179.0000 1310.0000    2.9800  1  2
    1.420    0.400    0.641    0.125  157.500    0.0416    0.0751  193.0000  180.0000    2.0300  1  2
    1.420    0.400    0.641    0.125  202.500   -0.0122    0.0783  169.0000  174.0000    2.0300  1  2
    1.420    0.400    0.641    0.125  247.500    0.0301    0.0291 1258.0000 1209.0000    2.9800  1  2
    1.420    0.400    0.641    0.125  292.500    0.0590    0.0303 1184.0000 1100.0000    2.9200  1  2
    1.420    0.400    0.641    0.125  337.500    0.0826    0.0394  703.0000  656.0000    1.8900  1  2
    1.420    0.400    0.641    0.375   22.500   -0.0467    0.0267 1476.0000 1469.0000    1.7100  1  2
    1.420    0.400    0.641    0.375   67.500   -0.1310    0.0313  998.0000 1154.0000    2.3700  1  2
    1.420    0.400    0.641    0.375  112.500   -0.0970    0.0343  840.0000  941.0000    2.2800  1  2
    1.420    0.400    0.641    0.375  157.500   -0.1680    0.0578  284.0000  353.0000    1.5100  1  2
    1.420    0.400    0.641    0.375  202.500    0.0648    0.0570  336.0000  312.0000    1.5100  1  2
    1.420    0.400    0.641    0.375  247.500    0.2030    0.0342 1033.0000  796.0000    2.2800  1  2
    1.420    0.400    0.641    0.375  292.500    0.1180    0.0313 1148.0000 1011.0000    2.3700  1  2
    1.420    0.400    0.641    0.375  337.500    0.0675    0.0270 1472.0000 1437.0000    1.7100  1  2
    1.420    0.400    0.641    0.625   22.500   -0.1340    0.0323  980.0000 1050.0000    1.4100  1  2
    1.420    0.400    0.641    0.625   67.500   -0.2280    0.0364  722.0000  909.0000    1.6200  1  2
    1.420    0.400    0.641    0.625  112.500   -0.1900    0.0430  514.0000  637.0000    1.3600  1  2
    1.420    0.400    0.641    0.625  157.500   -0.0848    0.0601  278.0000  306.0000    0.7750  1  2
    1.420    0.400    0.641    0.625  202.500    0.1900    0.0564  376.0000  295.0000    0.7750  1  2
    1.420    0.400    0.641    0.625  247.500    0.2410    0.0428  673.0000  506.0000    1.3600  1  2
    1.420    0.400    0.641    0.625  292.500    0.2390    0.0365  911.0000  711.0000    1.6200  1  2
    1.420    0.400    0.641    0.625  337.500    0.1230    0.0326 1024.0000  970.0000    1.4100  1  2
    1.420    0.400    0.641    0.875   22.500   -0.1300    0.0383  695.0000  750.0000    1.1100  1  2
    1.420    0.400    0.641    0.875   67.500   -0.2750    0.0491  397.0000  509.0000    0.9660  1  2
    1.420    0.400    0.641    0.875  112.500   -0.2640    0.0635  234.0000  307.0000    0.6020  1  2
    1.420    0.400    0.641    0.875  157.500   -0.0709    0.1020   99.0000  105.0000    0.2300  1  2
    1.420    0.400    0.641    0.875  202.500   -0.0089    0.1040   95.0000  100.0000    0.2300  1  2
    1.420    0.400    0.641    0.875  247.500    0.2000    0.0646  280.0000  234.0000    0.6020  1  2
    1.420    0.400    0.641    0.875  292.500    0.1740    0.0475  500.0000  450.0000    0.9660  1  2
    1.420    0.400    0.641    0.875  337.500    0.0649    0.0383  717.0000  727.0000    1.1100  1  2
    1.460    0.400    0.595   -0.875   22.500    0.0115    0.1010   99.0000  108.0000    0.1810  1  2
    1.460    0.400    0.595   -0.875   67.500   -0.0703    0.1000   95.0000  115.0000    0.4510  1  2
    1.460    0.400    0.595   -0.875  112.500   -0.0125    0.0938  115.0000  124.0000    0.6930  1  2
    1.460    0.400    0.595   -0.875  157.500    0.0281    0.0930  123.0000  120.0000    0.7650  1  2
    1.460    0.400    0.595   -0.875  202.500    0.1160    0.0958  125.0000  105.0000    0.7650  1  2
    1.460    0.400    0.595   -0.875  247.500   -0.0980    0.0952  112.0000  121.0000    0.6930  1  2
    1.460    0.400    0.595   -0.875  292.500    0.1300    0.0859  163.0000  124.0000    0.4510  1  2
    1.460    0.400    0.595   -0.875  337.500    0.0477    0.0993  116.0000   98.0000    0.1810  1  2
    1.460    0.400    0.595   -0.625   22.500    0.0167    0.0561  337.0000  330.0000    0.6410  1  2
    1.460    0.400    0.595   -0.625   67.500    0.0036    0.0522  384.0000  388.0000    1.3700  1  2
    1.460    0.400    0.595   -0.625  112.500   -0.0294    0.0426  565.0000  591.0000    1.7800  1  2
    1.460    0.400    0.595   -0.625  157.500   -0.2140    0.0959   99.0000  134.0000    1.6400  1  2
    1.460    0.400    0.595   -0.625  202.500    0.0583    0.0941  124.0000  114.0000    1.6400  1  2
    1.460    0.400    0.595   -0.625  247.500    0.0968    0.0426  620.0000  540.0000    1.7800  1  2
    1.460    0.400    0.595   -0.625  292.500    0.0235    0.0528  386.0000  368.0000    1.3700  1  2
    1.460    0.400    0.595   -0.625  337.500    0.0868    0.0559  357.0000  316.0000    0.6410  1  2
    1.460    0.400    0.595   -0.375   22.500    0.0354    0.0430  585.0000  552.0000    1.2600  1  2
    1.460    0.400    0.595   -0.375   67.500   -0.0251    0.0367  768.0000  798.0000    2.2800  1  2
    1.460    0.400    0.595   -0.375  112.500   -0.0817    0.0293 1159.0000 1301.0000    2.6700  1  2
    1.460    0.400    0.595   -0.375  157.500   -0.0243    0.0822  153.0000  158.0000    2.1800  1  2
    1.460    0.400    0.595   -0.375  202.500    0.0877    0.0949  124.0000  110.0000    2.1800  1  2
    1.460    0.400    0.595   -0.375  247.500    0.1100    0.0296 1300.0000 1113.0000    2.6700  1  2
    1.460    0.400    0.595   -0.375  292.500    0.0562    0.0371  794.0000  732.0000    2.2800  1  2
    1.460    0.400    0.595   -0.375  337.500    0.0157    0.0429  575.0000  568.0000    1.2600  1  2
    1.460    0.400    0.595   -0.125   22.500   -0.1250    0.0441  502.0000  587.0000    1.7500  1  2
    1.460    0.400    0.595   -0.125   67.500   -0.0516    0.0310 1055.0000 1136.0000    2.8500  1  2
    1.460    0.400    0.595   -0.125  112.500   -0.0996    0.0280 1248.0000 1436.0000    3.0800  1  2
    1.460    0.400    0.595   -0.125  157.500   -0.0451    0.0864  137.0000  145.0000    2.3100  1  2
    1.460    0.400    0.595   -0.125  202.500   -0.0050    0.0806  161.0000  163.0000    2.3100  1  2
    1.460    0.400    0.595   -0.125  247.500    0.0426    0.0286 1324.0000 1245.0000    3.0800  1  2
    1.460    0.400    0.595   -0.125  292.500    0.1070    0.0313 1156.0000  994.0000    2.8500  1  2
    1.460    0.400    0.595   -0.125  337.500    0.0688    0.0436  573.0000  530.0000    1.7500  1  2
    1.460    0.400    0.595    0.125   22.500   -0.1390    0.0374  696.0000  826.0000    1.9500  1  2
    1.460    0.400    0.595    0.125   67.500   -0.0820    0.0287 1214.0000 1350.0000    2.9100  1  2
    1.460    0.400    0.595    0.125  112.500   -0.1550    0.0309  997.0000 1226.0000    2.9600  1  2
    1.460    0.400    0.595    0.125  157.500   -0.0720    0.0514  379.0000  415.0000    2.0600  1  2
    1.460    0.400    0.595    0.125  202.500   -0.0528    0.0503  400.0000  434.0000    2.0600  1  2
    1.460    0.400    0.595    0.125  247.500    0.1360    0.0309 1212.0000 1011.0000    2.9600  1  2
    1.460    0.400    0.595    0.125  292.500    0.0612    0.0293 1276.0000 1181.0000    2.9100  1  2
    1.460    0.400    0.595    0.125  337.500    0.0025    0.0381  718.0000  731.0000    1.9500  1  2
    1.460    0.400    0.595    0.375   22.500   -0.0861    0.0281 1276.0000 1386.0000    1.8200  1  2
    1.460    0.400    0.595    0.375   67.500   -0.1780    0.0307  993.0000 1265.0000    2.4900  1  2
    1.460    0.400    0.595    0.375  112.500   -0.1280    0.0365  724.0000  864.0000    2.3600  1  2
    1.460    0.400    0.595    0.375  157.500   -0.0678    0.0478  441.0000  479.0000    1.5000  1  2
    1.460    0.400    0.595    0.375  202.500    0.0745    0.0454  535.0000  488.0000    1.5000  1  2
    1.460    0.400    0.595    0.375  247.500    0.1290    0.0355  917.0000  768.0000    2.3600  1  2
    1.460    0.400    0.595    0.375  292.500    0.1480    0.0310 1217.0000  996.0000    2.4900  1  2
    1.460    0.400    0.595    0.375  337.500    0.0420    0.0277 1392.0000 1362.0000    1.8200  1  2
    1.460    0.400    0.595    0.625   22.500   -0.1160    0.0309 1070.0000 1151.0000    1.4800  1  2
    1.460    0.400    0.595    0.625   67.500   -0.1570    0.0357  750.0000  915.0000    1.7800  1  2
    1.460    0.400    0.595    0.625  112.500   -0.2190    0.0454  446.0000  598.0000    1.5100  1  2
    1.460    0.400    0.595    0.625  157.500   -0.1680    0.0542  323.0000  402.0000    0.8160  1  2
    1.460    0.400    0.595    0.625  202.500    0.1770    0.0552  389.0000  309.0000    0.8160  1  2
    1.460    0.400    0.595    0.625  247.500    0.1540    0.0449  577.0000  472.0000    1.5100  1  2
    1.460    0.400    0.595    0.625  292.500    0.1450    0.0357  914.0000  761.0000    1.7800  1  2
    1.460    0.400    0.595    0.625  337.500    0.0970    0.0307 1142.0000 1090.0000    1.4800  1  2
    1.460    0.400    0.595    0.875   22.500   -0.0381    0.0346  892.0000  857.0000    1.1200  1  2
    1.460    0.400    0.595    0.875   67.500   -0.0180    0.0454  515.0000  506.0000    1.0700  1  2
    1.460    0.400    0.595    0.875  112.500   -0.1430    0.0683  210.0000  246.0000    0.7530  1  2
    1.460    0.400    0.595    0.875  157.500   -0.0024    0.0832  154.0000  150.0000    0.3530  1  2
    1.460    0.400    0.595    0.875  202.500    0.3420    0.0870  179.0000  114.0000    0.3530  1  2
    1.460    0.400    0.595    0.875  247.500    0.1510    0.0651  272.0000  230.0000    0.7530  1  2
    1.460    0.400    0.595    0.875  292.500    0.1260    0.0465  521.0000  457.0000    1.0700  1  2
    1.460    0.400    0.595    0.875  337.500    0.1020    0.0351  881.0000  839.0000    1.1200  1  2
    1.500    0.400    0.543   -0.875   22.500   -0.0620    0.0809  148.0000  174.0000    0.3270  1  2
    1.500    0.400    0.543   -0.875   67.500   -0.1710    0.0820  132.0000  185.0000    0.7470  1  2
    1.500    0.400    0.543   -0.875  112.500   -0.1120    0.0810  143.0000  179.0000    1.1600  1  2
    1.500    0.400    0.543   -0.875  157.500    0.0323    0.1050   96.0000   94.0000    1.3200  1  2
    1.500    0.400    0.543   -0.875  202.500   -0.0836    0.1100   83.0000   91.0000    1.3200  1  2
    1.500    0.400    0.543   -0.875  247.500   -0.0015    0.0800  170.0000  159.0000    1.1600  1  2
    1.500    0.400    0.543   -0.875  292.500    0.0554    0.0814  173.0000  145.0000    0.7470  1  2
    1.500    0.400    0.543   -0.875  337.500    0.2200    0.0816  192.0000  131.0000    0.3270  1  2
    1.500    0.400    0.543   -0.625   22.500   -0.0416    0.0532  358.0000  384.0000    0.7990  1  2
    1.500    0.400    0.543   -0.625   67.500   -0.1020    0.0480  425.0000  492.0000    1.7500  1  2
    1.500    0.400    0.543   -0.625  112.500   -0.0981    0.0354  785.0000  903.0000    2.3200  1  2
    1.500    0.400    0.543   -0.625  157.500    0.0084    0.0967  113.0000  112.0000    2.1700  1  2
    1.500    0.400    0.543   -0.625  202.500   -0.0084    0.0971  111.0000  112.0000    2.1700  1  2
    1.500    0.400    0.543   -0.625  247.500    0.0845    0.0361  858.0000  760.0000    2.3200  1  2
    1.500    0.400    0.543   -0.625  292.500    0.1180    0.0478  501.0000  423.0000    1.7500  1  2
    1.500    0.400    0.543   -0.625  337.500    0.0249    0.0523  392.0000  374.0000    0.7990  1  2
    1.500    0.400    0.543   -0.375   22.500   -0.0180    0.0407  626.0000  643.0000    1.5500  1  2
    1.500    0.400    0.543   -0.375   67.500   -0.0980    0.0335  879.0000 1011.0000    2.8700  1  2
    1.500    0.400    0.543   -0.375  112.500   -0.0577    0.0274 1333.0000 1461.0000    3.3200  1  2
    1.500    0.400    0.543   -0.375  157.500    0.0543    0.1050   99.0000   92.0000    2.6300  1  2
    1.500    0.400    0.543   -0.375  202.500   -0.1540    0.1060   85.0000  105.0000    2.6300  1  2
    1.500    0.400    0.543   -0.375  247.500    0.0261    0.0278 1386.0000 1321.0000    3.3200  1  2
    1.500    0.400    0.543   -0.375  292.500    0.0439    0.0328 1014.0000  950.0000    2.8700  1  2
    1.500    0.400    0.543   -0.375  337.500    0.0687    0.0401  683.0000  620.0000    1.5500  1  2
    1.500    0.400    0.543   -0.125   22.500   -0.1030    0.0435  518.0000  598.0000    2.2300  1  2
    1.500    0.400    0.543   -0.125   67.500   -0.0690    0.0274 1330.0000 1482.0000    3.7000  1  2
    1.500    0.400    0.543   -0.125  112.500   -0.0332    0.0277 1329.0000 1408.0000    3.9200  1  2
    1.500    0.400    0.543   -0.125  157.500    0.0377    0.0514  408.0000  388.0000    2.7500  1  2
    1.500    0.400    0.543   -0.125  202.500    0.0055    0.0494  433.0000  429.0000    2.7500  1  2
    1.500    0.400    0.543   -0.125  247.500    0.0278    0.0277 1405.0000 1336.0000    3.9200  1  2
    1.500    0.400    0.543   -0.125  292.500    0.0581    0.0274 1474.0000 1343.0000    3.7000  1  2
    1.500    0.400    0.543   -0.125  337.500    0.1260    0.0413  676.0000  567.0000    2.2300  1  2
    1.500    0.400    0.543    0.125   22.500   -0.0477    0.0362  772.0000  827.0000    2.6000  1  2
    1.500    0.400    0.543    0.125   67.500   -0.0762    0.0254 1542.0000 1721.0000    4.0100  1  2
    1.500    0.400    0.543    0.125  112.500   -0.0336    0.0283 1289.0000 1355.0000    3.9900  1  2
    1.500    0.400    0.543    0.125  157.500    0.0138    0.0388  701.0000  689.0000    2.5400  1  2
    1.500    0.400    0.543    0.125  202.500    0.0874    0.0386  755.0000  668.0000    2.5400  1  2
    1.500    0.400    0.543    0.125  247.500    0.0457    0.0284 1349.0000 1262.0000    3.9900  1  2
    1.500    0.400    0.543    0.125  292.500    0.0681    0.0257 1671.0000 1514.0000    4.0100  1  2
    1.500    0.400    0.543    0.125  337.500    0.0143    0.0364  803.0000  785.0000    2.6000  1  2
    1.500    0.400    0.543    0.375   22.500   -0.0352    0.0280 1305.0000 1374.0000    2.5800  1  2
    1.500    0.400    0.543    0.375   67.500   -0.0491    0.0257 1538.0000 1658.0000    3.7100  1  2
    1.500    0.400    0.543    0.375  112.500   -0.0620    0.0310 1036.0000 1145.0000    3.4800  1  2
    1.500    0.400    0.543    0.375  157.500   -0.0593    0.0401  627.0000  675.0000    2.0200  1  2
    1.500    0.400    0.543    0.375  202.500    0.0413    0.0390  710.0000  676.0000    2.0200  1  2
    1.500    0.400    0.543    0.375  247.500    0.0532    0.0307 1165.0000 1067.0000    3.4800  1  2
    1.500    0.400    0.543    0.375  292.500    0.0372    0.0262 1577.0000 1487.0000    3.7100  1  2
    1.500    0.400    0.543    0.375  337.500    0.0500    0.0277 1424.0000 1325.0000    2.5800  1  2
    1.500    0.400    0.543    0.625   22.500   -0.0451    0.0296 1179.0000 1223.0000    2.2300  1  2
    1.500    0.400    0.543    0.625   67.500   -0.0819    0.0281 1252.0000 1416.0000    2.8900  1  2
    1.500    0.400    0.543    0.625  112.500   -0.1010    0.0361  745.0000  871.0000    2.5000  1  2
    1.500    0.400    0.543    0.625  157.500   -0.0322    0.0454  497.0000  521.0000    1.2900  1  2
    1.500    0.400    0.543    0.625  202.500    0.0938    0.0457  541.0000  474.0000    1.2900  1  2
    1.500    0.400    0.543    0.625  247.500    0.0919    0.0367  839.0000  727.0000    2.5000  1  2
    1.500    0.400    0.543    0.625  292.500    0.0790    0.0283 1397.0000 1240.0000    2.8900  1  2
    1.500    0.400    0.543    0.625  337.500   -0.0144    0.0294 1184.0000 1239.0000    2.2300  1  2
    1.500    0.400    0.543    0.875   22.500   -0.0928    0.0312 1065.0000 1116.0000    1.6700  1  2
    1.500    0.400    0.543    0.875   67.500   -0.0016    0.0384  721.0000  708.0000    1.7300  1  2
    1.500    0.400    0.543    0.875  112.500   -0.0278    0.0578  311.0000  317.0000    1.3100  1  2
    1.500    0.400    0.543    0.875  157.500   -0.1620    0.0772  160.0000  197.0000    0.6460  1  2
    1.500    0.400    0.543    0.875  202.500    0.0533    0.0777  179.0000  169.0000    0.6460  1  2
    1.500    0.400    0.543    0.875  247.500    0.0936    0.0593  317.0000  284.0000    1.3100  1  2
    1.500    0.400    0.543    0.875  292.500    0.0639    0.0383  746.0000  697.0000    1.7300  1  2
    1.500    0.400    0.543    0.875  337.500    0.0028    0.0313 1030.0000 1113.0000    1.6700  1  2
    1.540    0.400    0.486   -0.875   22.500   -0.0320    0.0671  222.0000  246.0000    0.4430  1  2
    1.540    0.400    0.486   -0.875   67.500    0.0619    0.0788  171.0000  168.0000    0.6740  1  2
    1.540    0.400    0.486   -0.875  112.500   -0.0741    0.0843  136.0000  160.0000    0.8100  1  2
    1.540    0.400    0.486   -0.875  157.500    0.0158    0.1670   38.0000   38.0000    0.7700  1  2
    1.540    0.400    0.486   -0.875  202.500    0.0761    0.1640   42.0000   37.0000    0.7700  1  2
    1.540    0.400    0.486   -0.875  247.500    0.0396    0.0819  166.0000  148.0000    0.8100  1  2
    1.540    0.400    0.486   -0.875  292.500    0.1540    0.0778  200.0000  151.0000    0.6740  1  2
    1.540    0.400    0.486   -0.875  337.500    0.1510    0.0693  251.0000  192.0000    0.4430  1  2
    1.540    0.400    0.486   -0.625   22.500   -0.0474    0.0539  348.0000  377.0000    0.8100  1  2
    1.540    0.400    0.486   -0.625   67.500   -0.0470    0.0497  407.0000  443.0000    1.4000  1  2
    1.540    0.400    0.486   -0.625  112.500   -0.1080    0.0407  586.0000  692.0000    1.5900  1  2
    1.540    0.400    0.486   -0.625  157.500   -0.0938    0.1570   40.0000   46.0000    1.2700  1  2
    1.540    0.400    0.486   -0.625  202.500    0.0843    0.1640   42.0000   37.0000    1.2700  1  2
    1.540    0.400    0.486   -0.625  247.500    0.0675    0.0407  671.0000  601.0000    1.5900  1  2
    1.540    0.400    0.486   -0.625  292.500    0.1960    0.0501  487.0000  364.0000    1.4000  1  2
    1.540    0.400    0.486   -0.625  337.500    0.0822    0.0519  416.0000  366.0000    0.8100  1  2
    1.540    0.400    0.486   -0.375   22.500   -0.0446    0.0426  559.0000  597.0000    1.2500  1  2
    1.540    0.400    0.486   -0.375   67.500   -0.0591    0.0346  840.0000  916.0000    2.1000  1  2
    1.540    0.400    0.486   -0.375  112.500   -0.1130    0.0341  841.0000  987.0000    2.2500  1  2
    1.540    0.400    0.486   -0.375  157.500    0.0457    0.0896  135.0000  127.0000    1.6100  1  2
    1.540    0.400    0.486   -0.375  202.500    0.1070    0.0826  166.0000  143.0000    1.6100  1  2
    1.540    0.400    0.486   -0.375  247.500    0.0226    0.0345  900.0000  869.0000    2.2500  1  2
    1.540    0.400    0.486   -0.375  292.500    0.0222    0.0359  830.0000  801.0000    2.1000  1  2
    1.540    0.400    0.486   -0.375  337.500    0.0252    0.0422  602.0000  579.0000    1.2500  1  2
    1.540    0.400    0.486   -0.125   22.500   -0.0316    0.0467  471.0000  492.0000    1.6100  1  2
    1.540    0.400    0.486   -0.125   67.500   -0.0872    0.0293 1155.0000 1303.0000    2.6200  1  2
    1.540    0.400    0.486   -0.125  112.500   -0.0849    0.0329  916.0000 1030.0000    2.7200  1  2
    1.540    0.400    0.486   -0.125  157.500   -0.0342    0.0449  508.0000  532.0000    1.8500  1  2
    1.540    0.400    0.486   -0.125  202.500   -0.0483    0.0464  472.0000  505.0000    1.8500  1  2
    1.540    0.400    0.486   -0.125  247.500    0.0462    0.0322 1050.0000  985.0000    2.7200  1  2
    1.540    0.400    0.486   -0.125  292.500    0.0107    0.0294 1223.0000 1205.0000    2.6200  1  2
    1.540    0.400    0.486   -0.125  337.500    0.0184    0.0471  478.0000  466.0000    1.6100  1  2
    1.540    0.400    0.486    0.125   22.500   -0.0635    0.0391  658.0000  716.0000    1.7600  1  2
    1.540    0.400    0.486    0.125   67.500   -0.0622    0.0271 1379.0000 1501.0000    2.8000  1  2
    1.540    0.400    0.486    0.125  112.500   -0.0352    0.0313 1047.0000 1097.0000    2.8600  1  2
    1.540    0.400    0.486    0.125  157.500    0.0085    0.0409  634.0000  624.0000    1.9000  1  2
    1.540    0.400    0.486    0.125  202.500   -0.0125    0.0401  647.0000  661.0000    1.9000  1  2
    1.540    0.400    0.486    0.125  247.500    0.0668    0.0317 1087.0000  993.0000    2.8600  1  2
    1.540    0.400    0.486    0.125  292.500    0.0243    0.0272 1434.0000 1388.0000    2.8000  1  2
    1.540    0.400    0.486    0.125  337.500   -0.0104    0.0391  680.0000  692.0000    1.7600  1  2
    1.540    0.400    0.486    0.375   22.500   -0.0238    0.0297 1173.0000 1202.0000    1.6800  1  2
    1.540    0.400    0.486    0.375   67.500   -0.0293    0.0268 1445.0000 1487.0000    2.5800  1  2
    1.540    0.400    0.486    0.375  112.500    0.0070    0.0335  949.0000  928.0000    2.5700  1  2
    1.540    0.400    0.486    0.375  157.500    0.0043    0.0414  617.0000  609.0000    1.6700  1  2
    1.540    0.400    0.486    0.375  202.500    0.0290    0.0414  620.0000  600.0000    1.6700  1  2
    1.540    0.400    0.486    0.375  247.500    0.0543    0.0330  993.0000  933.0000    2.5700  1  2
    1.540    0.400    0.486    0.375  292.500    0.0326    0.0270 1475.0000 1427.0000    2.5800  1  2
    1.540    0.400    0.486    0.375  337.500    0.0239    0.0299 1198.0000 1169.0000    1.6800  1  2
    1.540    0.400    0.486    0.625   22.500    0.0196    0.0342  924.0000  877.0000    1.4900  1  2
    1.540    0.400    0.486    0.625   67.500   -0.0322    0.0304 1118.0000 1150.0000    2.0100  1  2
    1.540    0.400    0.486    0.625  112.500   -0.0184    0.0391  683.0000  693.0000    1.8500  1  2
    1.540    0.400    0.486    0.625  157.500    0.0095    0.0504  418.0000  408.0000    1.1000  1  2
    1.540    0.400    0.486    0.625  202.500    0.0496    0.0481  467.0000  441.0000    1.1000  1  2
    1.540    0.400    0.486    0.625  247.500    0.0587    0.0381  752.0000  701.0000    1.8500  1  2
    1.540    0.400    0.486    0.625  292.500    0.0406    0.0299 1201.0000 1154.0000    2.0100  1  2
    1.540    0.400    0.486    0.625  337.500    0.0047    0.0339  901.0000  918.0000    1.4900  1  2
    1.540    0.400    0.486    0.875   22.500   -0.0027    0.0296 1247.0000 1153.0000    1.2900  1  2
    1.540    0.400    0.486    0.875   67.500   -0.1000    0.0406  613.0000  670.0000    1.2800  1  2
    1.540    0.400    0.486    0.875  112.500   -0.0235    0.0591  302.0000  300.0000    0.9390  1  2
    1.540    0.400    0.486    0.875  157.500    0.0362    0.0809  166.0000  155.0000    0.4600  1  2
    1.540    0.400    0.486    0.875  202.500    0.0174    0.0762  181.0000  180.0000    0.4600  1  2
    1.540    0.400    0.486    0.875  247.500    0.0120    0.0581  307.0000  314.0000    0.9390  1  2
    1.540    0.400    0.486    0.875  292.500   -0.0010    0.0396  653.0000  687.0000    1.2800  1  2
    1.540    0.400    0.486    0.875  337.500    0.0320    0.0299 1163.0000 1208.0000    1.2900  1  2
    1.580    0.400    0.422   -0.875   22.500   -0.2000    0.0688  193.0000  259.0000    0.4760  1  2
    1.580    0.400    0.422   -0.875   67.500   -0.2420    0.0864  119.0000  170.0000    0.5910  1  2
    1.580    0.400    0.422   -0.875  112.500   -0.1800    0.0967   99.0000  129.0000    0.6550  1  2
    1.580    0.400    0.422   -0.875  157.500    0.0059    0.2960   12.0000   12.0000    0.6310  1  2
    1.580    0.400    0.422   -0.875  202.500   -0.0059    0.2960   12.0000   12.0000    0.6310  1  2
    1.580    0.400    0.422   -0.875  247.500    0.0288    0.0914  129.0000  122.0000    0.6550  1  2
    1.580    0.400    0.422   -0.875  292.500    0.1280    0.0861  157.0000  129.0000    0.5910  1  2
    1.580    0.400    0.422   -0.875  337.500    0.0506    0.0675  241.0000  221.0000    0.4760  1  2
    1.580    0.400    0.422   -0.625   22.500    0.0914    0.0545  377.0000  333.0000    0.7780  1  2
    1.580    0.400    0.422   -0.625   67.500   -0.1250    0.0557  311.0000  374.0000    1.0500  1  2
    1.580    0.400    0.422   -0.625  112.500   -0.0890    0.0503  389.0000  444.0000    1.1600  1  2
    1.580    0.400    0.422   -0.625  157.500    0.0483    0.2610   16.0000   15.0000    1.0400  1  2
    1.580    0.400    0.422   -0.625  202.500    0.3200    0.2480   22.0000   14.0000    1.0400  1  2
    1.580    0.400    0.422   -0.625  247.500    0.1480    0.0543  398.0000  321.0000    1.1600  1  2
    1.580    0.400    0.422   -0.625  292.500    0.0303    0.0542  367.0000  348.0000    1.0500  1  2
    1.580    0.400    0.422   -0.625  337.500    0.0571    0.0533  385.0000  355.0000    0.7780  1  2
    1.580    0.400    0.422   -0.375   22.500    0.0465    0.0491  448.0000  421.0000    0.9600  1  2
    1.580    0.400    0.422   -0.375   67.500   -0.0767    0.0426  548.0000  611.0000    1.3500  1  2
    1.580    0.400    0.422   -0.375  112.500   -0.0124    0.0470  470.0000  480.0000    1.4300  1  2
    1.580    0.400    0.422   -0.375  157.500    0.0694    0.0790  177.0000  161.0000    1.1600  1  2
    1.580    0.400    0.422   -0.375  202.500    0.0073    0.0762  182.0000  180.0000    1.1600  1  2
    1.580    0.400    0.422   -0.375  247.500    0.1030    0.0462  529.0000  457.0000    1.4300  1  2
    1.580    0.400    0.422   -0.375  292.500   -0.0301    0.0441  532.0000  553.0000    1.3500  1  2
    1.580    0.400    0.422   -0.375  337.500    0.0055    0.0501  419.0000  415.0000    0.9600  1  2
    1.580    0.400    0.422   -0.125   22.500   -0.0291    0.0543  348.0000  363.0000    1.0800  1  2
    1.580    0.400    0.422   -0.125   67.500   -0.0357    0.0362  781.0000  822.0000    1.5800  1  2
    1.580    0.400    0.422   -0.125  112.500   -0.0354    0.0417  588.0000  618.0000    1.6500  1  2
    1.580    0.400    0.422   -0.125  157.500   -0.1160    0.0536  338.0000  397.0000    1.2600  1  2
    1.580    0.400    0.422   -0.125  202.500   -0.0175    0.0504  407.0000  417.0000    1.2600  1  2
    1.580    0.400    0.422   -0.125  247.500    0.0777    0.0409  663.0000  595.0000    1.6500  1  2
    1.580    0.400    0.422   -0.125  292.500    0.0151    0.0355  843.0000  824.0000    1.5800  1  2
    1.580    0.400    0.422   -0.125  337.500    0.0290    0.0562  340.0000  326.0000    1.0800  1  2
    1.580    0.400    0.422    0.125   22.500   -0.0090    0.0428  570.0000  576.0000    1.0900  1  2
    1.580    0.400    0.422    0.125   67.500    0.0024    0.0339  917.0000  914.0000    1.6700  1  2
    1.580    0.400    0.422    0.125  112.500    0.0127    0.0397  670.0000  659.0000    1.7700  1  2
    1.580    0.400    0.422    0.125  157.500   -0.0188    0.0478  455.0000  466.0000    1.3200  1  2
    1.580    0.400    0.422    0.125  202.500    0.0290    0.0470  485.0000  467.0000    1.3200  1  2
    1.580    0.400    0.422    0.125  247.500   -0.0207    0.0391  679.0000  698.0000    1.7700  1  2
    1.580    0.400    0.422    0.125  292.500    0.1030    0.0341  973.0000  844.0000    1.6700  1  2
    1.580    0.400    0.422    0.125  337.500    0.0670    0.0423  613.0000  560.0000    1.0900  1  2
    1.580    0.400    0.422    0.375   22.500    0.0764    0.0372  803.0000  715.0000    0.9780  1  2
    1.580    0.400    0.422    0.375   67.500   -0.0214    0.0339  909.0000  923.0000    1.5400  1  2
    1.580    0.400    0.422    0.375  112.500    0.0297    0.0416  622.0000  591.0000    1.6300  1  2
    1.580    0.400    0.422    0.375  157.500    0.0134    0.0520  393.0000  383.0000    1.2100  1  2
    1.580    0.400    0.422    0.375  202.500    0.0478    0.0517  404.0000  381.0000    1.2100  1  2
    1.580    0.400    0.422    0.375  247.500   -0.0246    0.0414  600.0000  627.0000    1.6300  1  2
    1.580    0.400    0.422    0.375  292.500   -0.0325    0.0346  853.0000  905.0000    1.5400  1  2
    1.580    0.400    0.422    0.375  337.500    0.0525    0.0368  801.0000  753.0000    0.9780  1  2
    1.580    0.400    0.422    0.625   22.500    0.0672    0.0470  507.0000  450.0000    0.8800  1  2
    1.580    0.400    0.422    0.625   67.500    0.0286    0.0384  743.0000  687.0000    1.2100  1  2
    1.580    0.400    0.422    0.625  112.500   -0.0330    0.0484  445.0000  452.0000    1.1800  1  2
    1.580    0.400    0.422    0.625  157.500    0.0018    0.0629  267.0000  263.0000    0.8060  1  2
    1.580    0.400    0.422    0.625  202.500    0.0068    0.0584  307.0000  308.0000    0.8060  1  2
    1.580    0.400    0.422    0.625  247.500   -0.0203    0.0475  452.0000  479.0000    1.1800  1  2
    1.580    0.400    0.422    0.625  292.500    0.0426    0.0387  711.0000  697.0000    1.2100  1  2
    1.580    0.400    0.422    0.625  337.500    0.0220    0.0462  492.0000  490.0000    0.8800  1  2
    1.580    0.400    0.422    0.875   22.500   -0.0557    0.0277 1356.0000 1384.0000    0.9640  1  2
    1.580    0.400    0.422    0.875   67.500    0.1220    0.0429  628.0000  521.0000    0.9100  1  2
    1.580    0.400    0.422    0.875  112.500    0.0890    0.0649  268.0000  232.0000    0.6560  1  2
    1.580    0.400    0.422    0.875  157.500    0.0286    0.0984  111.0000  106.0000    0.3520  1  2
    1.580    0.400    0.422    0.875  202.500   -0.0587    0.1010   98.0000  107.0000    0.3520  1  2
    1.580    0.400    0.422    0.875  247.500    0.1190    0.0638  278.0000  241.0000    0.6560  1  2
    1.580    0.400    0.422    0.875  292.500   -0.0642    0.0423  558.0000  621.0000    0.9100  1  2
    1.580    0.400    0.422    0.875  337.500   -0.0222    0.0283 1256.0000 1370.0000    0.9640  1  2
    1.620    0.400    0.353   -0.875   22.500   -0.1450    0.0684  204.0000  250.0000    0.6110  1  2
    1.620    0.400    0.353   -0.875   67.500   -0.2860    0.0980   91.0000  136.0000    0.7280  1  2
    1.620    0.400    0.353   -0.875  112.500   -0.3770    0.1170   60.0000  103.0000    0.9070  1  2
    1.620    0.400    0.353   -0.875  157.500    0.0000    0.0000    1.0000    2.0000    1.0400  1  2
    1.620    0.400    0.353   -0.875  202.500    0.0000    0.0000    2.0000    2.0000    1.0400  1  2
    1.620    0.400    0.353   -0.875  247.500    0.0546    0.0984  113.0000  104.0000    0.9070  1  2
    1.620    0.400    0.353   -0.875  292.500    0.2780    0.0967  139.0000   94.0000    0.7280  1  2
    1.620    0.400    0.353   -0.875  337.500    0.0714    0.0712  218.0000  197.0000    0.6110  1  2
    1.620    0.400    0.353   -0.625   22.500    0.0593    0.0629  278.0000  255.0000    0.9940  1  2
    1.620    0.400    0.353   -0.625   67.500   -0.1320    0.0629  244.0000  292.0000    1.1100  1  2
    1.620    0.400    0.353   -0.625  112.500   -0.0470    0.0652  239.0000  255.0000    1.3600  1  2
    1.620    0.400    0.353   -0.625  157.500    0.2000    0.2090   28.0000   21.0000    1.5800  1  2
    1.620    0.400    0.353   -0.625  202.500    0.0997    0.2120   25.0000   22.0000    1.5800  1  2
    1.620    0.400    0.353   -0.625  247.500    0.0936    0.0686  239.0000  210.0000    1.3600  1  2
    1.620    0.400    0.353   -0.625  292.500    0.1550    0.0651  277.0000  224.0000    1.1100  1  2
    1.620    0.400    0.353   -0.625  337.500    0.1070    0.0580  336.0000  291.0000    0.9940  1  2
    1.620    0.400    0.353   -0.375   22.500   -0.0138    0.0575  314.0000  320.0000    1.0900  1  2
    1.620    0.400    0.353   -0.375   67.500    0.0381    0.0526  390.0000  370.0000    1.1800  1  2
    1.620    0.400    0.353   -0.375  112.500   -0.0196    0.0594  294.0000  302.0000    1.3600  1  2
    1.620    0.400    0.353   -0.375  157.500    0.0264    0.0739  196.0000  189.0000    1.5100  1  2
    1.620    0.400    0.353   -0.375  202.500   -0.0342    0.0704  207.0000  217.0000    1.5100  1  2
    1.620    0.400    0.353   -0.375  247.500   -0.0023    0.0584  307.0000  308.0000    1.3600  1  2
    1.620    0.400    0.353   -0.375  292.500    0.0830    0.0523  406.0000  362.0000    1.1800  1  2
    1.620    0.400    0.353   -0.375  337.500    0.0330    0.0586  314.0000  300.0000    1.0900  1  2
    1.620    0.400    0.353   -0.125   22.500    0.0296    0.0686  228.0000  220.0000    1.1300  1  2
    1.620    0.400    0.353   -0.125   67.500    0.0339    0.0454  523.0000  501.0000    1.3000  1  2
    1.620    0.400    0.353   -0.125  112.500    0.0038    0.0516  396.0000  395.0000    1.4000  1  2
    1.620    0.400    0.353   -0.125  157.500    0.0322    0.0586  313.0000  300.0000    1.3700  1  2
    1.620    0.400    0.353   -0.125  202.500    0.0058    0.0588  305.0000  302.0000    1.3700  1  2
    1.620    0.400    0.353   -0.125  247.500   -0.0105    0.0497  423.0000  428.0000    1.4000  1  2
    1.620    0.400    0.353   -0.125  292.500    0.0044    0.0454  514.0000  509.0000    1.3000  1  2
    1.620    0.400    0.353   -0.125  337.500   -0.1060    0.0671  218.0000  251.0000    1.1300  1  2
    1.620    0.400    0.353    0.125   22.500    0.0158    0.0506  413.0000  407.0000    1.1300  1  2
    1.620    0.400    0.353    0.125   67.500    0.0265    0.0428  579.0000  567.0000    1.4400  1  2
    1.620    0.400    0.353    0.125  112.500   -0.0246    0.0483  442.0000  459.0000    1.5100  1  2
    1.620    0.400    0.353    0.125  157.500    0.0483    0.0565  340.0000  319.0000    1.3000  1  2
    1.620    0.400    0.353    0.125  202.500    0.0538    0.0558  351.0000  325.0000    1.3000  1  2
    1.620    0.400    0.353    0.125  247.500   -0.0439    0.0499  410.0000  434.0000    1.5100  1  2
    1.620    0.400    0.353    0.125  292.500   -0.0878    0.0446  502.0000  558.0000    1.4400  1  2
    1.620    0.400    0.353    0.125  337.500    0.0228    0.0504  422.0000  406.0000    1.1300  1  2
    1.620    0.400    0.353    0.375   22.500   -0.0514    0.0500  404.0000  436.0000    1.0500  1  2
    1.620    0.400    0.353    0.375   67.500    0.0880    0.0457  533.0000  477.0000    1.4500  1  2
    1.620    0.400    0.353    0.375  112.500   -0.0510    0.0541  346.0000  374.0000    1.5100  1  2
    1.620    0.400    0.353    0.375  157.500    0.0694    0.0642  267.0000  243.0000    1.1900  1  2
    1.620    0.400    0.353    0.375  202.500   -0.0759    0.0646  239.0000  265.0000    1.1900  1  2
    1.620    0.400    0.353    0.375  247.500   -0.1320    0.0517  361.0000  430.0000    1.5100  1  2
    1.620    0.400    0.353    0.375  292.500    0.0330    0.0468  494.0000  467.0000    1.4500  1  2
    1.620    0.400    0.353    0.375  337.500    0.0029    0.0491  437.0000  433.0000    1.0500  1  2
    1.620    0.400    0.353    0.625   22.500    0.0043    0.0654  246.0000  246.0000    0.9670  1  2
    1.620    0.400    0.353    0.625   67.500    0.0036    0.0470  475.0000  477.0000    1.2600  1  2
    1.620    0.400    0.353    0.625  112.500    0.0174    0.0564  333.0000  327.0000    1.2400  1  2
    1.620    0.400    0.353    0.625  157.500    0.1610    0.0741  215.0000  172.0000    0.8990  1  2
    1.620    0.400    0.353    0.625  202.500   -0.0070    0.0736  193.0000  195.0000    0.8990  1  2
    1.620    0.400    0.353    0.625  247.500   -0.1740    0.0574  286.0000  362.0000    1.2400  1  2
    1.620    0.400    0.353    0.625  292.500   -0.1130    0.0470  443.0000  513.0000    1.2600  1  2
    1.620    0.400    0.353    0.625  337.500    0.0069    0.0638  260.0000  256.0000    0.9670  1  2
    1.620    0.400    0.353    0.875   22.500    0.0399    0.0303 1177.0000 1106.0000    1.1300  1  2
    1.620    0.400    0.353    0.875   67.500    0.1300    0.0423  642.0000  541.0000    1.1100  1  2
    1.620    0.400    0.353    0.875  112.500    0.0409    0.0606  293.0000  280.0000    0.9070  1  2
    1.620    0.400    0.353    0.875  157.500    0.1410    0.1060  104.0000   86.0000    0.6370  1  2
    1.620    0.400    0.353    0.875  202.500    0.0145    0.0926  124.0000  121.0000    0.6370  1  2
    1.620    0.400    0.353    0.875  247.500    0.0857    0.0583  330.0000  290.0000    0.9070  1  2
    1.620    0.400    0.353    0.875  292.500   -0.0129    0.0429  570.0000  575.0000    1.1100  1  2
    1.620    0.400    0.353    0.875  337.500   -0.0326    0.0303 1119.0000 1179.0000    1.1300  1  2
    1.660    0.400    0.277   -0.875   22.500   -0.1650    0.0778  155.0000  196.0000    0.8510  1  2
    1.660    0.400    0.277   -0.875   67.500   -0.0565    0.1120   80.0000   87.0000    0.9750  1  2
    1.660    0.400    0.277   -0.875  112.500   -0.2260    0.1270   56.0000   78.0000    1.2500  1  2
    1.660    0.400    0.277   -0.875  157.500    0.0000    0.0000    0.0000    0.0000    1.5100  1  2
    1.660    0.400    0.277   -0.875  202.500    0.0000    0.0000    1.0000    0.0000    1.5100  1  2
    1.660    0.400    0.277   -0.875  247.500    0.0990    0.1270   70.0000   60.0000    1.2500  1  2
    1.660    0.400    0.277   -0.875  292.500    0.2960    0.1110  108.0000   71.0000    0.9750  1  2
    1.660    0.400    0.277   -0.875  337.500   -0.0780    0.0793  159.0000  176.0000    0.8510  1  2
    1.660    0.400    0.277   -0.625   22.500   -0.0619    0.0703  204.0000  222.0000    1.2900  1  2
    1.660    0.400    0.277   -0.625   67.500   -0.1430    0.0775  159.0000  194.0000    1.3900  1  2
    1.660    0.400    0.277   -0.625  112.500   -0.1400    0.0893  120.0000  146.0000    1.8600  1  2
    1.660    0.400    0.277   -0.625  157.500   -0.0267    0.1990   26.0000   27.0000    2.4200  1  2
    1.660    0.400    0.277   -0.625  202.500    0.4830    0.1930   42.0000   21.0000    2.4200  1  2
    1.660    0.400    0.277   -0.625  247.500    0.0761    0.0865  148.0000  133.0000    1.8600  1  2
    1.660    0.400    0.277   -0.625  292.500    0.1220    0.0761  198.0000  167.0000    1.3900  1  2
    1.660    0.400    0.277   -0.625  337.500    0.0694    0.0659  254.0000  231.0000    1.2900  1  2
    1.660    0.400    0.277   -0.375   22.500    0.0245    0.0748  191.0000  185.0000    1.4300  1  2
    1.660    0.400    0.277   -0.375   67.500   -0.1070    0.0645  234.0000  273.0000    1.4500  1  2
    1.660    0.400    0.277   -0.375  112.500   -0.1100    0.0733  181.0000  212.0000    1.9000  1  2
    1.660    0.400    0.277   -0.375  157.500    0.0978    0.0752  199.0000  174.0000    2.5000  1  2
    1.660    0.400    0.277   -0.375  202.500   -0.0170    0.0768  176.0000  180.0000    2.5000  1  2
    1.660    0.400    0.277   -0.375  247.500   -0.0041    0.0781  172.0000  172.0000    1.9000  1  2
    1.660    0.400    0.277   -0.375  292.500    0.0699    0.0670  247.0000  223.0000    1.4500  1  2
    1.660    0.400    0.277   -0.375  337.500   -0.0168    0.0748  186.0000  190.0000    1.4300  1  2
    1.660    0.400    0.277   -0.125   22.500   -0.1570    0.0867  126.0000  157.0000    1.5300  1  2
    1.660    0.400    0.277   -0.125   67.500    0.0137    0.0597  295.0000  294.0000    1.5400  1  2
    1.660    0.400    0.277   -0.125  112.500   -0.0839    0.0630  248.0000  282.0000    1.8400  1  2
    1.660    0.400    0.277   -0.125  157.500   -0.0103    0.0629  263.0000  267.0000    2.2600  1  2
    1.660    0.400    0.277   -0.125  202.500   -0.0196    0.0626  264.0000  271.0000    2.2600  1  2
    1.660    0.400    0.277   -0.125  247.500    0.1350    0.0630  293.0000  240.0000    1.8400  1  2
    1.660    0.400    0.277   -0.125  292.500    0.0032    0.0591  304.0000  298.0000    1.5400  1  2
    1.660    0.400    0.277   -0.125  337.500    0.0607    0.0877  143.0000  131.0000    1.5300  1  2
    1.660    0.400    0.277    0.125   22.500    0.0064    0.0643  254.0000  253.0000    1.6300  1  2
    1.660    0.400    0.277    0.125   67.500    0.1010    0.0586  329.0000  287.0000    1.7000  1  2
    1.660    0.400    0.277    0.125  112.500   -0.0294    0.0609  277.0000  289.0000    1.8300  1  2
    1.660    0.400    0.277    0.125  157.500   -0.0668    0.0639  246.0000  270.0000    1.9300  1  2
    1.660    0.400    0.277    0.125  202.500   -0.0968    0.0652  232.0000  265.0000    1.9300  1  2
    1.660    0.400    0.277    0.125  247.500   -0.0303    0.0591  294.0000  306.0000    1.8300  1  2
    1.660    0.400    0.277    0.125  292.500    0.0414    0.0581  321.0000  302.0000    1.7000  1  2
    1.660    0.400    0.277    0.125  337.500   -0.0428    0.0616  269.0000  284.0000    1.6300  1  2
    1.660    0.400    0.277    0.375   22.500    0.0713    0.0593  313.0000  285.0000    1.6800  1  2
    1.660    0.400    0.277    0.375   67.500    0.0299    0.0543  362.0000  349.0000    1.8500  1  2
    1.660    0.400    0.277    0.375  112.500   -0.0013    0.0614  277.0000  278.0000    1.8200  1  2
    1.660    0.400    0.277    0.375  157.500   -0.0074    0.0767  178.0000  180.0000    1.6100  1  2
    1.660    0.400    0.277    0.375  202.500   -0.0609    0.0717  196.0000  213.0000    1.6100  1  2
    1.660    0.400    0.277    0.375  247.500   -0.0435    0.0583  300.0000  318.0000    1.8200  1  2
    1.660    0.400    0.277    0.375  292.500   -0.1080    0.0564  309.0000  357.0000    1.8500  1  2
    1.660    0.400    0.277    0.375  337.500    0.0403    0.0594  307.0000  289.0000    1.6800  1  2
    1.660    0.400    0.277    0.625   22.500    0.0757    0.0829  161.0000  146.0000    1.7200  1  2
    1.660    0.400    0.277    0.625   67.500    0.0293    0.0506  418.0000  404.0000    1.9100  1  2
    1.660    0.400    0.277    0.625  112.500    0.0946    0.0578  335.0000  295.0000    1.7800  1  2
    1.660    0.400    0.277    0.625  157.500    0.0443    0.0833  156.0000  147.0000    1.4000  1  2
    1.660    0.400    0.277    0.625  202.500   -0.0796    0.0817  149.0000  166.0000    1.4000  1  2
    1.660    0.400    0.277    0.625  247.500   -0.0355    0.0546  344.0000  360.0000    1.7800  1  2
    1.660    0.400    0.277    0.625  292.500   -0.0523    0.0506  397.0000  424.0000    1.9100  1  2
    1.660    0.400    0.277    0.625  337.500    0.0919    0.0819  168.0000  147.0000    1.7200  1  2
    1.660    0.400    0.277    0.875   22.500    0.0472    0.0322 1046.0000  988.0000    1.9500  1  2
    1.660    0.400    0.277    0.875   67.500    0.0304    0.0436  560.0000  542.0000    2.0000  1  2
    1.660    0.400    0.277    0.875  112.500    0.0073    0.0543  359.0000  354.0000    1.8300  1  2
    1.660    0.400    0.277    0.875  157.500    0.1880    0.0900  149.0000  115.0000    1.5500  1  2
    1.660    0.400    0.277    0.875  202.500    0.0038    0.0865  141.0000  140.0000    1.5500  1  2
    1.660    0.400    0.277    0.875  247.500   -0.1340    0.0559  307.0000  371.0000    1.8300  1  2
    1.660    0.400    0.277    0.875  292.500    0.0365    0.0443  551.0000  519.0000    2.0000  1  2
    1.660    0.400    0.277    0.875  337.500   -0.0190    0.0326  982.0000 1000.0000    1.9500  1  2
