1.2625
2.38134
1.07511
1.2875
4.13078
1.91793
1.3125
6.74688
2.8211
1.3375
15.1855
5.08805
1.3625
28.7875
11.4693
1.3875
42.5479
18.9535
1.4125
55.1012
38.0024
1.4375
65.1974
46.3134
1.4625
70.1425
44.7313
1.4875
71.136
44.1998
1.5125
70.1522
38.3873
1.5375
69.2147
29.4022
1.5625
68.5321
33.1074
1.5875
69.3981
27.6557
1.6125
68.0274
16.7519
1.6375
67.3742
14.6939
1.6625
67.6807
12.9248
1.6875
66.7721
13.9769
1.7125
64.6209
11.9508
1.7375
60.2226
13.8604
1.7625
52.1703
16.9698
1.7875
49.5333
20.2231
1.8125
49.6473
21.9358
1.8375
47.9967
15.0805
1.8625
48.1148
14.7937
1.8875
47.4728
17.3918
1.9125
45.5659
11.5922
1.9375
45.5062
13.837
1.9625
43.7838
14.1569
1.9875
43.2384
15.5181
2.0125
41.714
16.3151
2.0375
41.2915
18.2568
2.0625
40.1722
19.5641
2.0875
40.4779
21.343
2.1125
37.5767
22.1041
2.1375
36.8073
21.433
2.1625
34.224
22.3502
2.1875
34.2313
24.2781
2.2125
34.2576
26.1016
2.2375
33.395
28.2305
2.2625
32.2915
29.21
2.2875
31.9333
30.1253
2.3125
30.4762
31.5971
2.3375
29.296
33.039
2.3625
26.8833
35.9926
2.3875
25.3753
38.9956
2.4125
25.1227
40.4123
2.4375
23.8686
41.2931
2.4625
23.1392
42.3284
2.4875
22.7732
43.5585
2.5125
22.941
43.7292
2.5375
22.4726
45.3753
2.5625
21.8317
58.9689
2.5875
20.5996
72.647
2.6125
19.7204
75.613
2.6375
19.4848
80.677
2.6625
19.1135
83.7071
2.6875
18.6539
87.3723
2.7125
17.8823
91.4529
2.7375
17.3807
91.9558
2.7625
17.3667
95.3434
2.7875
17.5091
98.0786
2.8125
17.0682
96.2003
2.8375
16.924
92.7064
2.8625
16.2563
93.1778
2.8875
16.1537
98.1582
2.9125
16.067
102.726
2.9375
16.2345
106.199
2.9625
15.949
108.825
2.9875
15.7827
114.547
3.0125
15.5909
110.641
