1.2625
2.10954
1.33789
1.2875
3.70375
2.41231
1.3125
5.95268
3.47696
1.3375
13.5608
6.33795
1.3625
25.4564
14.218
1.3875
37.4412
23.4108
1.4125
48.6859
46.3794
1.4375
56.8632
56.9825
1.4625
61.0097
55.797
1.4875
62.064
55.8908
1.5125
60.4042
50.4198
1.5375
60.5197
39.5816
1.5625
59.4775
44.0346
1.5875
58.8771
38.7492
1.6125
56.4972
25.6166
1.6375
57.0103
22.8938
1.6625
58.9856
19.5778
1.6875
58.9863
21.1395
1.7125
56.6777
17.8025
1.7375
51.7409
20.3827
1.7625
41.3174
25.1318
1.7875
38.2478
30.4309
1.8125
39.5354
33.505
1.8375
37.6603
22.5884
1.8625
38.0238
22.7
1.8875
37.3291
26.1807
1.9125
36.1693
17.7968
1.9375
35.8172
20.9039
1.9625
34.8718
21.676
1.9875
34.2631
23.5477
2.0125
32.8447
24.4502
2.0375
32.9318
27.9617
2.0625
31.366
29.6928
2.0875
31.7936
32.5424
2.1125
30.1702
33.4862
2.1375
28.7064
32.258
2.1625
27.2816
34.3137
2.1875
26.1867
36.4353
2.2125
25.9366
39.3303
2.2375
25.9184
42.355
2.2625
25.353
44.2335
2.2875
24.7475
45.6938
2.3125
23.9201
48.2159
2.3375
22.7509
50.2033
2.3625
20.974
55.039
2.3875
20.225
59.3862
2.4125
19.469
60.7272
2.4375
18.8515
62.3651
2.4625
18.7158
65.0079
2.4875
17.409
65.8443
2.5125
17.8148
65.6468
2.5375
17.8131
68.2519
2.5625
16.9398
88.4883
2.5875
16.016
110.126
2.6125
15.5451
117.156
2.6375
15.2195
123.28
2.6625
14.9871
129.031
2.6875
14.5302
133.127
2.7125
14.0171
135.699
2.7375
13.5353
135.432
2.7625
13.5679
144.032
2.7875
13.6087
149.536
2.8125
13.2948
142.241
2.8375
13.0954
136.967
2.8625
12.7231
142.388
2.8875
12.6281
150.166
2.9125
12.6606
156.044
2.9375
12.7745
159.63
2.9625
12.5584
166.789
2.9875
12.2654
171.685
3.0125
12.0898
166.825
