1.2625
2.52357
0
1.2875
4.38172
0
1.3125
7.11197
0
1.3375
15.9938
0
1.3625
30.4213
0
1.3875
44.8924
0
1.4125
58.7994
0
1.4375
69.2765
0
1.4625
75.1853
0
1.4875
76.0053
0
1.5125
74.806
0
1.5375
74.3703
0
1.5625
74.4108
0
1.5875
75.0321
0
1.6125
75.2424
0
1.6375
73.2307
0
1.6625
72.8017
0
1.6875
71.9124
0
1.7125
69.3024
0
1.7375
64.8267
0
1.7625
61.6098
0
1.7875
58.8888
0
1.8125
57.5902
0
1.8375
55.0658
0
1.8625
55.8673
0
1.8875
54.511
0
1.9125
53.0726
0
1.9375
52.3135
0
1.9625
50.4634
0
1.9875
49.8227
0
2.0125
48.9215
0
2.0375
48.3657
0
2.0625
47.1607
0
2.0875
46.8678
0
2.1125
44.8621
0
2.1375
42.1314
0
2.1625
39.8364
0
2.1875
38.5275
0
2.2125
38.8568
0
2.2375
38.2788
0
2.2625
37.7661
0
2.2875
36.3512
0
2.3125
35.1045
0
2.3375
33.127
0
2.3625
31.4431
0
2.3875
29.7023
0
2.4125
27.8056
0
2.4375
27.8898
0
2.4625
26.902
0
2.4875
26.4109
0
2.5125
25.3942
0
2.5375
26.2301
0
2.5625
24.7901
0
2.5875
23.8789
0
2.6125
23.046
0
2.6375
22.6015
0
2.6625
22.0557
0
2.6875
21.6842
0
2.7125
20.7017
0
2.7375
20.1608
0
2.7625
20.1369
0
2.7875
20.5152
0
2.8125
19.8447
0
2.8375
19.246
0
2.8625
19.0063
0
2.8875
18.7251
0
2.9125
18.7306
0
2.9375
18.8807
0
2.9625
18.4964
0
2.9875
18.0848
0
3.0125
18.07
0
