1.2625
0.296915
0.674846
1.2875
0.511971
1.17954
1.3125
0.774401
1.73728
1.3375
1.41467
2.28565
1.3625
2.53845
2.69892
1.3875
3.64964
5.84161
1.4125
4.59741
8.45411
1.4375
6.09583
10.1731
1.4625
7.80446
11.2601
1.4875
9.56431
13.2541
1.5125
9.44815
15.7887
1.5375
9.91661
15.2966
1.5625
9.10276
16.2899
1.5875
8.89028
19.909
1.6125
9.02455
22.4102
1.6375
10.504
25.1244
1.6625
12.0014
24.3557
1.6875
14.7262
23.4667
1.7125
16.8049
24.9657
1.7375
15.5392
26.0423
1.7625
13.6358
27.6516
1.7875
12.6502
30.4767
1.8125
11.8942
33.5168
1.8375
13.5194
22.9089
1.8625
13.6113
22.5715
1.8875
13.1282
26.248
1.9125
13.7592
17.817
1.9375
13.5732
21.0691
1.9625
13.124
21.7919
1.9875
12.6465
23.6595
2.0125
12.029
24.757
2.0375
11.3618
27.5346
2.0625
11.0533
29.7207
2.0875
10.6906
32.6096
2.1125
10.4118
33.4736
2.1375
10.2406
32.6008
2.1625
9.76342
34.3387
2.1875
9.28839
36.525
2.2125
9.08235
39.7336
2.2375
8.87874
42.7471
2.2625
8.69897
44.2778
2.2875
8.67447
45.91
2.3125
8.4264
47.6977
2.3375
8.21148
50.306
2.3625
7.83126
54.9136
2.3875
7.62064
59.7468
2.4125
7.33066
61.2178
2.4375
7.01641
62.1809
2.4625
6.86158
64.5837
2.4875
6.74197
66.8028
2.5125
6.58814
66.4409
2.5375
6.49701
69.3506
2.5625
5.83054
88.718
2.5875
5.35347
108.674
2.6125
5.04417
118.444
2.6375
4.87476
123.607
2.6625
4.75839
130.154
2.6875
4.66437
134.6
2.7125
4.48167
135.136
2.7375
4.4362
138.543
2.7625
4.42182
144.683
2.7875
4.46143
150.948
2.8125
4.38894
145.503
2.8375
4.31372
138.411
2.8625
4.20527
143.517
2.8875
4.14743
151.057
2.9125
4.19041
155.778
2.9375
4.30729
161.403
2.9625
4.16039
170.108
2.9875
3.84458
172.09
3.0125
3.45708
164.891
