1.2625
0.399601
0.715341
1.2875
0.689012
1.25777
1.3125
1.04075
1.84251
1.3375
1.91842
2.42923
1.3625
3.42619
2.89825
1.3875
4.93548
6.23756
1.4125
6.20507
9.05752
1.4375
8.06275
10.9049
1.4625
9.79062
12.57
1.4875
11.0842
15.8786
1.5125
10.7156
18.5578
1.5375
11.3667
18.9046
1.5625
10.6905
19.1993
1.5875
10.3596
22.3509
1.6125
10.7954
24.8554
1.6375
12.3449
26.8498
1.6625
14.0102
25.5293
1.6875
16.6964
24.8667
1.7125
18.4865
25.4131
1.7375
17.2365
27.3015
1.7625
14.9027
29.8662
1.7875
13.7734
33.2082
1.8125
13.0907
36.9074
1.8375
15.1429
24.8566
1.8625
15.3216
24.774
1.8875
14.7773
28.6818
1.9125
15.4679
19.5149
1.9375
15.2256
23.1538
1.9625
14.744
23.5151
1.9875
14.1846
25.9243
2.0125
13.4803
27.0889
2.0375
12.8246
30.219
2.0625
12.2355
31.9351
2.0875
12.0623
35.8812
2.1125
11.7273
36.7428
2.1375
11.5012
35.5088
2.1625
10.875
37.4612
2.1875
10.5224
40.3486
2.2125
10.2134
43.3842
2.2375
9.96739
46.5665
2.2625
9.83226
48.1806
2.2875
9.73028
50.3259
2.3125
9.53954
52.2022
2.3375
9.24064
55.0616
2.3625
8.8951
60.625
2.3875
8.43579
64.7565
2.4125
8.20311
66.791
2.4375
8.02738
68.1004
2.4625
7.71468
70.1273
2.4875
7.60919
73.9465
2.5125
7.4636
72.5919
2.5375
7.25503
75.3678
2.5625
6.67937
98.3631
2.5875
6.05889
120.358
2.6125
5.71719
129.87
2.6375
5.47091
134.061
2.6625
5.37838
142.566
2.6875
5.22413
146.499
2.7125
5.12321
148.71
2.7375
4.98977
151.018
2.7625
5.00068
159.103
2.7875
5.00721
163.856
2.8125
4.99298
158.216
2.8375
4.8632
152.32
2.8625
4.75311
157.581
2.8875
4.64626
163.955
2.9125
4.76759
170.553
2.9375
4.88959
176.836
2.9625
4.66762
184.048
2.9875
4.32349
188.983
3.0125
3.95528
179.498
