1.2625
0.114421
0.302963
1.2875
0.197655
0.532836
1.3125
0.297551
0.782417
1.3375
0.543072
1.02101
1.3625
0.974507
1.21769
1.3875
1.40765
2.63737
1.4125
1.81732
3.89646
1.4375
2.70958
5.14478
1.4625
3.38934
6.00276
1.4875
4.98342
6.51188
1.5125
5.33545
7.70488
1.5375
4.91436
7.80485
1.5625
4.79068
7.62528
1.5875
4.84082
8.6782
1.6125
4.43637
10.0961
1.6375
5.46811
11.6657
1.6625
6.95362
10.7508
1.6875
9.02643
10.9109
1.7125
10.5336
11.325
1.7375
9.96535
9.79012
1.7625
8.52067
10.1755
1.7875
7.34082
11.4884
1.8125
7.04119
12.5673
1.8375
8.20769
7.57583
1.8625
8.19279
7.19678
1.8875
7.86686
8.38711
1.9125
8.38157
5.68955
1.9375
8.23065
6.73756
1.9625
8.00587
6.94694
1.9875
7.74667
7.61284
2.0125
7.21785
7.80471
2.0375
6.8043
8.91412
2.0625
6.51369
9.49789
2.0875
6.30274
10.4549
2.1125
6.20318
10.6552
2.1375
6.1243
10.3466
2.1625
5.85813
10.9857
2.1875
5.5958
11.7638
2.2125
5.3432
12.7408
2.2375
5.21137
13.6559
2.2625
5.12676
14.0998
2.2875
5.14038
14.559
2.3125
5.04661
15.2606
2.3375
4.88726
15.9357
2.3625
4.7256
17.5363
2.3875
4.60383
19.0468
2.4125
4.44345
19.6279
2.4375
4.29634
19.8836
2.4625
4.23837
20.7416
2.4875
4.14575
21.2822
2.5125
4.01471
21.027
2.5375
3.93053
22.0076
2.5625
3.51588
28.7426
2.5875
3.12642
35.3801
2.6125
2.90293
37.3992
2.6375
2.7197
38.9016
2.6625
2.70311
41.3079
2.6875
2.6505
42.8067
2.7125
2.59372
43.3501
2.7375
2.5281
43.6707
2.7625
2.56643
46.0738
2.7875
2.56594
48.1919
2.8125
2.53237
46.3275
2.8375
2.50831
43.8763
2.8625
2.42126
45.5975
2.8875
2.37974
47.1263
2.9125
2.4693
49.7057
2.9375
2.50524
51.2344
2.9625
2.42054
54.1994
2.9875
2.21323
55.2025
3.0125
1.9125
52.9641
