1.2625
1.24985
0.513348
1.2875
2.17
0.915094
1.3125
3.40428
1.38543
1.3375
6.82805
3.05016
1.3625
12.1008
7.97754
1.3875
16.3227
12.6577
1.4125
19.7896
19.4929
1.4375
22.5051
27.6916
1.4625
23.9513
37.5464
1.4875
24.5892
44.9997
1.5125
24.6346
47.8987
1.5375
23.3171
51.7429
1.5625
23.6688
52.6831
1.5875
25.3102
47.8926
1.6125
27.6288
30.4453
1.6375
30.1406
27.0333
1.6625
33.2225
23.5012
1.6875
34.501
24.6518
1.7125
34.7722
21.4804
1.7375
31.7218
24.5382
1.7625
24.11
29.4754
1.7875
21.6217
35.1273
1.8125
21.3592
38.4622
1.8375
21.5456
26.2303
1.8625
21.406
25.9854
1.8875
21.1085
30.213
1.9125
21.068
20.4245
1.9375
20.8853
24.1272
1.9625
20.0694
24.7352
1.9875
19.652
27.0491
2.0125
18.8364
28.6142
2.0375
18.2605
31.7794
2.0625
17.6667
33.917
2.0875
17.621
37.4013
2.1125
16.9131
38.2116
2.1375
16.3865
37.2367
2.1625
15.4561
39.6526
2.1875
14.7886
41.7553
2.2125
14.8323
46.1738
2.2375
14.5359
48.5422
2.2625
14.4778
51.2434
2.2875
13.9314
52.5014
2.3125
13.5752
54.717
2.3375
13.0005
57.6598
2.3625
12.267
63.3632
2.3875
11.7462
68.2791
2.4125
11.3413
70.1658
2.4375
10.752
71.1855
2.4625
10.5604
74.4193
2.4875
10.5865
76.4185
2.5125
10.1934
76.1722
2.5375
10.1042
78.3579
2.5625
9.58892
103.954
2.5875
8.92345
125.305
2.6125
8.59177
137.211
2.6375
8.30278
141.166
2.6625
8.11026
147.752
2.6875
7.96593
154.82
2.7125
7.68343
156.529
2.7375
7.44993
157.406
2.7625
7.45585
164.577
2.7875
7.54807
171.56
2.8125
7.40397
167.776
2.8375
7.21632
160.735
2.8625
6.99739
161.428
2.8875
6.96726
171.872
2.9125
7.08056
179.264
2.9375
7.17536
186.911
2.9625
6.90016
192.045
2.9875
6.62246
198.784
3.0125
6.35095
190.312
