1.2625
0.576616
0.732438
1.2875
0.996584
1.29997
1.3125
1.50974
1.91825
1.3375
2.75928
2.50341
1.3625
4.94958
2.97638
1.3875
7.10846
6.42235
1.4125
8.92232
9.44043
1.4375
11.6059
11.6392
1.4625
13.0782
14.2187
1.4875
13.3384
19.9684
1.5125
12.8265
23.4507
1.5375
13.4425
24.505
1.5625
13.0737
23.6942
1.5875
12.7153
26.004
1.6125
13.4224
27.2833
1.6375
15.3072
28.2165
1.6625
17.3677
25.8286
1.6875
20.0259
26.1799
1.7125
21.4258
24.9942
1.7375
19.5419
27.2158
1.7625
16.3552
30.897
1.7875
15.1443
35.8087
1.8125
14.6245
39.1699
1.8375
17.6764
26.7726
1.8625
17.8007
26.4855
1.8875
17.3165
30.7766
1.9125
17.8241
20.5745
1.9375
17.7358
24.7193
1.9625
17.0623
25.2256
1.9875
16.4683
27.5931
2.0125
15.7113
29.1353
2.0375
15.0447
32.5879
2.0625
14.5623
34.5815
2.0875
14.0205
38.2737
2.1125
13.6245
38.7864
2.1375
13.5259
38.1044
2.1625
12.8996
40.5401
2.1875
12.2977
43.0643
2.2125
12.0606
46.4164
2.2375
11.7268
49.375
2.2625
11.6205
51.9591
2.2875
11.4121
53.5268
2.3125
11.0181
55.9704
2.3375
10.699
58.4336
2.3625
10.2138
64.1816
2.3875
9.85589
69.79
2.4125
9.5268
71.6008
2.4375
9.35047
73.4642
2.4625
9.06818
76.1407
2.4875
8.90873
79.1172
2.5125
8.70458
78.543
2.5375
8.35359
78.9882
2.5625
7.85956
105.531
2.5875
7.02651
127.709
2.6125
6.68116
137.603
2.6375
6.47083
143.795
2.6625
6.30653
150.492
2.6875
6.2859
158.437
2.7125
6.03161
158.062
2.7375
5.84027
160.867
2.7625
5.92423
170.936
2.7875
5.93329
175.784
2.8125
5.82541
168.537
2.8375
5.75018
164.051
2.8625
5.59059
166.539
2.8875
5.52712
175.459
2.9125
5.65825
184.407
2.9375
5.71252
187.127
2.9625
5.46802
194.665
2.9875
5.17614
200.753
3.0125
4.77837
193.957
