1.2625
1.11683
0.936476
1.2875
1.93596
1.65989
1.3125
3.14613
2.44429
1.3375
6.90238
4.47414
1.3625
12.909
10.2961
1.3875
18.2112
16.3353
1.4125
21.9839
28.1654
1.4375
24.1828
37.1806
1.4625
25.9632
44.3064
1.4875
26.3851
50.4129
1.5125
25.687
55.1853
1.5375
25.2648
54.5489
1.5625
25.3922
55.983
1.5875
27.3126
51.1737
1.6125
30.6999
29.9862
1.6375
33.4711
26.4078
1.6625
36.7976
22.769
1.6875
38.0293
24.2446
1.7125
37.3682
20.6205
1.7375
34.4398
23.9732
1.7625
25.9338
28.7929
1.7875
23.3791
34.5894
1.8125
23.1925
37.6531
1.8375
22.8812
25.7924
1.8625
22.7927
25.1541
1.8875
22.246
29.7349
1.9125
22.5059
20.2294
1.9375
21.9434
23.6378
1.9625
21.4417
24.639
1.9875
20.6613
26.6599
2.0125
19.9754
27.9851
2.0375
19.3817
31.4453
2.0625
19.0711
33.515
2.0875
18.9906
37.008
2.1125
18.032
37.6552
2.1375
17.5077
36.9379
2.1625
16.471
38.8078
2.1875
15.8511
41.6228
2.2125
15.7813
44.4622
2.2375
15.6009
47.9357
2.2625
15.1883
49.7404
2.2875
14.8388
51.1878
2.3125
14.316
53.8284
2.3375
13.8314
56.353
2.3625
12.8447
61.7469
2.3875
12.0833
66.3369
2.4125
11.9326
68.9271
2.4375
11.5409
70.7149
2.4625
10.8491
72.338
2.4875
11.0063
75.4577
2.5125
11.0212
74.8507
2.5375
10.7924
76.5233
2.5625
10.2367
101.28
2.5875
9.68026
125.925
2.6125
9.14827
132.27
2.6375
8.84011
139.261
2.6625
8.69749
144.153
2.6875
8.53505
151.213
2.7125
8.22466
154.685
2.7375
8.06686
156.28
2.7625
8.08497
164.534
2.7875
8.00096
168.908
2.8125
7.86892
162.41
2.8375
7.78452
157.134
2.8625
7.53944
161.44
2.8875
7.40328
166.548
2.9125
7.6048
174.11
2.9375
7.63033
182.476
2.9625
7.444
191.556
2.9875
7.09093
194.079
3.0125
7.00179
186.795
