1.2625
0.153109
0.380926
1.2875
0.263005
0.669172
1.3125
0.402773
0.994754
1.3375
0.73481
1.30575
1.3625
1.31543
1.54646
1.3875
1.89178
3.32053
1.4125
2.42276
4.88624
1.4375
3.39549
6.16077
1.4625
4.36462
7.20916
1.4875
5.98083
8.00685
1.5125
6.24198
9.47285
1.5375
5.99801
9.43504
1.5625
5.73975
9.52734
1.5875
5.66927
11.081
1.6125
5.43981
12.7631
1.6375
6.55606
14.5741
1.6625
8.02595
13.6411
1.6875
10.3645
13.723
1.7125
11.8961
14.2374
1.7375
11.1616
13.2619
1.7625
9.66903
13.9101
1.7875
8.56535
15.7863
1.8125
8.02771
17.0521
1.8375
9.40545
10.8963
1.8625
9.36793
10.5867
1.8875
8.97549
12.2274
1.9125
9.57428
8.30524
1.9375
9.40965
9.76326
1.9625
9.13925
10.1847
1.9875
8.73455
11.0383
2.0125
8.26387
11.6275
2.0375
7.80352
12.9441
2.0625
7.5083
13.903
2.0875
7.25244
15.3826
2.1125
7.05054
15.5144
2.1375
7.00445
15.151
2.1625
6.69146
16.1192
2.1875
6.35627
17.1075
2.2125
6.15963
18.6179
2.2375
6.07685
20.0145
2.2625
5.99389
20.7369
2.2875
5.95987
21.5502
2.3125
5.76509
22.3557
2.3375
5.69314
23.6688
2.3625
5.41077
25.6001
2.3875
5.23513
27.9361
2.4125
5.0052
28.6115
2.4375
4.933
29.153
2.4625
4.77804
30.2263
2.4875
4.6551
31.0687
2.5125
4.56511
30.9523
2.5375
4.4814
32.2338
2.5625
4.00103
41.8152
2.5875
3.57427
51.2362
2.6125
3.38531
55.1673
2.6375
3.22274
57.5533
2.6625
3.13843
60.2235
2.6875
3.05812
62.2272
2.7125
3.03831
63.737
2.7375
2.98173
64.8088
2.7625
3.0075
68.641
2.7875
3.01097
70.6529
2.8125
2.95532
67.5419
2.8375
2.90659
64.8789
2.8625
2.83202
67.8666
2.8875
2.72214
69.6915
2.9125
2.9093
73.744
2.9375
2.92335
75.5475
2.9625
2.74573
78.6136
2.9875
2.59369
80.8641
3.0125
2.25884
78.5144
