1.2625
0.266361
0.61131
1.2875
0.460784
1.07781
1.3125
0.701963
1.59316
1.3375
1.2859
2.08856
1.3625
2.29172
2.48437
1.3875
3.29894
5.34225
1.4125
4.16124
7.76549
1.4375
5.51502
9.33475
1.4625
7.17163
10.5249
1.4875
8.888
12.1979
1.5125
8.76211
14.4597
1.5375
9.13198
14.1226
1.5625
8.43897
14.9515
1.5875
8.20756
18.1023
1.6125
8.29663
20.4757
1.6375
9.69545
23.0474
1.6625
11.1377
22.0586
1.6875
13.8375
21.3212
1.7125
15.7182
22.778
1.7375
14.5979
23.3728
1.7625
12.9145
25.0041
1.7875
11.7907
27.5098
1.8125
11.1133
30.3638
1.8375
12.7055
20.4696
1.8625
12.8091
20.2229
1.8875
12.2819
23.3086
1.9125
12.8833
15.7812
1.9375
12.7305
18.7812
1.9625
12.4013
19.4729
1.9875
11.8464
21.2863
2.0125
11.3343
22.2005
2.0375
10.7241
24.9596
2.0625
10.3105
26.6336
2.0875
10.0218
29.1488
2.1125
9.7166
29.9063
2.1375
9.54013
29.1409
2.1625
9.23282
30.8976
2.1875
8.69881
32.77
2.2125
8.42773
35.3362
2.2375
8.29678
38.0167
2.2625
8.11634
39.3795
2.2875
8.11738
40.9842
2.3125
7.88734
42.6434
2.3375
7.70969
44.7282
2.3625
7.43382
49.3005
2.3875
7.16135
53.564
2.4125
6.86944
54.7252
2.4375
6.71757
55.6619
2.4625
6.50656
58.1903
2.4875
6.27997
59.1676
2.5125
6.19489
59.2528
2.5375
6.01564
61.3494
2.5625
5.47669
79.9502
2.5875
5.0444
99.5411
2.6125
4.72676
105.975
2.6375
4.51833
110.095
2.6625
4.38782
114.716
2.6875
4.36916
121.538
2.7125
4.22843
122.069
2.7375
4.14484
124.375
2.7625
4.1373
129.122
2.7875
4.13467
133.03
2.8125
4.08315
130.832
2.8375
4.09341
125.53
2.8625
3.91864
128.846
2.8875
3.76938
130.478
2.9125
3.97615
139.638
2.9375
4.02096
143.224
2.9625
3.868
149.349
2.9875
3.6189
153.603
3.0125
3.25533
147.079
