1.2625
0.182965
0.439385
1.2875
0.314271
0.775252
1.3125
0.478657
1.14319
1.3375
0.868488
1.49935
1.3625
1.57907
1.78447
1.3875
2.24789
3.83631
1.4125
2.86088
5.60286
1.4375
3.93947
6.97652
1.4625
5.0198
7.99898
1.4875
6.7434
9.09083
1.5125
6.85901
10.7015
1.5375
6.77308
10.6477
1.5625
6.37964
10.7966
1.5875
6.368
12.9001
1.6125
6.14301
14.7159
1.6375
7.33374
16.7271
1.6625
8.85367
15.817
1.6875
11.2414
15.6478
1.7125
12.8114
16.3624
1.7375
12.0329
15.8453
1.7625
10.4839
16.7585
1.7875
9.37771
18.7663
1.8125
8.83741
20.5628
1.8375
10.2432
13.3809
1.8625
10.1349
12.9617
1.8875
9.74321
14.891
1.9125
10.3566
10.1499
1.9375
10.22
12.0572
1.9625
9.9025
12.4182
1.9875
9.53136
13.5676
2.0125
9.01286
14.1595
2.0375
8.48643
15.9281
2.0625
8.24811
16.9744
2.0875
7.95588
18.8471
2.1125
7.6937
19.0917
2.1375
7.70247
18.8461
2.1625
7.30341
19.8329
2.1875
6.9933
21.2949
2.2125
6.76264
22.7888
2.2375
6.67376
24.6029
2.2625
6.53649
25.2692
2.2875
6.513
26.4841
2.3125
6.32183
27.6709
2.3375
6.18381
28.9594
2.3625
5.89564
31.6959
2.3875
5.67862
34.1247
2.4125
5.54481
35.2306
2.4375
5.41601
36.0387
2.4625
5.24661
37.3597
2.4875
5.06184
38.4152
2.5125
5.00921
38.231
2.5375
4.85174
39.0902
2.5625
4.36892
51.1597
2.5875
4.01952
63.7248
2.6125
3.74905
68.2431
2.6375
3.51766
70.3517
2.6625
3.47158
73.7914
2.6875
3.39202
77.0059
2.7125
3.28424
77.2166
2.7375
3.2634
79.7464
2.7625
3.24002
82.8602
2.7875
3.24864
86.5457
2.8125
3.25854
82.9645
2.8375
3.14628
79.4312
2.8625
3.0683
81.7435
2.8875
3.00222
85.5395
2.9125
3.07694
89.2868
2.9375
3.2035
93.6252
2.9625
3.06962
97.0213
2.9875
2.84823
100.701
3.0125
2.50162
94.3395
