1.2625
0.639246
0.746862
1.2875
1.09929
1.31227
1.3125
1.66261
1.92573
1.3375
3.07143
2.55182
1.3625
5.44061
3.01179
1.3875
7.83887
6.51779
1.4125
9.80968
9.55709
1.4375
12.659
11.8311
1.4625
14.1043
14.8068
1.4875
14.1124
21.3175
1.5125
13.6875
25.2172
1.5375
14.1278
26.4621
1.5625
13.9247
25.2964
1.5875
13.5695
26.8501
1.6125
14.4111
28.2182
1.6375
16.3528
28.8522
1.6625
18.3583
25.7253
1.6875
21.1614
26.5512
1.7125
22.1434
24.52
1.7375
20.4867
27.2039
1.7625
16.8918
31.1612
1.7875
15.4964
36.3404
1.8125
15.0895
39.785
1.8375
18.5088
27.2295
1.8625
18.7584
27.2368
1.8875
18.1625
31.647
1.9125
18.7764
21.279
1.9375
18.5533
24.9608
1.9625
17.8623
25.8758
1.9875
17.4283
28.3797
2.0125
16.4711
29.6997
2.0375
15.6741
32.9215
2.0625
15.198
35.4587
2.0875
14.8684
38.9218
2.1125
14.3435
39.9164
2.1375
14.0474
38.7617
2.1625
13.3751
40.9587
2.1875
12.8338
43.7849
2.2125
12.4277
47.5443
2.2375
12.3994
50.7791
2.2625
12.1459
52.8719
2.2875
12.0803
54.8183
2.3125
11.5969
56.8864
2.3375
11.3713
60.4042
2.3625
10.8117
65.6464
2.3875
10.3111
71.5177
2.4125
9.9127
72.8012
2.4375
9.89948
74.8849
2.4625
9.39167
77.7119
2.4875
9.37441
80.8281
2.5125
9.09326
79.786
2.5375
8.85445
82.077
2.5625
8.14981
107.175
2.5875
7.41919
131.808
2.6125
7.00953
140.185
2.6375
6.73561
145.748
2.6625
6.60204
154.662
2.6875
6.54977
163.518
2.7125
6.37308
164.835
2.7375
6.18086
165.039
2.7625
6.20337
174.674
2.7875
6.21517
179.2
2.8125
6.14064
172.001
2.8375
6.0318
165.414
2.8625
5.84621
170.674
2.8875
5.78014
179.734
2.9125
5.81893
182.863
2.9375
5.9902
192.594
2.9625
5.75212
202.039
2.9875
5.45926
205.802
3.0125
5.02351
198.557
