1.2625
0.338366
0.702625
1.2875
0.585919
1.23601
1.3125
0.886958
1.82772
1.3375
1.6232
2.39997
1.3625
2.92489
2.86441
1.3875
4.18244
6.1574
1.4125
5.27822
8.90886
1.4375
6.94874
10.674
1.4625
8.67182
12.0162
1.4875
10.3942
14.5872
1.5125
10.1174
17.1227
1.5375
10.6868
16.8561
1.5625
9.87508
17.7163
1.5875
9.47541
21.0912
1.6125
9.86086
23.8915
1.6375
11.3168
26.4249
1.6625
12.8519
25.2621
1.6875
15.732
24.5633
1.7125
17.5803
25.8147
1.7375
16.3561
27.2342
1.7625
14.3471
29.294
1.7875
13.3461
32.5273
1.8125
12.5701
35.733
1.8375
14.4375
24.5938
1.8625
14.4941
24.2329
1.8875
13.9379
27.8938
1.9125
14.5057
18.8706
1.9375
14.473
22.6611
1.9625
13.9293
23.0002
1.9875
13.4253
25.2546
2.0125
12.7346
26.153
2.0375
12.0144
29.4776
2.0625
11.7116
31.6778
2.0875
11.3404
34.9655
2.1125
10.9485
35.2679
2.1375
10.8399
34.838
2.1625
10.3929
36.6272
2.1875
9.85426
38.9552
2.2125
9.66746
42.6075
2.2375
9.4393
45.6848
2.2625
9.34475
47.5057
2.2875
9.16592
48.7435
2.3125
9.01007
51.317
2.3375
8.65119
53.5371
2.3625
8.33907
59.4214
2.3875
8.02438
63.8569
2.4125
7.80618
65.7961
2.4375
7.65673
67.1807
2.4625
7.41332
69.8473
2.4875
7.20204
71.4301
2.5125
7.03259
70.8255
2.5375
6.88408
73.2268
2.5625
6.25993
96.1947
2.5875
5.72505
117.644
2.6125
5.42471
127.09
2.6375
5.17752
132.872
2.6625
5.03486
138.247
2.6875
4.98345
143.354
2.7125
4.83629
145.07
2.7375
4.69321
146.075
2.7625
4.73579
154.093
2.7875
4.68619
159.267
2.8125
4.65913
153.126
2.8375
4.58364
145.675
2.8625
4.43013
153.538
2.8875
4.38394
159.114
2.9125
4.50662
165.206
2.9375
4.6018
172.577
2.9625
4.43377
179.315
2.9875
4.1019
183.37
3.0125
3.72245
176.733
