1.2625
1.85961
1.32107
1.2875
3.20077
2.35576
1.3125
5.20275
3.40201
1.3375
11.7836
6.20643
1.3625
22.2987
13.9923
1.3875
32.8919
23.0577
1.4125
41.7235
44.3562
1.4375
48.4501
55.258
1.4625
52.0675
55.4266
1.4875
52.1593
56.5392
1.5125
50.54
52.7546
1.5375
50.4837
43.0073
1.5625
49.4984
47.5829
1.5875
48.7486
43.1895
1.6125
47.3935
27.0216
1.6375
49.3452
24.045
1.6625
52.0633
20.6283
1.6875
51.6476
22.191
1.7125
50.3647
18.6212
1.7375
46.6391
21.7949
1.7625
35.2238
26.4499
1.7875
32.3058
31.8824
1.8125
33.2503
35.0337
1.8375
31.3585
23.9871
1.8625
31.5325
23.4359
1.8875
30.8281
27.3455
1.9125
30.4875
18.5668
1.9375
30.2197
21.881
1.9625
29.1573
22.6838
1.9875
28.2625
24.6483
2.0125
27.226
25.566
2.0375
26.9829
29.1339
2.0625
26.526
30.8612
2.0875
26.5665
34.2113
2.1125
24.7582
34.7624
2.1375
24.1047
34.0796
2.1625
22.7385
35.8327
2.1875
22.1716
38.4178
2.2125
21.89
41.4452
2.2375
21.8016
44.4389
2.2625
20.9996
45.8924
2.2875
20.9361
47.6221
2.3125
19.9159
49.8947
2.3375
18.8753
51.9887
2.3625
17.5835
57.1876
2.3875
16.7783
62.2761
2.4125
16.3117
63.4776
2.4375
16.1472
65.2101
2.4625
15.0871
67.6359
2.4875
14.6662
69.804
2.5125
14.8782
69.9151
2.5375
14.4368
71.4511
2.5625
14.1643
93.5878
2.5875
13.3332
114.459
2.6125
12.9101
122.188
2.6375
12.6003
129.287
2.6625
12.3786
135.015
2.6875
12.1905
139.801
2.7125
11.5623
140.518
2.7375
11.3135
143.577
2.7625
11.2295
149.175
2.7875
11.3142
157.416
2.8125
11.2032
149.963
2.8375
10.9603
146.413
2.8625
10.5254
147.808
2.8875
10.5105
156.364
2.9125
10.5541
165.029
2.9375
10.7465
168.393
2.9625
10.4387
175.946
2.9875
10.2363
182.525
3.0125
10.1075
173.314
