     1.154     0.000     0.000    10.700     0.000     0.077     0.174    10.000    10.000    10.000     1 4
     1.154     0.000     0.000    20.900     0.000     0.273     0.111    10.000    10.000    10.000     1 4
     1.154     0.000     0.000    30.300     0.000     0.252     0.086    10.000    10.000    10.000     1 4
     1.154     0.000     0.000    39.800     0.000     0.237     0.086    10.000    10.000    10.000     1 4
     1.154     0.000     0.000    49.500     0.000     0.251     0.088    10.000    10.000    10.000     1 4
     1.154     0.000     0.000    60.500     0.000     0.469     0.081    10.000    10.000    10.000     1 4
     1.154     0.000     0.000    70.100     0.000     0.292     0.081    10.000    10.000    10.000     1 4
     1.154     0.000     0.000    80.400     0.000     0.368     0.081    10.000    10.000    10.000     1 4
     1.154     0.000     0.000    90.200     0.000     0.369     0.065    10.000    10.000    10.000     1 4
     1.154     0.000     0.000   100.000     0.000     0.457     0.057    10.000    10.000    10.000     1 4
     1.154     0.000     0.000   110.100     0.000     0.353     0.050    10.000    10.000    10.000     1 4
     1.154     0.000     0.000   120.100     0.000     0.320     0.048    10.000    10.000    10.000     1 4
     1.154     0.000     0.000   129.800     0.000     0.204     0.053    10.000    10.000    10.000     1 4
     1.154     0.000     0.000   139.700     0.000     0.260     0.060    10.000    10.000    10.000     1 4
     1.154     0.000     0.000   149.800     0.000     0.253     0.073    10.000    10.000    10.000     1 4
     1.154     0.000     0.000   160.400     0.000     0.062     0.072    10.000    10.000    10.000     1 4
     1.154     0.000     0.000   169.400     0.000    -0.067     0.081    10.000    10.000    10.000     1 4
     1.162     0.000     0.000    11.000     0.000     0.049     0.099    10.000    10.000    10.000     1 4
     1.162     0.000     0.000    20.600     0.000    -0.084     0.081    10.000    10.000    10.000     1 4
     1.162     0.000     0.000    30.300     0.000     0.286     0.058    10.000    10.000    10.000     1 4
     1.162     0.000     0.000    39.700     0.000     0.368     0.055    10.000    10.000    10.000     1 4
     1.162     0.000     0.000    49.500     0.000     0.375     0.061    10.000    10.000    10.000     1 4
     1.162     0.000     0.000    60.500     0.000     0.475     0.060    10.000    10.000    10.000     1 4
     1.162     0.000     0.000    70.200     0.000     0.331     0.050    10.000    10.000    10.000     1 4
     1.162     0.000     0.000    80.200     0.000     0.348     0.045    10.000    10.000    10.000     1 4
     1.162     0.000     0.000    90.200     0.000     0.394     0.037    10.000    10.000    10.000     1 4
     1.162     0.000     0.000   100.000     0.000     0.428     0.035    10.000    10.000    10.000     1 4
     1.162     0.000     0.000   109.900     0.000     0.340     0.033    10.000    10.000    10.000     1 4
     1.162     0.000     0.000   120.100     0.000     0.292     0.032    10.000    10.000    10.000     1 4
     1.162     0.000     0.000   129.900     0.000     0.221     0.035    10.000    10.000    10.000     1 4
     1.162     0.000     0.000   139.800     0.000     0.265     0.039    10.000    10.000    10.000     1 4
     1.162     0.000     0.000   149.700     0.000     0.167     0.048    10.000    10.000    10.000     1 4
     1.162     0.000     0.000   160.300     0.000     0.112     0.049    10.000    10.000    10.000     1 4
     1.162     0.000     0.000   169.400     0.000     0.073     0.056    10.000    10.000    10.000     1 4
     1.170     0.000     0.000    10.800     0.000     0.100     0.081    10.000    10.000    10.000     1 4
     1.170     0.000     0.000    20.600     0.000     0.234     0.062    10.000    10.000    10.000     1 4
     1.170     0.000     0.000    30.300     0.000     0.299     0.046    10.000    10.000    10.000     1 4
     1.170     0.000     0.000    39.700     0.000     0.352     0.043    10.000    10.000    10.000     1 4
     1.170     0.000     0.000    49.300     0.000     0.380     0.054    10.000    10.000    10.000     1 4
     1.170     0.000     0.000    60.600     0.000     0.364     0.053    10.000    10.000    10.000     1 4
     1.170     0.000     0.000    70.500     0.000     0.389     0.040    10.000    10.000    10.000     1 4
     1.170     0.000     0.000    80.300     0.000     0.398     0.033    10.000    10.000    10.000     1 4
     1.170     0.000     0.000    90.100     0.000     0.364     0.028    10.000    10.000    10.000     1 4
     1.170     0.000     0.000    99.900     0.000     0.328     0.028    10.000    10.000    10.000     1 4
     1.170     0.000     0.000   110.000     0.000     0.338     0.029    10.000    10.000    10.000     1 4
     1.170     0.000     0.000   120.000     0.000     0.403     0.028    10.000    10.000    10.000     1 4
     1.170     0.000     0.000   129.800     0.000     0.338     0.030    10.000    10.000    10.000     1 4
     1.170     0.000     0.000   139.800     0.000     0.270     0.034    10.000    10.000    10.000     1 4
     1.170     0.000     0.000   149.700     0.000     0.195     0.043    10.000    10.000    10.000     1 4
     1.170     0.000     0.000   160.300     0.000     0.196     0.046    10.000    10.000    10.000     1 4
     1.170     0.000     0.000   169.400     0.000     0.149     0.048    10.000    10.000    10.000     1 4
     1.178     0.000     0.000    10.900     0.000    -0.092     0.060    10.000    10.000    10.000     1 4
     1.178     0.000     0.000    20.400     0.000     0.198     0.048    10.000    10.000    10.000     1 4
     1.178     0.000     0.000    30.300     0.000     0.285     0.037    10.000    10.000    10.000     1 4
     1.178     0.000     0.000    39.800     0.000     0.351     0.034    10.000    10.000    10.000     1 4
     1.178     0.000     0.000    49.300     0.000     0.490     0.043    10.000    10.000    10.000     1 4
     1.178     0.000     0.000    60.700     0.000     0.494     0.044    10.000    10.000    10.000     1 4
     1.178     0.000     0.000    70.600     0.000     0.401     0.030    10.000    10.000    10.000     1 4
     1.178     0.000     0.000    80.300     0.000     0.448     0.023    10.000    10.000    10.000     1 4
     1.178     0.000     0.000    90.100     0.000     0.453     0.021    10.000    10.000    10.000     1 4
     1.178     0.000     0.000    99.700     0.000     0.361     0.021    10.000    10.000    10.000     1 4
     1.178     0.000     0.000   109.900     0.000     0.423     0.023    10.000    10.000    10.000     1 4
     1.178     0.000     0.000   120.100     0.000     0.368     0.024    10.000    10.000    10.000     1 4
     1.178     0.000     0.000   129.900     0.000     0.334     0.025    10.000    10.000    10.000     1 4
     1.178     0.000     0.000   139.700     0.000     0.264     0.028    10.000    10.000    10.000     1 4
     1.178     0.000     0.000   149.600     0.000     0.249     0.035    10.000    10.000    10.000     1 4
     1.178     0.000     0.000   160.200     0.000     0.180     0.040    10.000    10.000    10.000     1 4
     1.178     0.000     0.000   169.500     0.000     0.036     0.041    10.000    10.000    10.000     1 4
     1.186     0.000     0.000    10.800     0.000     0.078     0.044    10.000    10.000    10.000     1 4
     1.186     0.000     0.000    20.500     0.000     0.155     0.037    10.000    10.000    10.000     1 4
     1.186     0.000     0.000    30.100     0.000     0.269     0.029    10.000    10.000    10.000     1 4
     1.186     0.000     0.000    39.800     0.000     0.349     0.027    10.000    10.000    10.000     1 4
     1.186     0.000     0.000    49.300     0.000     0.400     0.034    10.000    10.000    10.000     1 4
     1.186     0.000     0.000    60.600     0.000     0.447     0.036    10.000    10.000    10.000     1 4
     1.186     0.000     0.000    70.900     0.000     0.471     0.022    10.000    10.000    10.000     1 4
     1.186     0.000     0.000    80.300     0.000     0.460     0.018    10.000    10.000    10.000     1 4
     1.186     0.000     0.000    90.000     0.000     0.456     0.016    10.000    10.000    10.000     1 4
     1.186     0.000     0.000    99.800     0.000     0.439     0.016    10.000    10.000    10.000     1 4
     1.186     0.000     0.000   109.700     0.000     0.417     0.019    10.000    10.000    10.000     1 4
     1.186     0.000     0.000   120.100     0.000     0.405     0.020    10.000    10.000    10.000     1 4
     1.186     0.000     0.000   130.000     0.000     0.378     0.020    10.000    10.000    10.000     1 4
     1.186     0.000     0.000   139.700     0.000     0.286     0.023    10.000    10.000    10.000     1 4
     1.186     0.000     0.000   149.600     0.000     0.252     0.029    10.000    10.000    10.000     1 4
     1.186     0.000     0.000   160.300     0.000     0.115     0.034    10.000    10.000    10.000     1 4
     1.186     0.000     0.000   169.600     0.000     0.003     0.034    10.000    10.000    10.000     1 4
     1.194     0.000     0.000    10.800     0.000     0.105     0.035    10.000    10.000    10.000     1 4
     1.194     0.000     0.000    20.300     0.000     0.175     0.029    10.000    10.000    10.000     1 4
     1.194     0.000     0.000    30.100     0.000     0.318     0.024    10.000    10.000    10.000     1 4
     1.194     0.000     0.000    39.700     0.000     0.332     0.022    10.000    10.000    10.000     1 4
     1.194     0.000     0.000    49.200     0.000     0.428     0.027    10.000    10.000    10.000     1 4
     1.194     0.000     0.000    60.700     0.000     0.432     0.029    10.000    10.000    10.000     1 4
     1.194     0.000     0.000    70.800     0.000     0.463     0.018    10.000    10.000    10.000     1 4
     1.194     0.000     0.000    80.200     0.000     0.443     0.014    10.000    10.000    10.000     1 4
     1.194     0.000     0.000    90.100     0.000     0.436     0.013    10.000    10.000    10.000     1 4
     1.194     0.000     0.000    99.700     0.000     0.434     0.013    10.000    10.000    10.000     1 4
     1.194     0.000     0.000   109.600     0.000     0.436     0.016    10.000    10.000    10.000     1 4
     1.194     0.000     0.000   120.100     0.000     0.390     0.018    10.000    10.000    10.000     1 4
     1.194     0.000     0.000   130.100     0.000     0.347     0.017    10.000    10.000    10.000     1 4
     1.194     0.000     0.000   139.600     0.000     0.364     0.019    10.000    10.000    10.000     1 4
     1.194     0.000     0.000   149.600     0.000     0.298     0.025    10.000    10.000    10.000     1 4
     1.194     0.000     0.000   160.300     0.000     0.159     0.031    10.000    10.000    10.000     1 4
     1.194     0.000     0.000   169.600     0.000    -0.029     0.030    10.000    10.000    10.000     1 4
     1.201     0.000     0.000    10.600     0.000     0.011     0.046    10.000    10.000    10.000     1 4
     1.201     0.000     0.000    20.300     0.000     0.130     0.039    10.000    10.000    10.000     1 4
     1.201     0.000     0.000    30.100     0.000     0.261     0.033    10.000    10.000    10.000     1 4
     1.201     0.000     0.000    39.800     0.000     0.371     0.031    10.000    10.000    10.000     1 4
     1.201     0.000     0.000    49.300     0.000     0.470     0.037    10.000    10.000    10.000     1 4
     1.201     0.000     0.000    60.600     0.000     0.596     0.042    10.000    10.000    10.000     1 4
     1.201     0.000     0.000    70.800     0.000     0.477     0.025    10.000    10.000    10.000     1 4
     1.201     0.000     0.000    80.300     0.000     0.505     0.019    10.000    10.000    10.000     1 4
     1.201     0.000     0.000    90.100     0.000     0.500     0.017    10.000    10.000    10.000     1 4
     1.201     0.000     0.000    99.700     0.000     0.458     0.018    10.000    10.000    10.000     1 4
     1.201     0.000     0.000   109.500     0.000     0.495     0.023    10.000    10.000    10.000     1 4
     1.201     0.000     0.000   120.000     0.000     0.417     0.026    10.000    10.000    10.000     1 4
     1.201     0.000     0.000   130.100     0.000     0.477     0.025    10.000    10.000    10.000     1 4
     1.201     0.000     0.000   139.600     0.000     0.340     0.028    10.000    10.000    10.000     1 4
     1.201     0.000     0.000   149.600     0.000     0.304     0.037    10.000    10.000    10.000     1 4
     1.201     0.000     0.000   160.100     0.000     0.113     0.047    10.000    10.000    10.000     1 4
     1.201     0.000     0.000   169.600     0.000     0.036     0.045    10.000    10.000    10.000     1 4
     1.209     0.000     0.000    10.700     0.000     0.030     0.032    10.000    10.000    10.000     1 4
     1.209     0.000     0.000    20.300     0.000     0.162     0.027    10.000    10.000    10.000     1 4
     1.209     0.000     0.000    30.100     0.000     0.283     0.023    10.000    10.000    10.000     1 4
     1.209     0.000     0.000    39.900     0.000     0.345     0.021    10.000    10.000    10.000     1 4
     1.209     0.000     0.000    49.300     0.000     0.437     0.025    10.000    10.000    10.000     1 4
     1.209     0.000     0.000    60.500     0.000     0.497     0.028    10.000    10.000    10.000     1 4
     1.209     0.000     0.000    70.800     0.000     0.490     0.017    10.000    10.000    10.000     1 4
     1.209     0.000     0.000    80.300     0.000     0.516     0.013    10.000    10.000    10.000     1 4
     1.209     0.000     0.000    90.100     0.000     0.518     0.012    10.000    10.000    10.000     1 4
     1.209     0.000     0.000    99.600     0.000     0.514     0.013    10.000    10.000    10.000     1 4
     1.209     0.000     0.000   109.400     0.000     0.522     0.016    10.000    10.000    10.000     1 4
     1.209     0.000     0.000   120.000     0.000     0.426     0.020    10.000    10.000    10.000     1 4
     1.209     0.000     0.000   130.200     0.000     0.440     0.018    10.000    10.000    10.000     1 4
     1.209     0.000     0.000   139.500     0.000     0.354     0.021    10.000    10.000    10.000     1 4
     1.209     0.000     0.000   149.500     0.000     0.284     0.029    10.000    10.000    10.000     1 4
     1.209     0.000     0.000   160.200     0.000     0.206     0.037    10.000    10.000    10.000     1 4
     1.209     0.000     0.000   169.700     0.000     0.051     0.034    10.000    10.000    10.000     1 4
     1.217     0.000     0.000    10.700     0.000     0.003     0.029    10.000    10.000    10.000     1 4
     1.217     0.000     0.000    20.300     0.000     0.188     0.026    10.000    10.000    10.000     1 4
     1.217     0.000     0.000    30.000     0.000     0.278     0.022    10.000    10.000    10.000     1 4
     1.217     0.000     0.000    39.800     0.000     0.337     0.020    10.000    10.000    10.000     1 4
     1.217     0.000     0.000    49.400     0.000     0.450     0.023    10.000    10.000    10.000     1 4
     1.217     0.000     0.000    60.500     0.000     0.507     0.026    10.000    10.000    10.000     1 4
     1.217     0.000     0.000    70.800     0.000     0.503     0.016    10.000    10.000    10.000     1 4
     1.217     0.000     0.000    80.300     0.000     0.535     0.012    10.000    10.000    10.000     1 4
     1.217     0.000     0.000    90.100     0.000     0.534     0.011    10.000    10.000    10.000     1 4
     1.217     0.000     0.000    99.600     0.000     0.507     0.012    10.000    10.000    10.000     1 4
     1.217     0.000     0.000   109.300     0.000     0.523     0.016    10.000    10.000    10.000     1 4
     1.217     0.000     0.000   120.000     0.000     0.527     0.021    10.000    10.000    10.000     1 4
     1.217     0.000     0.000   130.200     0.000     0.466     0.018    10.000    10.000    10.000     1 4
     1.217     0.000     0.000   139.500     0.000     0.380     0.020    10.000    10.000    10.000     1 4
     1.217     0.000     0.000   149.400     0.000     0.294     0.029    10.000    10.000    10.000     1 4
     1.217     0.000     0.000   160.200     0.000     0.238     0.040    10.000    10.000    10.000     1 4
     1.217     0.000     0.000   169.800     0.000     0.083     0.035    10.000    10.000    10.000     1 4
     1.225     0.000     0.000    10.700     0.000     0.086     0.026    10.000    10.000    10.000     1 4
     1.225     0.000     0.000    20.300     0.000     0.146     0.023    10.000    10.000    10.000     1 4
     1.225     0.000     0.000    30.100     0.000     0.297     0.019    10.000    10.000    10.000     1 4
     1.225     0.000     0.000    39.900     0.000     0.319     0.018    10.000    10.000    10.000     1 4
     1.225     0.000     0.000    49.400     0.000     0.401     0.020    10.000    10.000    10.000     1 4
     1.225     0.000     0.000    60.400     0.000     0.519     0.022    10.000    10.000    10.000     1 4
     1.225     0.000     0.000    70.700     0.000     0.515     0.014    10.000    10.000    10.000     1 4
     1.225     0.000     0.000    80.300     0.000     0.524     0.011    10.000    10.000    10.000     1 4
     1.225     0.000     0.000    90.000     0.000     0.558     0.010    10.000    10.000    10.000     1 4
     1.225     0.000     0.000    99.600     0.000     0.544     0.011    10.000    10.000    10.000     1 4
     1.225     0.000     0.000   109.300     0.000     0.546     0.014    10.000    10.000    10.000     1 4
     1.225     0.000     0.000   119.900     0.000     0.495     0.020    10.000    10.000    10.000     1 4
     1.225     0.000     0.000   130.200     0.000     0.459     0.017    10.000    10.000    10.000     1 4
     1.225     0.000     0.000   139.500     0.000     0.458     0.018    10.000    10.000    10.000     1 4
     1.225     0.000     0.000   149.300     0.000     0.348     0.028    10.000    10.000    10.000     1 4
     1.225     0.000     0.000   160.300     0.000     0.241     0.039    10.000    10.000    10.000     1 4
     1.225     0.000     0.000   169.800     0.000     0.090     0.034    10.000    10.000    10.000     1 4
     1.232     0.000     0.000    10.800     0.000     0.089     0.025    10.000    10.000    10.000     1 4
     1.232     0.000     0.000    20.400     0.000     0.160     0.022    10.000    10.000    10.000     1 4
     1.232     0.000     0.000    30.100     0.000     0.275     0.018    10.000    10.000    10.000     1 4
     1.232     0.000     0.000    39.900     0.000     0.341     0.016    10.000    10.000    10.000     1 4
     1.232     0.000     0.000    49.400     0.000     0.421     0.019    10.000    10.000    10.000     1 4
     1.232     0.000     0.000    60.500     0.000     0.441     0.020    10.000    10.000    10.000     1 4
     1.232     0.000     0.000    70.700     0.000     0.505     0.013    10.000    10.000    10.000     1 4
     1.232     0.000     0.000    80.300     0.000     0.541     0.010    10.000    10.000    10.000     1 4
     1.232     0.000     0.000    90.000     0.000     0.556     0.009    10.000    10.000    10.000     1 4
     1.232     0.000     0.000    99.600     0.000     0.574     0.010    10.000    10.000    10.000     1 4
     1.232     0.000     0.000   109.300     0.000     0.559     0.014    10.000    10.000    10.000     1 4
     1.232     0.000     0.000   119.900     0.000     0.525     0.019    10.000    10.000    10.000     1 4
     1.232     0.000     0.000   130.300     0.000     0.501     0.016    10.000    10.000    10.000     1 4
     1.232     0.000     0.000   139.500     0.000     0.432     0.017    10.000    10.000    10.000     1 4
     1.232     0.000     0.000   149.300     0.000     0.421     0.027    10.000    10.000    10.000     1 4
     1.232     0.000     0.000   160.200     0.000     0.192     0.039    10.000    10.000    10.000     1 4
     1.232     0.000     0.000   169.800     0.000     0.022     0.033    10.000    10.000    10.000     1 4
     1.240     0.000     0.000    10.800     0.000     0.043     0.026    10.000    10.000    10.000     1 4
     1.240     0.000     0.000    20.300     0.000     0.159     0.022    10.000    10.000    10.000     1 4
     1.240     0.000     0.000    30.100     0.000     0.310     0.018    10.000    10.000    10.000     1 4
     1.240     0.000     0.000    39.800     0.000     0.370     0.017    10.000    10.000    10.000     1 4
     1.240     0.000     0.000    49.400     0.000     0.406     0.020    10.000    10.000    10.000     1 4
     1.240     0.000     0.000    60.700     0.000     0.505     0.020    10.000    10.000    10.000     1 4
     1.240     0.000     0.000    70.700     0.000     0.526     0.013    10.000    10.000    10.000     1 4
     1.240     0.000     0.000    80.300     0.000     0.548     0.010    10.000    10.000    10.000     1 4
     1.240     0.000     0.000    90.000     0.000     0.559     0.009    10.000    10.000    10.000     1 4
     1.240     0.000     0.000    99.600     0.000     0.579     0.010    10.000    10.000    10.000     1 4
     1.240     0.000     0.000   109.300     0.000     0.581     0.014    10.000    10.000    10.000     1 4
     1.240     0.000     0.000   119.800     0.000     0.576     0.020    10.000    10.000    10.000     1 4
     1.240     0.000     0.000   130.300     0.000     0.558     0.017    10.000    10.000    10.000     1 4
     1.240     0.000     0.000   139.500     0.000     0.461     0.018    10.000    10.000    10.000     1 4
     1.240     0.000     0.000   149.100     0.000     0.425     0.029    10.000    10.000    10.000     1 4
     1.240     0.000     0.000   160.300     0.000     0.241     0.043    10.000    10.000    10.000     1 4
     1.240     0.000     0.000   169.800     0.000     0.073     0.035    10.000    10.000    10.000     1 4
     1.247     0.000     0.000    11.000     0.000    -0.002     0.044    10.000    10.000    10.000     1 4
     1.247     0.000     0.000    20.400     0.000     0.056     0.036    10.000    10.000    10.000     1 4
     1.247     0.000     0.000    30.100     0.000     0.274     0.029    10.000    10.000    10.000     1 4
     1.247     0.000     0.000    39.800     0.000     0.389     0.027    10.000    10.000    10.000     1 4
     1.247     0.000     0.000    49.300     0.000     0.411     0.032    10.000    10.000    10.000     1 4
     1.247     0.000     0.000    60.800     0.000     0.479     0.032    10.000    10.000    10.000     1 4
     1.247     0.000     0.000    70.600     0.000     0.558     0.021    10.000    10.000    10.000     1 4
     1.247     0.000     0.000    80.300     0.000     0.588     0.017    10.000    10.000    10.000     1 4
     1.247     0.000     0.000    90.100     0.000     0.575     0.015    10.000    10.000    10.000     1 4
     1.247     0.000     0.000    99.600     0.000     0.589     0.017    10.000    10.000    10.000     1 4
     1.247     0.000     0.000   109.300     0.000     0.590     0.023    10.000    10.000    10.000     1 4
     1.247     0.000     0.000   119.600     0.000     0.555     0.033    10.000    10.000    10.000     1 4
     1.247     0.000     0.000   130.300     0.000     0.503     0.029    10.000    10.000    10.000     1 4
     1.247     0.000     0.000   139.500     0.000     0.491     0.030    10.000    10.000    10.000     1 4
     1.247     0.000     0.000   149.000     0.000     0.343     0.049    10.000    10.000    10.000     1 4
     1.247     0.000     0.000   160.300     0.000     0.163     0.072    10.000    10.000    10.000     1 4
     1.247     0.000     0.000   169.800     0.000     0.102     0.060    10.000    10.000    10.000     1 4
     1.255     0.000     0.000    11.000     0.000     0.075     0.057    10.000    10.000    10.000     1 4
     1.255     0.000     0.000    20.400     0.000     0.119     0.046    10.000    10.000    10.000     1 4
     1.255     0.000     0.000    30.000     0.000     0.246     0.037    10.000    10.000    10.000     1 4
     1.255     0.000     0.000    39.700     0.000     0.324     0.034    10.000    10.000    10.000     1 4
     1.255     0.000     0.000    49.300     0.000     0.504     0.042    10.000    10.000    10.000     1 4
     1.255     0.000     0.000    60.900     0.000     0.617     0.041    10.000    10.000    10.000     1 4
     1.255     0.000     0.000    70.600     0.000     0.537     0.027    10.000    10.000    10.000     1 4
     1.255     0.000     0.000    80.300     0.000     0.561     0.022    10.000    10.000    10.000     1 4
     1.255     0.000     0.000    90.100     0.000     0.593     0.020    10.000    10.000    10.000     1 4
     1.255     0.000     0.000    99.600     0.000     0.606     0.021    10.000    10.000    10.000     1 4
     1.255     0.000     0.000   109.300     0.000     0.598     0.029    10.000    10.000    10.000     1 4
     1.255     0.000     0.000   119.600     0.000     0.590     0.041    10.000    10.000    10.000     1 4
     1.255     0.000     0.000   130.400     0.000     0.544     0.037    10.000    10.000    10.000     1 4
     1.255     0.000     0.000   139.500     0.000     0.500     0.039    10.000    10.000    10.000     1 4
     1.255     0.000     0.000   148.900     0.000     0.563     0.065    10.000    10.000    10.000     1 4
     1.255     0.000     0.000   160.400     0.000     0.229     0.096    10.000    10.000    10.000     1 4
     1.255     0.000     0.000   169.800     0.000     0.116     0.084    10.000    10.000    10.000     1 4
     1.262     0.000     0.000    11.100     0.000     0.116     0.056    10.000    10.000    10.000     1 4
     1.262     0.000     0.000    20.400     0.000     0.132     0.043    10.000    10.000    10.000     1 4
     1.262     0.000     0.000    30.100     0.000     0.292     0.034    10.000    10.000    10.000     1 4
     1.262     0.000     0.000    39.700     0.000     0.350     0.032    10.000    10.000    10.000     1 4
     1.262     0.000     0.000    49.300     0.000     0.432     0.039    10.000    10.000    10.000     1 4
     1.262     0.000     0.000    60.900     0.000     0.503     0.038    10.000    10.000    10.000     1 4
     1.262     0.000     0.000    70.500     0.000     0.557     0.026    10.000    10.000    10.000     1 4
     1.262     0.000     0.000    80.300     0.000     0.624     0.021    10.000    10.000    10.000     1 4
     1.262     0.000     0.000    90.100     0.000     0.636     0.019    10.000    10.000    10.000     1 4
     1.262     0.000     0.000    99.600     0.000     0.661     0.020    10.000    10.000    10.000     1 4
     1.262     0.000     0.000   109.200     0.000     0.604     0.027    10.000    10.000    10.000     1 4
     1.262     0.000     0.000   119.600     0.000     0.628     0.039    10.000    10.000    10.000     1 4
     1.262     0.000     0.000   130.300     0.000     0.559     0.037    10.000    10.000    10.000     1 4
     1.262     0.000     0.000   139.500     0.000     0.537     0.038    10.000    10.000    10.000     1 4
     1.262     0.000     0.000   149.000     0.000     0.642     0.060    10.000    10.000    10.000     1 4
     1.262     0.000     0.000   160.400     0.000     0.424     0.103    10.000    10.000    10.000     1 4
     1.262     0.000     0.000   169.800     0.000     0.180     0.087    10.000    10.000    10.000     1 4
     1.270     0.000     0.000    11.240     0.000     0.138     0.117    10.000    10.000    10.000     1 4
     1.270     0.000     0.000    20.452     0.000     0.008     0.088    10.000    10.000    10.000     1 4
     1.270     0.000     0.000    30.165     0.000     0.214     0.068    10.000    10.000    10.000     1 4
     1.270     0.000     0.000    39.682     0.000     0.322     0.064    10.000    10.000    10.000     1 4
     1.270     0.000     0.000    49.182     0.000     0.403     0.080    10.000    10.000    10.000     1 4
     1.270     0.000     0.000    60.827     0.000     0.510     0.079    10.000    10.000    10.000     1 4
     1.270     0.000     0.000    70.523     0.000     0.485     0.052    10.000    10.000    10.000     1 4
     1.270     0.000     0.000    80.366     0.000     0.579     0.042    10.000    10.000    10.000     1 4
     1.270     0.000     0.000    90.132     0.000     0.570     0.038    10.000    10.000    10.000     1 4
     1.270     0.000     0.000    99.590     0.000     0.615     0.041    10.000    10.000    10.000     1 4
     1.270     0.000     0.000   109.293     0.000     0.612     0.053    10.000    10.000    10.000     1 4
     1.270     0.000     0.000   119.513     0.000     0.687     0.076    10.000    10.000    10.000     1 4
     1.270     0.000     0.000   130.324     0.000     0.650     0.074    10.000    10.000    10.000     1 4
     1.270     0.000     0.000   139.463     0.000     0.595     0.077    10.000    10.000    10.000     1 4
     1.270     0.000     0.000   148.875     0.000     0.676     0.127    10.000    10.000    10.000     1 4
     1.270     0.000     0.000   160.254     0.000    -0.277     0.204    10.000    10.000    10.000     1 4
     1.270     0.000     0.000   169.740     0.000     0.263     0.180    10.000    10.000    10.000     1 4
     1.277     0.000     0.000    11.300     0.000     0.244     0.115    10.000    10.000    10.000     1 4
     1.277     0.000     0.000    20.512     0.000     0.271     0.082    10.000    10.000    10.000     1 4
     1.277     0.000     0.000    30.142     0.000     0.238     0.064    10.000    10.000    10.000     1 4
     1.277     0.000     0.000    39.718     0.000     0.306     0.061    10.000    10.000    10.000     1 4
     1.277     0.000     0.000    49.252     0.000     0.468     0.075    10.000    10.000    10.000     1 4
     1.277     0.000     0.000    60.957     0.000     0.436     0.075    10.000    10.000    10.000     1 4
     1.277     0.000     0.000    70.514     0.000     0.598     0.051    10.000    10.000    10.000     1 4
     1.277     0.000     0.000    80.375     0.000     0.553     0.041    10.000    10.000    10.000     1 4
     1.277     0.000     0.000    90.145     0.000     0.592     0.036    10.000    10.000    10.000     1 4
     1.277     0.000     0.000    99.594     0.000     0.635     0.039    10.000    10.000    10.000     1 4
     1.277     0.000     0.000   109.348     0.000     0.600     0.050    10.000    10.000    10.000     1 4
     1.277     0.000     0.000   119.446     0.000     0.588     0.072    10.000    10.000    10.000     1 4
     1.277     0.000     0.000   130.330     0.000     0.705     0.072    10.000    10.000    10.000     1 4
     1.277     0.000     0.000   139.608     0.000     0.647     0.074    10.000    10.000    10.000     1 4
     1.277     0.000     0.000   148.853     0.000     0.317     0.123    10.000    10.000    10.000     1 4
     1.277     0.000     0.000   160.191     0.000     0.258     0.206    10.000    10.000    10.000     1 4
     1.277     0.000     0.000   169.843     0.000     0.159     0.176    10.000    10.000    10.000     1 4
     1.284     0.000     0.000    11.309     0.000    -0.013     0.099    10.000    10.000    10.000     1 4
     1.284     0.000     0.000    20.535     0.000     0.356     0.071    10.000    10.000    10.000     1 4
     1.284     0.000     0.000    30.150     0.000     0.198     0.054    10.000    10.000    10.000     1 4
     1.284     0.000     0.000    39.630     0.000     0.303     0.051    10.000    10.000    10.000     1 4
     1.284     0.000     0.000    49.195     0.000     0.393     0.065    10.000    10.000    10.000     1 4
     1.284     0.000     0.000    60.963     0.000     0.484     0.064    10.000    10.000    10.000     1 4
     1.284     0.000     0.000    70.383     0.000     0.589     0.044    10.000    10.000    10.000     1 4
     1.284     0.000     0.000    80.459     0.000     0.593     0.035    10.000    10.000    10.000     1 4
     1.284     0.000     0.000    90.165     0.000     0.584     0.030    10.000    10.000    10.000     1 4
     1.284     0.000     0.000    99.623     0.000     0.664     0.032    10.000    10.000    10.000     1 4
     1.284     0.000     0.000   109.336     0.000     0.650     0.042    10.000    10.000    10.000     1 4
     1.284     0.000     0.000   119.420     0.000     0.632     0.060    10.000    10.000    10.000     1 4
     1.284     0.000     0.000   130.234     0.000     0.602     0.062    10.000    10.000    10.000     1 4
     1.284     0.000     0.000   139.637     0.000     0.502     0.064    10.000    10.000    10.000     1 4
     1.284     0.000     0.000   148.786     0.000     0.429     0.104    10.000    10.000    10.000     1 4
     1.284     0.000     0.000   160.309     0.000     0.518     0.172    10.000    10.000    10.000     1 4
     1.284     0.000     0.000   169.800     0.000     0.299     0.157    10.000    10.000    10.000     1 4
     1.292     0.000     0.000    11.400     0.000     0.078     0.107    10.000    10.000    10.000     1 4
     1.292     0.000     0.000    20.548     0.000     0.207     0.076    10.000    10.000    10.000     1 4
     1.292     0.000     0.000    30.214     0.000     0.252     0.056    10.000    10.000    10.000     1 4
     1.292     0.000     0.000    39.563     0.000     0.257     0.055    10.000    10.000    10.000     1 4
     1.292     0.000     0.000    49.162     0.000     0.494     0.070    10.000    10.000    10.000     1 4
     1.292     0.000     0.000    61.016     0.000     0.379     0.069    10.000    10.000    10.000     1 4
     1.292     0.000     0.000    70.414     0.000     0.508     0.049    10.000    10.000    10.000     1 4
     1.292     0.000     0.000    80.411     0.000     0.534     0.039    10.000    10.000    10.000     1 4
     1.292     0.000     0.000    90.242     0.000     0.591     0.032    10.000    10.000    10.000     1 4
     1.292     0.000     0.000    99.592     0.000     0.598     0.034    10.000    10.000    10.000     1 4
     1.292     0.000     0.000   109.350     0.000     0.629     0.044    10.000    10.000    10.000     1 4
     1.292     0.000     0.000   119.495     0.000     0.691     0.063    10.000    10.000    10.000     1 4
     1.292     0.000     0.000   130.241     0.000     0.612     0.066    10.000    10.000    10.000     1 4
     1.292     0.000     0.000   139.422     0.000     0.486     0.072    10.000    10.000    10.000     1 4
     1.292     0.000     0.000   148.839     0.000     0.639     0.110    10.000    10.000    10.000     1 4
     1.292     0.000     0.000   159.944     0.000     0.468     0.205    10.000    10.000    10.000     1 4
     1.292     0.000     0.000   169.720     0.000     0.224     0.184    10.000    10.000    10.000     1 4
     1.299     0.000     0.000    11.579     0.000    -0.022     0.110    10.000    10.000    10.000     1 4
     1.299     0.000     0.000    20.563     0.000     0.170     0.073    10.000    10.000    10.000     1 4
     1.299     0.000     0.000    30.169     0.000     0.181     0.054    10.000    10.000    10.000     1 4
     1.299     0.000     0.000    39.596     0.000     0.385     0.052    10.000    10.000    10.000     1 4
     1.299     0.000     0.000    49.197     0.000     0.388     0.066    10.000    10.000    10.000     1 4
     1.299     0.000     0.000    60.865     0.000     0.482     0.068    10.000    10.000    10.000     1 4
     1.299     0.000     0.000    70.449     0.000     0.442     0.049    10.000    10.000    10.000     1 4
     1.299     0.000     0.000    80.412     0.000     0.561     0.038    10.000    10.000    10.000     1 4
     1.299     0.000     0.000    90.255     0.000     0.555     0.032    10.000    10.000    10.000     1 4
     1.299     0.000     0.000    99.584     0.000     0.684     0.033    10.000    10.000    10.000     1 4
     1.299     0.000     0.000   109.318     0.000     0.602     0.042    10.000    10.000    10.000     1 4
     1.299     0.000     0.000   119.426     0.000     0.721     0.058    10.000    10.000    10.000     1 4
     1.299     0.000     0.000   130.173     0.000     0.701     0.063    10.000    10.000    10.000     1 4
     1.299     0.000     0.000   139.572     0.000     0.575     0.067    10.000    10.000    10.000     1 4
     1.299     0.000     0.000   148.788     0.000     0.540     0.108    10.000    10.000    10.000     1 4
     1.299     0.000     0.000   160.132     0.000     0.466     0.204    10.000    10.000    10.000     1 4
     1.299     0.000     0.000   169.735     0.000     0.047     0.195    10.000    10.000    10.000     1 4
     1.306     0.000     0.000    11.324     0.000    -0.230     0.101    10.000    10.000    10.000     1 4
     1.306     0.000     0.000    20.653     0.000     0.033     0.064    10.000    10.000    10.000     1 4
     1.306     0.000     0.000    30.195     0.000     0.174     0.047    10.000    10.000    10.000     1 4
     1.306     0.000     0.000    39.562     0.000     0.260     0.046    10.000    10.000    10.000     1 4
     1.306     0.000     0.000    49.277     0.000     0.317     0.060    10.000    10.000    10.000     1 4
     1.306     0.000     0.000    60.885     0.000     0.466     0.061    10.000    10.000    10.000     1 4
     1.306     0.000     0.000    70.432     0.000     0.527     0.044    10.000    10.000    10.000     1 4
     1.306     0.000     0.000    80.438     0.000     0.572     0.034    10.000    10.000    10.000     1 4
     1.306     0.000     0.000    90.304     0.000     0.551     0.028    10.000    10.000    10.000     1 4
     1.306     0.000     0.000    99.577     0.000     0.602     0.029    10.000    10.000    10.000     1 4
     1.306     0.000     0.000   109.392     0.000     0.597     0.037    10.000    10.000    10.000     1 4
     1.306     0.000     0.000   119.395     0.000     0.657     0.050    10.000    10.000    10.000     1 4
     1.306     0.000     0.000   130.219     0.000     0.642     0.057    10.000    10.000    10.000     1 4
     1.306     0.000     0.000   139.627     0.000     0.637     0.061    10.000    10.000    10.000     1 4
     1.306     0.000     0.000   149.012     0.000     0.739     0.103    10.000    10.000    10.000     1 4
     1.306     0.000     0.000   159.765     0.000     0.692     0.185    10.000    10.000    10.000     1 4
     1.306     0.000     0.000   169.870     0.000     0.237     0.199    10.000    10.000    10.000     1 4



