 Parton Distribution Table : CTEQ4F3
  Ordr, Nfl, lambda        Qmass 1,  2,  3,         4,  5,  6
    2.    3. 0.3850    0.000    0.000    0.200    1.600    5.000  180.000
   NX,  NT,  NfMx
   90   13    3
QINI, QMAX, (QV(I), I =0, NT)
 1.60000E+00 1.00000E+04
 1.60000E+00 2.01872E+00 2.64549E+00 3.62326E+00 5.22375E+00 7.99453E+00
 1.31148E+01 2.33244E+01 4.55683E+01 9.93065E+01 2.45754E+02 7.05085E+02
 2.40258E+03 1.00000E+04
XMIN, (XV(I), I =0, NX)
 1.00000E-05
 0.00000E+00 9.99983E-06 1.24433E-05 1.54836E-05 1.92668E-05 2.39740E-05
 2.98310E-05 3.71184E-05 4.61852E-05 5.74656E-05 7.14994E-05 8.89575E-05
 1.10674E-04 1.37686E-04 1.71280E-04 2.13055E-04 2.64997E-04 3.29564E-04
 4.09809E-04 5.09508E-04 6.33332E-04 7.87053E-04 9.77784E-04 1.21428E-03
 1.50728E-03 1.86993E-03 2.31825E-03 2.88037E-03 3.56397E-03 4.40443E-03
 5.43508E-03 6.69508E-03 8.22984E-03 1.00851E-02 1.23281E-02 1.50167E-02
 1.82174E-02 2.19985E-02 2.64278E-02 3.15720E-02 3.74800E-02 4.42088E-02
 5.17931E-02 6.02576E-02 6.96136E-02 7.98586E-02 9.09356E-02 1.02935E-01
 1.15681E-01 1.29293E-01 1.43599E-01 1.58606E-01 1.74271E-01 1.90550E-01
 2.07405E-01 2.24796E-01 2.42685E-01 2.61038E-01 2.79820E-01 2.99001E-01
 3.18550E-01 3.38442E-01 3.58653E-01 3.79067E-01 3.99881E-01 4.20953E-01
 4.42266E-01 4.63806E-01 4.85559E-01 5.07513E-01 5.29656E-01 5.51978E-01
 5.74483E-01 5.97187E-01 6.19860E-01 6.42828E-01 6.65921E-01 6.89135E-01
 7.12467E-01 7.35911E-01 7.59464E-01 7.83080E-01 8.06909E-01 8.30741E-01
 8.54673E-01 8.78696E-01 9.02804E-01 9.26992E-01 9.51257E-01 9.75603E-01
 1.00000E+00
Parton Distribution Table:
 1.05023E+05 4.47532E+04 3.47081E+04 2.69179E+04 2.08763E+04 1.61908E+04
 1.25570E+04 9.73888E+03 7.55331E+03 5.85832E+03 4.54377E+03 3.52428E+03
 2.73361E+03 2.12040E+03 1.64482E+03 1.27597E+03 9.89900E+02 7.68028E+02
 5.95943E+02 4.62470E+02 3.58942E+02 2.78640E+02 2.16348E+02 1.68027E+02
 1.30539E+02 1.01454E+02 7.88856E+01 6.11538E+01 4.76142E+01 3.71018E+01
 2.89378E+01 2.25955E+01 1.76663E+01 1.38437E+01 1.08614E+01 8.53983E+00
 6.73072E+00 5.31891E+00 4.21518E+00 3.35006E+00 2.67119E+00 2.13594E+00
 1.71270E+00 1.37676E+00 1.10907E+00 8.94942E-01 7.23589E-01 5.84630E-01
 4.72968E-01 3.81904E-01 3.08239E-01 2.48328E-01 1.99577E-01 1.59911E-01
 1.27665E-01 1.01491E-01 8.02973E-02 6.31879E-02 4.94282E-02 3.84117E-02
 2.96367E-02 2.26874E-02 1.72195E-02 1.29652E-02 9.64688E-03 7.09890E-03
 5.16124E-03 3.70328E-03 2.61903E-03 1.82305E-03 1.24698E-03 8.36602E-04
 5.49194E-04 3.51688E-04 2.20040E-04 1.33130E-04 7.78152E-05 4.37117E-05
 2.34465E-05 1.19120E-05 5.67278E-06 2.50160E-06 9.96959E-07 3.52619E-07
 1.06156E-07 2.56481E-08 4.50607E-09 4.78447E-10 2.02658E-11 9.06929E-14
 0.00000E+00 1.00696E+05 7.82180E+04 5.99856E+04 4.59988E+04 3.52783E+04
 2.70532E+04 2.07486E+04 1.59114E+04 1.22036E+04 9.35867E+03 7.17796E+03
 5.50471E+03 4.22213E+03 3.23799E+03 2.48363E+03 1.90480E+03 1.46113E+03
 1.12068E+03 8.59735E+02 6.59501E+02 5.06034E+02 3.88272E+02 2.98010E+02
 2.28746E+02 1.75651E+02 1.34910E+02 1.03685E+02 7.94211E+01 6.11170E+01
 4.70600E+01 3.62779E+01 2.79934E+01 2.16339E+01 1.67559E+01 1.29972E+01
 1.01030E+01 7.87525E+00 6.15510E+00 4.82657E+00 3.79601E+00 2.99683E+00
 2.37306E+00 1.88535E+00 1.50196E+00 1.19979E+00 9.60241E-01 7.70520E-01
 6.17933E-01 4.96535E-01 3.98289E-01 3.19515E-01 2.55907E-01 2.04568E-01
 1.63070E-01 1.29584E-01 1.02560E-01 8.08185E-02 6.33572E-02 4.93978E-02
 3.82695E-02 2.94508E-02 2.24932E-02 1.70404E-02 1.28113E-02 9.52288E-03
 7.00200E-03 5.08911E-03 3.65088E-03 2.58258E-03 1.79778E-03 1.22978E-03
 8.24140E-04 5.39786E-04 3.43410E-04 2.12277E-04 1.25368E-04 6.99702E-05
 3.58529E-05 1.57979E-05 4.76214E-06 0.00000E+00 0.00000E+00 0.00000E+00
 0.00000E+00 0.00000E+00 0.00000E+00 0.00000E+00 0.00000E+00 0.00000E+00
 0.00000E+00 0.00000E+00 1.56100E+05 1.20561E+05 9.18475E+04 6.99580E+04
 5.32893E+04 4.05826E+04 3.09080E+04 2.35339E+04 1.79204E+04 1.36424E+04
 1.03864E+04 7.90540E+03 6.01747E+03 4.57919E+03 3.48497E+03 2.65151E+03
 2.01758E+03 1.53481E+03 1.16770E+03 8.88188E+02 6.75707E+02 5.13960E+02
 3.91025E+02 2.97461E+02 2.26357E+02 1.72259E+02 1.31171E+02 9.95188E+01
 7.58590E+01 5.78495E+01 4.41659E+01 3.37472E+01 2.58259E+01 1.98060E+01
 1.52128E+01 1.17090E+01 9.03880E+00 6.99615E+00 5.43420E+00 4.23381E+00
 3.31213E+00 2.59931E+00 2.04734E+00 1.61731E+00 1.28158E+00 1.01770E+00
 8.10610E-01 6.45391E-01 5.15103E-01 4.10467E-01 3.27250E-01 2.60537E-01
 2.07101E-01 1.64201E-01 1.29826E-01 1.02255E-01 8.02144E-02 6.26133E-02
 4.86258E-02 3.75315E-02 2.87873E-02 2.19201E-02 1.65633E-02 1.24254E-02
 9.22110E-03 6.77239E-03 4.92067E-03 3.53187E-03 2.50303E-03 1.74820E-03
 1.20266E-03 8.12966E-04 5.39515E-04 3.50009E-04 2.22858E-04 1.37771E-04
 8.27847E-05 4.80293E-05 2.68208E-05 1.42489E-05 7.14911E-06 3.30346E-06
 1.36278E-06 4.53227E-07 8.61905E-08 0.00000E+00 0.00000E+00 0.00000E+00
 0.00000E+00 0.00000E+00 0.00000E+00 2.25905E+05 1.73735E+05 1.31704E+05
 9.98116E+04 7.56404E+04 5.73034E+04 4.34103E+04 3.28741E+04 2.48942E+04
 1.88445E+04 1.42644E+04 1.07934E+04 8.16669E+03 6.17682E+03 4.67162E+03
 3.53182E+03 2.67006E+03 2.01776E+03 1.52481E+03 1.15186E+03 8.70172E+02
 6.57148E+02 4.96326E+02 3.74761E+02 2.83022E+02 2.13716E+02 1.61466E+02
 1.21511E+02 9.18699E+01 6.94792E+01 5.26000E+01 3.98494E+01 3.02331E+01
 2.29844E+01 1.74998E+01 1.33506E+01 1.02155E+01 7.83742E+00 6.03464E+00
 4.66095E+00 3.61536E+00 2.81357E+00 2.19803E+00 1.72250E+00 1.35441E+00
 1.06745E+00 8.44114E-01 6.67330E-01 5.29051E-01 4.18832E-01 3.31841E-01
 2.62603E-01 2.07545E-01 1.63643E-01 1.28703E-01 1.00855E-01 7.87325E-02
 6.11707E-02 4.72970E-02 3.63526E-02 2.77741E-02 2.10709E-02 1.58678E-02
 1.18669E-02 8.78272E-03 6.43523E-03 4.66726E-03 3.34591E-03 2.37043E-03
 1.65669E-03 1.14218E-03 7.75272E-04 5.18055E-04 3.39725E-04 2.19855E-04
 1.39285E-04 8.68210E-05 5.31763E-05 3.21957E-05 1.92663E-05 1.15321E-05
 6.89596E-06 4.15506E-06 2.49440E-06 1.47987E-06 8.35518E-07 4.31352E-07
 1.87324E-07 5.45692E-08 3.78388E-09 0.00000E+00 3.13335E+05 2.40110E+05
 1.81259E+05 1.36782E+05 1.03206E+05 7.78390E+04 5.86993E+04 4.42465E+04
 3.33474E+04 2.51216E+04 1.89220E+04 1.42456E+04 1.07232E+04 8.06779E+03
 6.06898E+03 4.56309E+03 3.43033E+03 2.57744E+03 1.93635E+03 1.45398E+03
 1.09168E+03 8.19276E+02 6.14815E+02 4.61192E+02 3.45964E+02 2.59458E+02
 1.94658E+02 1.45432E+02 1.09155E+02 8.19387E+01 6.15631E+01 4.62810E+01
 3.48377E+01 2.62754E+01 1.98448E+01 1.50171E+01 1.13971E+01 8.67250E+00
 6.62318E+00 5.07399E+00 3.90414E+00 3.01419E+00 2.33638E+00 1.81690E+00
 1.41798E+00 1.10939E+00 8.71089E-01 6.83894E-01 5.38585E-01 4.23617E-01
 3.33537E-01 2.62350E-01 2.06136E-01 1.61615E-01 1.26416E-01 9.85408E-02
 7.65351E-02 5.91716E-02 4.55356E-02 3.48399E-02 2.65030E-02 2.00235E-02
 1.50197E-02 1.11912E-02 8.25414E-03 6.02887E-03 4.36048E-03 3.11880E-03
 2.20583E-03 1.54025E-03 1.06210E-03 7.22066E-04 4.84227E-04 3.19553E-04
 2.08853E-04 1.34327E-04 8.55827E-05 5.40480E-05 3.40935E-05 2.14993E-05
 1.36914E-05 8.75925E-06 5.63142E-06 3.57624E-06 2.20831E-06 1.27695E-06
 6.63124E-07 2.84210E-07 8.02978E-08 5.70953E-09 0.00000E+00 4.22127E+05
 3.22423E+05 2.42468E+05 1.82261E+05 1.36976E+05 1.02891E+05 7.72707E+04
 5.80001E+04 4.35247E+04 3.26446E+04 2.44779E+04 1.83440E+04 1.37435E+04
 1.02908E+04 7.70334E+03 5.76302E+03 4.31022E+03 3.22169E+03 2.40741E+03
 1.79784E+03 1.34231E+03 1.00162E+03 7.47250E+02 5.57185E+02 4.15411E+02
 3.09587E+02 2.30780E+02 1.71273E+02 1.27687E+02 9.51947E+01 7.10219E+01
 5.30113E+01 3.96133E+01 2.96573E+01 2.22308E+01 1.66951E+01 1.25734E+01
 9.49391E+00 7.19441E+00 5.46908E+00 4.17581E+00 3.19941E+00 2.46128E+00
 1.89986E+00 1.47194E+00 1.14341E+00 8.91578E-01 6.95216E-01 5.43897E-01
 4.25039E-01 3.32566E-01 2.59999E-01 2.03084E-01 1.58312E-01 1.23143E-01
 9.54703E-02 7.37605E-02 5.67357E-02 4.34447E-02 3.30807E-02 2.50480E-02
 1.88397E-02 1.40707E-02 1.04409E-02 7.67041E-03 5.58182E-03 4.02347E-03
 2.86911E-03 2.02412E-03 1.41073E-03 9.71805E-04 6.60788E-04 4.43905E-04
 2.94098E-04 1.93492E-04 1.25757E-04 8.13316E-05 5.24217E-05 3.39245E-05
 2.20508E-05 1.44962E-05 9.56273E-06 6.30162E-06 4.07249E-06 2.53463E-06
 1.46516E-06 7.53759E-07 3.16544E-07 8.67907E-08 6.27309E-09 0.00000E+00
 5.56553E+05 4.23786E+05 3.17540E+05 2.37814E+05 1.78053E+05 1.33236E+05
 9.96680E+04 7.45142E+04 5.56899E+04 4.15959E+04 3.10577E+04 2.31747E+04
 1.72861E+04 1.28853E+04 9.60109E+03 7.14911E+03 5.32122E+03 3.95790E+03
 2.94271E+03 2.18637E+03 1.62383E+03 1.20520E+03 8.94197E+02 6.63018E+02
 4.91474E+02 3.64118E+02 2.69796E+02 1.98980E+02 1.47407E+02 1.09190E+02
 8.09256E+01 5.99980E+01 4.45258E+01 3.31031E+01 2.46371E+01 1.83691E+01
 1.37330E+01 1.02934E+01 7.74247E+00 5.84216E+00 4.42766E+00 3.36746E+00
 2.57163E+00 1.97077E+00 1.51603E+00 1.16945E+00 9.05656E-01 7.01452E-01
 5.45192E-01 4.23321E-01 3.29154E-01 2.55768E-01 1.98593E-01 1.53915E-01
 1.19046E-01 9.17854E-02 7.05315E-02 5.39674E-02 4.11130E-02 3.11490E-02
 2.34707E-02 1.75702E-02 1.30622E-02 9.64957E-03 7.05869E-03 5.11579E-03
 3.67351E-03 2.61048E-03 1.83606E-03 1.27652E-03 8.77861E-04 5.96524E-04
 4.01036E-04 2.66408E-04 1.76141E-04 1.15410E-04 7.55010E-05 4.94124E-05
 3.25640E-05 2.16010E-05 1.44787E-05 9.71438E-06 6.47460E-06 4.20855E-06
 2.61646E-06 1.50220E-06 7.62463E-07 3.13163E-07 8.33855E-08 6.11426E-09
 0.00000E+00 7.21426E+05 5.47683E+05 4.08929E+05 3.05165E+05 2.27646E+05
 1.69715E+05 1.26477E+05 9.41938E+04 7.01215E+04 5.21663E+04 3.87914E+04
 2.88254E+04 2.14098E+04 1.58903E+04 1.17880E+04 8.73807E+03 6.47401E+03
 4.79280E+03 3.54638E+03 2.62200E+03 1.93763E+03 1.43075E+03 1.05598E+03
 7.78795E+02 5.74131E+02 4.22971E+02 3.11604E+02 2.28448E+02 1.68219E+02
 1.23842E+02 9.12076E+01 6.71878E+01 4.95340E+01 3.65816E+01 2.70404E+01
 2.00219E+01 1.48637E+01 1.10622E+01 8.26141E+00 6.18919E+00 4.65706E+00
 3.51668E+00 2.66650E+00 2.02912E+00 1.55006E+00 1.18751E+00 9.13460E-01
 7.02805E-01 5.42703E-01 4.18705E-01 3.23535E-01 2.49873E-01 1.92859E-01
 1.48601E-01 1.14278E-01 8.76171E-02 6.69592E-02 5.09598E-02 3.86175E-02
 2.91083E-02 2.18227E-02 1.62566E-02 1.20277E-02 8.84402E-03 6.44015E-03
 4.64737E-03 3.32354E-03 2.35293E-03 1.64937E-03 1.14353E-03 7.84783E-04
 5.32718E-04 3.58241E-04 2.38476E-04 1.58327E-04 1.04454E-04 6.89933E-05
 4.57181E-05 3.05571E-05 2.05732E-05 1.39694E-05 9.46766E-06 6.34185E-06
 4.12389E-06 2.55071E-06 1.45023E-06 7.24802E-07 2.90904E-07 7.52759E-08
 5.59535E-09 0.00000E+00 9.22082E+05 6.97955E+05 5.19323E+05 3.86186E+05
 2.87055E+05 2.13229E+05 1.58316E+05 1.17463E+05 8.71084E+04 6.45511E+04
 4.78099E+04 3.53835E+04 2.61723E+04 1.93436E+04 1.42882E+04 1.05452E+04
 7.77810E+03 5.73212E+03 4.22172E+03 3.10656E+03 2.28460E+03 1.67864E+03
 1.23268E+03 9.04419E+02 6.63219E+02 4.85962E+02 3.56029E+02 2.59523E+02
 1.89995E+02 1.39048E+02 1.01786E+02 7.45184E+01 5.45911E+01 4.00580E+01
 2.94155E+01 2.16357E+01 1.59530E+01 1.17918E+01 8.74541E+00 6.50639E+00
 4.86164E+00 3.64567E+00 2.74512E+00 2.07460E+00 1.57398E+00 1.19771E+00
 9.15201E-01 6.99528E-01 5.36702E-01 4.11453E-01 3.15957E-01 2.42539E-01
 1.86079E-01 1.42538E-01 1.08984E-01 8.30868E-02 6.31447E-02 4.77957E-02
 3.60258E-02 2.70127E-02 2.01474E-02 1.49333E-02 1.09940E-02 8.04524E-03
 5.83106E-03 4.18902E-03 2.98306E-03 2.10363E-03 1.46943E-03 1.01581E-03
 6.95592E-04 4.71622E-04 3.17205E-04 2.11561E-04 1.40999E-04 9.36110E-05
 6.23645E-05 4.17697E-05 2.82412E-05 1.92316E-05 1.31754E-05 8.98260E-06
 6.02461E-06 3.90680E-06 2.39844E-06 1.34804E-06 6.62578E-07 2.59739E-07
 6.53617E-08 4.92332E-09 0.00000E+00 1.16435E+06 8.78771E+05 6.51614E+05
 4.82878E+05 3.57656E+05 2.64719E+05 1.95827E+05 1.44756E+05 1.06943E+05
 7.89455E+04 5.82425E+04 4.29335E+04 3.16282E+04 2.32799E+04 1.71236E+04
 1.25839E+04 9.24138E+03 6.78032E+03 4.97110E+03 3.64114E+03 2.66510E+03
 1.94881E+03 1.42404E+03 1.03959E+03 7.58427E+02 5.52806E+02 4.02827E+02
 2.92005E+02 2.12576E+02 1.54685E+02 1.12569E+02 8.19200E+01 5.96460E+01
 4.34955E+01 3.17365E+01 2.31923E+01 1.69883E+01 1.24739E+01 9.18911E+00
 6.79038E+00 5.03938E+00 3.75333E+00 2.80700E+00 2.10708E+00 1.58791E+00
 1.20030E+00 9.11174E-01 6.91936E-01 5.27495E-01 4.01852E-01 3.06677E-01
 2.33988E-01 1.78446E-01 1.35890E-01 1.03300E-01 7.83066E-02 5.91789E-02
 4.45482E-02 3.33962E-02 2.49081E-02 1.84807E-02 1.36281E-02 9.98264E-03
 7.26944E-03 5.24363E-03 3.74986E-03 2.65879E-03 1.86753E-03 1.29988E-03
 8.95965E-04 6.12196E-04 4.14622E-04 2.78937E-04 1.86408E-04 1.24716E-04
 8.33061E-05 5.59431E-05 3.78257E-05 2.58221E-05 1.77403E-05 1.22277E-05
 8.36170E-06 5.60106E-06 3.61438E-06 2.19888E-06 1.22022E-06 5.89305E-07
 2.25570E-07 5.52383E-08 4.21555E-09 0.00000E+00 1.45449E+06 1.09458E+06
 8.08863E+05 5.97336E+05 4.40877E+05 3.25154E+05 2.39662E+05 1.76508E+05
 1.29913E+05 9.55391E+04 7.02124E+04 5.15545E+04 3.78275E+04 2.77301E+04
 2.03126E+04 1.48650E+04 1.08698E+04 7.94036E+03 5.79574E+03 4.22598E+03
 3.07889E+03 2.24080E+03 1.62953E+03 1.18378E+03 8.59297E+02 6.23119E+02
 4.51688E+02 3.25652E+02 2.35775E+02 1.70612E+02 1.23451E+02 8.93176E+01
 6.46450E+01 4.68564E+01 3.39772E+01 2.46740E+01 1.79581E+01 1.31008E+01
 9.58775E+00 7.03834E+00 5.18875E+00 3.83894E+00 2.85193E+00 2.12666E+00
 1.59210E+00 1.19560E+00 9.01751E-01 6.80391E-01 5.15420E-01 3.90203E-01
 2.95956E-01 2.24446E-01 1.70148E-01 1.28812E-01 9.73524E-02 7.33778E-02
 5.51426E-02 4.12807E-02 3.07779E-02 2.28327E-02 1.68515E-02 1.23627E-02
 9.00972E-03 6.52862E-03 4.68661E-03 3.33617E-03 2.35525E-03 1.64779E-03
 1.14293E-03 7.85554E-04 5.35670E-04 3.62470E-04 2.43974E-04 1.63406E-04
 1.09768E-04 7.37642E-05 4.99095E-05 3.40337E-05 2.34223E-05 1.62011E-05
 1.12097E-05 7.67163E-06 5.12251E-06 3.28416E-06 1.97758E-06 1.08249E-06
 5.13339E-07 1.91830E-07 4.57450E-08 3.53656E-09 0.00000E+00 1.79912E+06
 1.35005E+06 9.94248E+05 7.31716E+05 5.38171E+05 3.95505E+05 2.90467E+05
 2.13146E+05 1.56298E+05 1.14511E+05 8.38334E+04 6.13174E+04 4.48135E+04
 3.27198E+04 2.38699E+04 1.73959E+04 1.26668E+04 9.21348E+03 6.69560E+03
 4.86043E+03 3.52507E+03 2.55369E+03 1.84831E+03 1.33627E+03 9.65229E+02
 6.96425E+02 5.02241E+02 3.60183E+02 2.59385E+02 1.86677E+02 1.34323E+02
 9.66333E+01 6.95339E+01 5.01034E+01 3.61125E+01 2.60641E+01 1.88515E+01
 1.36659E+01 9.93741E+00 7.24809E+00 5.30871E+00 3.90217E+00 2.88000E+00
 2.13364E+00 1.58697E+00 1.18408E+00 8.87373E-01 6.65301E-01 5.00839E-01
 3.76818E-01 2.84059E-01 2.14130E-01 1.61364E-01 1.21447E-01 9.12553E-02
 6.83908E-02 5.11059E-02 3.80473E-02 2.82120E-02 2.08169E-02 1.52824E-02
 1.11536E-02 8.08717E-03 5.83120E-03 4.16585E-03 2.95196E-03 2.07510E-03
 1.44619E-03 9.99720E-04 6.85309E-04 4.66483E-04 3.15468E-04 2.12517E-04
 1.42701E-04 9.62680E-05 6.50816E-05 4.43491E-05 3.04718E-05 2.11120E-05
 1.46762E-05 1.01747E-05 6.95625E-06 4.62309E-06 2.94108E-06 1.75127E-06
 9.44874E-07 4.39748E-07 1.60422E-07 3.72781E-08 2.91929E-09 0.00000E+00
 2.20510E+06 1.64998E+06 1.21101E+06 8.88190E+05 6.50983E+05 4.76728E+05
 3.48867E+05 2.55074E+05 1.86355E+05 1.36024E+05 9.92054E+04 7.22824E+04
 5.26209E+04 3.82681E+04 2.78051E+04 2.01810E+04 1.46335E+04 1.05990E+04
 7.66931E+03 5.54290E+03 4.00208E+03 2.88610E+03 2.07923E+03 1.49612E+03
 1.07549E+03 7.72162E+02 5.54067E+02 3.95290E+02 2.83180E+02 2.02719E+02
 1.45072E+02 1.03788E+02 7.42590E+01 5.32005E+01 3.81188E+01 2.73477E+01
 1.96593E+01 1.41638E+01 1.02351E+01 7.41820E+00 5.39877E+00 3.94308E+00
 2.89158E+00 2.12855E+00 1.57308E+00 1.16627E+00 8.68535E-01 6.47100E-01
 4.84126E-01 3.62009E-01 2.71243E-01 2.03249E-01 1.52259E-01 1.13928E-01
 8.51112E-02 6.34239E-02 4.71282E-02 3.48921E-02 2.57311E-02 1.88844E-02
 1.37905E-02 1.00128E-02 7.22306E-03 5.18257E-03 3.68484E-03 2.59939E-03
 1.81963E-03 1.26342E-03 8.70607E-04 5.95372E-04 4.04671E-04 2.73608E-04
 1.84546E-04 1.24279E-04 8.42168E-05 5.72733E-05 3.92890E-05 2.71750E-05
 1.89295E-05 1.32038E-05 9.15724E-06 6.24477E-06 4.12570E-06 2.60172E-06
 1.53079E-06 8.13587E-07 3.71461E-07 1.32291E-07 2.99769E-08 2.37770E-09
 0.00000E+00 2.67943E+06 1.99922E+06 1.46238E+06 1.06889E+06 7.80714E+05
 5.69732E+05 4.15445E+05 3.02661E+05 2.20314E+05 1.60217E+05 1.16411E+05
 8.44961E+04 6.12744E+04 4.43867E+04 3.21222E+04 2.32201E+04 1.67680E+04
 1.20943E+04 8.71410E+03 6.27082E+03 4.50774E+03 3.23622E+03 2.32084E+03
 1.66223E+03 1.18924E+03 8.49701E+02 6.06702E+02 4.30641E+02 3.06927E+02
 2.18574E+02 1.55585E+02 1.10706E+02 7.87691E+01 5.61142E+01 3.99748E+01
 2.85115E+01 2.03739E+01 1.45901E+01 1.04787E+01 7.54793E+00 5.45898E+00
 3.96214E+00 2.88729E+00 2.11207E+00 1.55111E+00 1.14279E+00 8.45773E-01
 6.26242E-01 4.65657E-01 3.46084E-01 2.57754E-01 1.91998E-01 1.42986E-01
 1.06370E-01 7.90089E-02 5.85436E-02 4.32585E-02 3.18508E-02 2.33603E-02
 1.70528E-02 1.23874E-02 8.94784E-03 6.42226E-03 4.58562E-03 3.24512E-03
 2.27916E-03 1.58902E-03 1.09939E-03 7.55353E-04 5.15471E-04 3.49976E-04
 2.36672E-04 1.59896E-04 1.08027E-04 7.35452E-05 5.03061E-05 3.47216E-05
 2.41526E-05 1.68935E-05 1.18063E-05 8.17942E-06 5.55665E-06 3.64558E-06
 2.27695E-06 1.32296E-06 6.92296E-07 3.09992E-07 1.07787E-07 2.38339E-08
 1.91460E-09 0.00000E+00 9.03304E+04 8.95354E+04 6.94400E+04 5.38552E+04
 4.17685E+04 3.23948E+04 2.51251E+04 1.94870E+04 1.51144E+04 1.17232E+04
 9.09313E+03 7.05333E+03 5.47131E+03 4.24433E+03 3.29270E+03 2.55460E+03
 1.98213E+03 1.53809E+03 1.19368E+03 9.26519E+02 7.19282E+02 5.58518E+02
 4.33799E+02 3.37036E+02 2.61957E+02 2.03696E+02 1.58481E+02 1.22948E+02
 9.58087E+01 7.47317E+01 5.83582E+01 4.56342E+01 3.57418E+01 2.80672E+01
 2.20769E+01 1.74119E+01 1.37747E+01 1.09345E+01 8.71243E+00 6.96899E+00
 5.59902E+00 4.51687E+00 3.65893E+00 2.97551E+00 2.42832E+00 1.98785E+00
 1.63255E+00 1.34156E+00 1.10495E+00 9.09301E-01 7.48512E-01 6.15427E-01
 5.05031E-01 4.13335E-01 3.37144E-01 2.73875E-01 2.21422E-01 1.78044E-01
 1.42296E-01 1.12961E-01 8.90112E-02 6.95721E-02 5.38986E-02 4.14065E-02
 3.14279E-02 2.35835E-02 1.74785E-02 1.27796E-02 9.20652E-03 6.52564E-03
 4.54360E-03 3.10186E-03 2.07132E-03 1.34885E-03 8.57814E-04 5.27424E-04
 3.13183E-04 1.78667E-04 9.72989E-05 5.01728E-05 2.42445E-05 1.08451E-05
 4.38335E-06 1.57185E-06 4.79644E-07 1.17433E-07 2.09022E-08 2.24795E-09
 9.64222E-11 4.36873E-13 0.00000E+00 1.57046E+05 1.22420E+05 9.42674E+04
 7.25873E+04 5.58997E+04 4.30473E+04 3.31536E+04 2.55331E+04 1.96665E+04
 1.51474E+04 1.16682E+04 8.98789E+03 6.92418E+03 5.33425E+03 4.10999E+03
 3.16672E+03 2.44034E+03 1.88063E+03 1.44958E+03 1.11741E+03 8.61578E+02
 6.64407E+02 5.12530E+02 3.95461E+02 3.05267E+02 2.35734E+02 1.82160E+02
 1.40331E+02 1.08608E+02 8.41292E+01 6.52484E+01 5.06697E+01 3.94151E+01
 3.07390E+01 2.40148E+01 1.88108E+01 1.47816E+01 1.16544E+01 9.22447E+00
 7.32930E+00 5.85006E+00 4.68844E+00 3.77346E+00 3.04883E+00 2.47243E+00
 2.01111E+00 1.64143E+00 1.34040E+00 1.09730E+00 8.97492E-01 7.34385E-01
 6.00224E-01 4.89691E-01 3.98469E-01 3.23186E-01 2.61069E-01 2.09910E-01
 1.67872E-01 1.33456E-01 1.05388E-01 8.26189E-02 6.42521E-02 4.95305E-02
 3.78669E-02 2.86039E-02 2.13622E-02 1.57579E-02 1.14673E-02 8.22237E-03
 5.80000E-03 4.01834E-03 2.72842E-03 1.81132E-03 1.17098E-03 7.38050E-04
 4.48181E-04 2.61274E-04 1.44730E-04 7.49083E-05 3.51378E-05 1.38485E-05
 3.49774E-06 0.00000E+00 0.00000E+00 0.00000E+00 0.00000E+00 0.00000E+00
 0.00000E+00 0.00000E+00 0.00000E+00 0.00000E+00 2.11740E+05 1.64206E+05
 1.25696E+05 9.62108E+04 7.36502E+04 5.63747E+04 4.31561E+04 3.30340E+04
 2.52889E+04 1.93579E+04 1.48197E+04 1.13444E+04 8.68520E+03 6.64880E+03
 5.09060E+03 3.89732E+03 2.98426E+03 2.28500E+03 1.74995E+03 1.34017E+03
 1.02663E+03 7.86482E+02 6.02717E+02 4.61959E+02 3.54232E+02 2.71709E+02
 2.08561E+02 1.59572E+02 1.22668E+02 9.43740E+01 7.26988E+01 5.60703E+01
 4.33200E+01 3.35542E+01 2.60367E+01 2.02560E+01 1.58102E+01 1.23813E+01
 9.73460E+00 7.68307E+00 6.09220E+00 4.85049E+00 3.87863E+00 3.11357E+00
 2.50890E+00 2.02783E+00 1.64479E+00 1.33475E+00 1.08603E+00 8.82855E-01
 7.18090E-01 5.83421E-01 4.73207E-01 3.82832E-01 3.08743E-01 2.48003E-01
 1.98304E-01 1.57725E-01 1.24719E-01 9.79695E-02 7.64071E-02 5.91216E-02
 4.53494E-02 3.45037E-02 2.59409E-02 1.92849E-02 1.41635E-02 1.02644E-02
 7.33211E-03 5.15458E-03 3.56143E-03 2.41363E-03 1.60148E-03 1.03658E-03
 6.56071E-04 4.01868E-04 2.38125E-04 1.35757E-04 7.40580E-05 3.83171E-05
 1.86201E-05 8.36170E-06 3.37322E-06 1.16168E-06 2.98007E-07 1.99332E-08
 0.00000E+00 0.00000E+00 0.00000E+00 0.00000E+00 0.00000E+00 2.80854E+05
 2.16837E+05 1.65132E+05 1.25738E+05 9.57480E+04 7.28990E+04 5.55060E+04
 4.22559E+04 3.21709E+04 2.44888E+04 1.86424E+04 1.41895E+04 1.08010E+04
 8.22050E+03 6.25710E+03 4.76196E+03 3.62454E+03 2.75846E+03 2.09966E+03
 1.59807E+03 1.21659E+03 9.26150E+02 7.05260E+02 5.37096E+02 4.09195E+02
 3.11824E+02 2.37795E+02 1.80725E+02 1.38011E+02 1.05469E+02 8.07028E+01
 6.18250E+01 4.74444E+01 3.65009E+01 2.81324E+01 2.17385E+01 1.68534E+01
 1.31096E+01 1.02385E+01 8.02696E+00 6.32302E+00 5.00127E+00 3.97325E+00
 3.16896E+00 2.53728E+00 2.03776E+00 1.64256E+00 1.32462E+00 1.07122E+00
 8.65510E-01 6.99768E-01 5.65165E-01 4.55723E-01 3.66560E-01 2.93940E-01
 2.34784E-01 1.86694E-01 1.47678E-01 1.16146E-01 9.07503E-02 7.04077E-02
 5.42005E-02 4.13646E-02 3.13167E-02 2.34307E-02 1.73362E-02 1.26740E-02
 9.14473E-03 6.50548E-03 4.55619E-03 3.13773E-03 2.12103E-03 1.40524E-03
 9.09515E-04 5.76953E-04 3.55450E-04 2.13031E-04 1.23908E-04 6.99723E-05
 3.83520E-05 2.05448E-05 1.08325E-05 5.70311E-06 3.03391E-06 1.63919E-06
 8.73254E-07 4.37822E-07 1.87999E-07 5.45978E-08 3.78403E-09 0.00000E+00
 3.67607E+05 2.82681E+05 2.14275E+05 1.62389E+05 1.23065E+05 9.32423E+04
 7.06457E+04 5.35125E+04 4.05342E+04 3.06961E+04 2.32458E+04 1.75995E+04
 1.33248E+04 1.00861E+04 7.63471E+03 5.77787E+03 4.37286E+03 3.30884E+03
 2.50394E+03 1.89454E+03 1.43368E+03 1.08482E+03 8.21040E+02 6.21401E+02
 4.70463E+02 3.56245E+02 2.69941E+02 2.03818E+02 1.54635E+02 1.17400E+02
 8.92402E+01 6.79120E+01 5.17682E+01 3.95616E+01 3.02870E+01 2.32465E+01
 1.79018E+01 1.38319E+01 1.07307E+01 8.35702E+00 6.53969E+00 5.13879E+00
 4.05599E+00 3.21409E+00 2.55700E+00 2.04058E+00 1.63458E+00 1.30997E+00
 1.05290E+00 8.45524E-01 6.79512E-01 5.45550E-01 4.37332E-01 3.49733E-01
 2.78847E-01 2.21472E-01 1.75127E-01 1.37766E-01 1.07762E-01 8.37481E-02
 6.46321E-02 4.94961E-02 3.75801E-02 2.83082E-02 2.10743E-02 1.55166E-02
 1.12900E-02 8.10877E-03 5.74339E-03 4.00612E-03 2.74890E-03 1.85256E-03
 1.22480E-03 7.92057E-04 5.02988E-04 3.11131E-04 1.88054E-04 1.11039E-04
 6.42860E-05 3.66251E-05 2.07691E-05 1.18214E-05 6.82303E-06 3.98699E-06
 2.32814E-06 1.30498E-06 6.67865E-07 2.84698E-07 8.03184E-08 5.70964E-09
 0.00000E+00 4.75733E+05 3.64472E+05 2.75079E+05 2.07554E+05 1.56591E+05
 1.18105E+05 8.90703E+04 6.71521E+04 5.06230E+04 3.81504E+04 2.87483E+04
 2.16566E+04 1.63130E+04 1.22841E+04 9.24962E+03 6.96268E+03 5.24098E+03
 3.94391E+03 2.96785E+03 2.23282E+03 1.67994E+03 1.26375E+03 9.50799E+02
 7.15291E+02 5.38254E+02 4.05065E+02 3.05026E+02 2.28838E+02 1.72512E+02
 1.30130E+02 9.82751E+01 7.42988E+01 5.62636E+01 4.27132E+01 3.24826E+01
 2.47657E+01 1.89448E+01 1.45404E+01 1.12054E+01 8.66905E+00 6.73930E+00
 5.26103E+00 4.12552E+00 3.24815E+00 2.56761E+00 2.03607E+00 1.62078E+00
 1.29081E+00 1.03115E+00 8.23018E-01 6.57452E-01 5.24705E-01 4.18154E-01
 3.32457E-01 2.63553E-01 2.08138E-01 1.63661E-01 1.28033E-01 9.96010E-02
 7.69866E-02 5.90968E-02 4.50189E-02 3.40023E-02 2.54816E-02 1.88736E-02
 1.38268E-02 1.00114E-02 7.15638E-03 5.04584E-03 3.50455E-03 2.39541E-03
 1.60897E-03 1.06113E-03 6.85311E-04 4.35384E-04 2.70137E-04 1.64398E-04
 9.82678E-05 5.80176E-05 3.40193E-05 2.00458E-05 1.19410E-05 7.21750E-06
 4.38475E-06 2.62464E-06 1.48595E-06 7.57229E-07 3.16898E-07 8.68055E-08
 6.27318E-09 0.00000E+00 6.09502E+05 4.65319E+05 3.49751E+05 2.62796E+05
 1.97428E+05 1.48263E+05 1.11323E+05 8.35537E+04 6.27008E+04 4.70339E+04
 3.52755E+04 2.64464E+04 1.98238E+04 1.48538E+04 1.11282E+04 8.33382E+03
 6.24034E+03 4.67106E+03 3.49608E+03 2.61582E+03 1.95715E+03 1.46395E+03
 1.09509E+03 8.19039E+02 6.12673E+02 4.58296E+02 3.43011E+02 2.55727E+02
 1.91578E+02 1.43600E+02 1.07755E+02 8.09417E+01 6.08954E+01 4.59282E+01
 3.46978E+01 2.62803E+01 1.99705E+01 1.52264E+01 1.16566E+01 8.95879E+00
 6.91894E+00 5.36610E+00 4.18066E+00 3.27042E+00 2.56875E+00 2.02409E+00
 1.60118E+00 1.26727E+00 1.00614E+00 7.98160E-01 6.33760E-01 5.02789E-01
 3.98331E-01 3.14855E-01 2.48162E-01 1.94868E-01 1.52363E-01 1.18530E-01
 9.16994E-02 7.04923E-02 5.38198E-02 4.07807E-02 3.06382E-02 2.28409E-02
 1.68301E-02 1.22670E-02 8.83765E-03 6.28673E-03 4.41200E-03 3.05084E-03
 2.07689E-03 1.39017E-03 9.14380E-04 5.89634E-04 3.74646E-04 2.33058E-04
 1.42690E-04 8.62120E-05 5.17473E-05 3.10499E-05 1.88203E-05 1.15572E-05
 7.17694E-06 4.44540E-06 2.68392E-06 1.51759E-06 7.64998E-07 3.13418E-07
 8.33961E-08 6.11433E-09 0.00000E+00 7.73725E+05 5.88706E+05 4.40744E+05
 3.29840E+05 2.46783E+05 1.84558E+05 1.37988E+05 1.03122E+05 7.70460E+04
 5.75372E+04 4.29570E+04 3.20566E+04 2.39160E+04 1.78344E+04 1.32960E+04
 9.90797E+03 7.38159E+03 5.49696E+03 4.09273E+03 3.04597E+03 2.26665E+03
 1.68614E+03 1.25424E+03 9.32740E+02 6.93693E+02 5.15852E+02 3.83790E+02
 2.84378E+02 2.11737E+02 1.57727E+02 1.17613E+02 8.77866E+01 6.56218E+01
 4.91746E+01 3.69089E+01 2.77728E+01 2.09663E+01 1.58810E+01 1.20781E+01
 9.22210E+00 7.07591E+00 5.45231E+00 4.22043E+00 3.28041E+00 2.56021E+00
 2.00464E+00 1.57591E+00 1.23951E+00 9.78083E-01 7.71170E-01 6.08644E-01
 4.79989E-01 3.78026E-01 2.97064E-01 2.32787E-01 1.81749E-01 1.41301E-01
 1.09309E-01 8.40955E-02 6.42916E-02 4.88186E-02 3.67922E-02 2.74937E-02
 2.03885E-02 1.49443E-02 1.08362E-02 7.76733E-03 5.49813E-03 3.84028E-03
 2.64361E-03 1.79229E-03 1.19543E-03 7.84160E-04 5.04876E-04 3.20822E-04
 2.00078E-04 1.23202E-04 7.51793E-05 4.57908E-05 2.80130E-05 1.73567E-05
 1.08917E-05 6.87896E-06 4.30302E-06 2.60113E-06 1.46160E-06 7.26649E-07
 2.91088E-07 7.52836E-08 5.59540E-09 0.00000E+00 9.73735E+05 7.38472E+05
 5.50746E+05 4.10557E+05 3.05956E+05 2.27888E+05 1.69685E+05 1.26281E+05
 9.39472E+04 6.98554E+04 5.19239E+04 3.85745E+04 2.86473E+04 2.12634E+04
 1.57773E+04 1.17004E+04 8.67423E+03 6.42735E+03 4.76110E+03 3.52508E+03
 2.60936E+03 1.93068E+03 1.42831E+03 1.05630E+03 7.81148E+02 5.77549E+02
 4.27188E+02 3.14635E+02 2.32858E+02 1.72406E+02 1.27765E+02 9.47706E+01
 7.03953E+01 5.24173E+01 3.90904E+01 2.92249E+01 2.19197E+01 1.64956E+01
 1.24640E+01 9.45515E+00 7.20783E+00 5.51822E+00 4.24406E+00 3.27779E+00
 2.54198E+00 1.97785E+00 1.54519E+00 1.20781E+00 9.47242E-01 7.42307E-01
 5.82338E-01 4.56511E-01 3.57414E-01 2.79226E-01 2.17541E-01 1.68872E-01
 1.30543E-01 1.00418E-01 7.68243E-02 5.84080E-02 4.41079E-02 3.30618E-02
 2.45727E-02 1.81253E-02 1.32151E-02 9.53235E-03 6.79783E-03 4.78796E-03
 3.32827E-03 2.28086E-03 1.54003E-03 1.02357E-03 6.69661E-04 4.30541E-04
 2.73657E-04 1.71119E-04 1.05977E-04 6.52887E-05 4.03035E-05 2.50720E-05
 1.58103E-05 1.00797E-05 6.43409E-06 4.04186E-06 2.43600E-06 1.35640E-06
 6.63920E-07 2.59871E-07 6.53672E-08 4.92336E-09 0.00000E+00 1.21536E+06
 9.18786E+05 6.82648E+05 5.06947E+05 3.76322E+05 2.79196E+05 2.07055E+05
 1.53464E+05 1.13696E+05 8.41837E+04 6.23052E+04 4.60846E+04 3.40723E+04
 2.51756E+04 1.85940E+04 1.37245E+04 1.01261E+04 7.46667E+03 5.50355E+03
 4.05424E+03 2.98562E+03 2.19752E+03 1.61705E+03 1.18940E+03 8.74724E+02
 6.43099E+02 4.72957E+02 3.46299E+02 2.54782E+02 1.87513E+02 1.38119E+02
 1.01823E+02 7.51645E+01 5.56194E+01 4.12161E+01 3.06185E+01 2.28181E+01
 1.70617E+01 1.28090E+01 9.65458E+00 7.31271E+00 5.56280E+00 4.25112E+00
 3.26249E+00 2.51419E+00 1.94399E+00 1.50934E+00 1.17250E+00 9.13944E-01
 7.11862E-01 5.55099E-01 4.32570E-01 3.36672E-01 2.61484E-01 2.02538E-01
 1.56322E-01 1.20153E-01 9.19035E-02 6.99160E-02 5.28606E-02 3.96988E-02
 2.95946E-02 2.18763E-02 1.60499E-02 1.16395E-02 8.35188E-03 5.92543E-03
 4.15272E-03 2.87293E-03 1.96003E-03 1.31807E-03 8.73084E-04 5.69805E-04
 3.65908E-04 2.32709E-04 1.45950E-04 9.09283E-05 5.65449E-05 3.53442E-05
 2.23111E-05 1.42709E-05 9.20420E-06 5.91223E-06 3.71589E-06 2.22677E-06
 1.22635E-06 5.90276E-07 2.25664E-07 5.52422E-08 4.21558E-09 0.00000E+00
 1.50487E+06 1.13410E+06 8.39510E+05 6.21105E+05 4.59311E+05 3.39451E+05
 2.50749E+05 1.85108E+05 1.36583E+05 1.00712E+05 7.42241E+04 5.46660E+04
 4.02408E+04 2.96018E+04 2.17644E+04 1.59910E+04 1.17432E+04 8.61787E+03
 6.32128E+03 4.63367E+03 3.39517E+03 2.48619E+03 1.81993E+03 1.33153E+03
 9.73963E+02 7.12118E+02 5.20787E+02 3.79124E+02 2.77322E+02 2.02909E+02
 1.48570E+02 1.08870E+02 7.98758E+01 5.87430E+01 4.32600E+01 3.19358E+01
 2.36497E+01 1.75719E+01 1.31084E+01 9.81761E+00 7.38908E+00 5.58538E+00
 4.24146E+00 3.23466E+00 2.47717E+00 1.90347E+00 1.46879E+00 1.13398E+00
 8.78550E-01 6.80151E-01 5.27193E-01 4.08385E-01 3.15976E-01 2.43977E-01
 1.87881E-01 1.44176E-01 1.10185E-01 8.38022E-02 6.33946E-02 4.76631E-02
 3.55977E-02 2.63921E-02 1.94026E-02 1.41585E-02 1.02130E-02 7.28986E-03
 5.14543E-03 3.58820E-03 2.47065E-03 1.67820E-03 1.12414E-03 7.42240E-04
 4.83347E-04 3.10128E-04 1.97429E-04 1.24246E-04 7.78903E-05 4.88875E-05
 3.09159E-05 1.97669E-05 1.27890E-05 8.31649E-06 5.35820E-06 3.36019E-06
 1.99823E-06 1.08697E-06 5.14040E-07 1.91898E-07 4.57477E-08 3.53658E-09
 0.00000E+00 1.84887E+06 1.38907E+06 1.02451E+06 7.55188E+05 5.56374E+05
 4.09623E+05 3.01416E+05 2.21638E+05 1.62884E+05 1.19619E+05 8.77945E+04
 6.43896E+04 4.71961E+04 3.45677E+04 2.53032E+04 1.85076E+04 1.35290E+04
 9.88219E+03 7.21427E+03 5.26275E+03 3.83713E+03 2.79576E+03 2.03610E+03
 1.48196E+03 1.07826E+03 7.84126E+02 5.70307E+02 4.12831E+02 3.00269E+02
 2.18439E+02 1.59009E+02 1.15832E+02 8.44747E+01 6.17506E+01 4.51967E+01
 3.31602E+01 2.44040E+01 1.80195E+01 1.33583E+01 9.94218E+00 7.43599E+00
 5.58573E+00 4.21524E+00 3.19470E+00 2.43142E+00 1.85679E+00 1.42401E+00
 1.09269E+00 8.41446E-01 6.47500E-01 4.98888E-01 3.84172E-01 2.95494E-01
 2.26832E-01 1.73666E-01 1.32502E-01 1.00685E-01 7.61436E-02 5.72771E-02
 4.28236E-02 3.18062E-02 2.34519E-02 1.71470E-02 1.24452E-02 8.92926E-03
 6.34016E-03 4.45229E-03 3.08959E-03 2.11746E-03 1.43216E-03 9.55752E-04
 6.29194E-04 4.08965E-04 2.62291E-04 1.67220E-04 1.05643E-04 6.66614E-05
 4.22227E-05 2.69911E-05 1.74494E-05 1.13915E-05 7.44824E-06 4.80103E-06
 2.99784E-06 1.76650E-06 9.48140E-07 4.40253E-07 1.60470E-07 3.72801E-08
 2.91930E-09 0.00000E+00 2.25423E+06 1.68851E+06 1.24089E+06 9.11367E+05
 6.68957E+05 4.90668E+05 3.59677E+05 2.63458E+05 1.92857E+05 1.41066E+05
 1.03116E+05 7.53155E+04 5.49731E+04 4.00924E+04 2.92199E+04 2.12782E+04
 1.54845E+04 1.12590E+04 8.18114E+03 5.93985E+03 4.30994E+03 3.12486E+03
 2.26441E+03 1.63975E+03 1.18689E+03 8.58564E+02 6.21096E+02 4.47110E+02
 3.23400E+02 2.33944E+02 1.69322E+02 1.22631E+02 8.89075E+01 6.46064E+01
 4.70028E+01 3.42767E+01 2.50717E+01 1.83991E+01 1.35557E+01 1.00269E+01
 7.45306E+00 5.56401E+00 4.17295E+00 3.14321E+00 2.37755E+00 1.80455E+00
 1.37556E+00 1.04911E+00 8.03032E-01 6.14234E-01 4.70446E-01 3.60135E-01
 2.75382E-01 2.10164E-01 1.59974E-01 1.21355E-01 9.16892E-02 6.89485E-02
 5.15732E-02 3.83442E-02 2.83217E-02 2.07683E-02 1.51021E-02 1.09022E-02
 7.78055E-03 5.49580E-03 3.83986E-03 2.65174E-03 1.80913E-03 1.21860E-03
 8.10380E-04 5.32073E-04 3.45323E-04 2.21482E-04 1.41482E-04 8.97702E-05
 5.70288E-05 3.64433E-05 2.35280E-05 1.53538E-05 1.00918E-05 6.61893E-06
 4.25959E-06 2.64395E-06 1.54198E-06 8.15958E-07 3.71822E-07 1.32325E-07
 2.99783E-08 2.37771E-09 0.00000E+00 2.72793E+06 2.03727E+06 1.49188E+06
 1.09178E+06 7.98461E+05 5.83496E+05 4.26118E+05 3.10939E+05 2.26734E+05
 1.65195E+05 1.20272E+05 8.74903E+04 6.35964E+04 4.61875E+04 3.35187E+04
 2.43031E+04 1.76078E+04 1.27456E+04 9.21910E+03 6.66242E+03 4.81139E+03
 3.47168E+03 2.50341E+03 1.80379E+03 1.29901E+03 9.34802E+02 6.72692E+02
 4.81631E+02 3.46477E+02 2.49258E+02 1.79395E+02 1.29190E+02 9.31231E+01
 6.72769E+01 4.86572E+01 3.52724E+01 2.56453E+01 1.87067E+01 1.36988E+01
 1.00713E+01 7.44045E+00 5.52079E+00 4.11531E+00 3.08096E+00 2.31632E+00
 1.74744E+00 1.32402E+00 1.00372E+00 7.63705E-01 5.80674E-01 4.42114E-01
 3.36461E-01 2.55778E-01 1.94072E-01 1.46874E-01 1.10780E-01 8.32232E-02
 6.22290E-02 4.62859E-02 3.42217E-02 2.51373E-02 1.83323E-02 1.32583E-02
 9.52003E-03 6.75826E-03 4.74912E-03 3.30166E-03 2.26928E-03 1.54140E-03
 1.03420E-03 6.85518E-04 4.49047E-04 2.91125E-04 1.86819E-04 1.19636E-04
 7.62684E-05 4.87856E-05 3.14416E-05 2.04796E-05 1.34681E-05 8.89504E-06
 5.84032E-06 3.74602E-06 2.30828E-06 1.33117E-06 6.94012E-07 3.10251E-07
 1.07811E-07 2.38349E-08 1.91461E-09 0.00000E+00 9.02718E+04 8.95163E+04
 6.94228E+04 5.38398E+04 4.17547E+04 3.23824E+04 2.51139E+04 1.94770E+04
 1.51054E+04 1.17152E+04 9.08591E+03 7.04685E+03 5.46550E+03 4.23911E+03
 3.28800E+03 2.55039E+03 1.97834E+03 1.53469E+03 1.19061E+03 9.23763E+02
 7.16801E+02 5.56283E+02 4.31784E+02 3.35217E+02 2.60312E+02 2.02207E+02
 1.57130E+02 1.21721E+02 9.46896E+01 7.37079E+01 5.74182E+01 4.47674E+01
 3.49390E+01 2.73199E+01 2.13779E+01 1.67548E+01 1.31540E+01 1.03457E+01
 8.15196E+00 6.43418E+00 5.08805E+00 4.02876E+00 3.19336E+00 2.53271E+00
 2.00892E+00 1.59269E+00 1.26244E+00 9.97468E-01 7.87335E-01 6.18650E-01
 4.84712E-01 3.78102E-01 2.93451E-01 2.26449E-01 1.73626E-01 1.32179E-01
 9.98377E-02 7.47625E-02 5.54599E-02 4.07193E-02 2.95615E-02 2.11974E-02
 1.49943E-02 1.04657E-02 7.16808E-03 4.81834E-03 3.17092E-03 2.03675E-03
 1.27189E-03 7.68158E-04 4.45418E-04 2.45276E-04 1.25929E-04 5.82055E-05
 2.25380E-05 5.21380E-06 0.00000E+00 0.00000E+00 0.00000E+00 0.00000E+00
 0.00000E+00 0.00000E+00 0.00000E+00 0.00000E+00 0.00000E+00 0.00000E+00
 0.00000E+00 0.00000E+00 0.00000E+00 0.00000E+00 0.00000E+00 1.57023E+05
 1.22399E+05 9.42485E+04 7.25704E+04 5.58845E+04 4.30336E+04 3.31414E+04
 2.55221E+04 1.96566E+04 1.51386E+04 1.16602E+04 8.98075E+03 6.91777E+03
 5.32849E+03 4.10482E+03 3.16207E+03 2.43617E+03 1.87688E+03 1.44621E+03
 1.11438E+03 8.58849E+02 6.61949E+02 5.10314E+02 3.93461E+02 3.03461E+02
 2.34098E+02 1.80677E+02 1.38986E+02 1.07383E+02 8.30097E+01 6.42221E+01
 4.97255E+01 3.85429E+01 2.99297E+01 2.32606E+01 1.81050E+01 1.41182E+01
 1.10287E+01 8.63248E+00 6.76823E+00 5.31782E+00 4.18382E+00 3.29584E+00
 2.59815E+00 2.04895E+00 1.61527E+00 1.27358E+00 1.00109E+00 7.86489E-01
 6.15213E-01 4.80072E-01 3.73085E-01 2.88625E-01 2.22100E-01 1.69919E-01
 1.29140E-01 9.74508E-02 7.29571E-02 5.41626E-02 3.98351E-02 2.90093E-02
 2.08961E-02 1.48763E-02 1.04728E-02 7.25600E-03 4.94973E-03 3.32060E-03
 2.18592E-03 1.40966E-03 8.87371E-04 5.43758E-04 3.22103E-04 1.83224E-04
 9.80971E-05 4.84619E-05 2.00964E-05 4.92824E-06 0.00000E+00 0.00000E+00
 0.00000E+00 0.00000E+00 0.00000E+00 0.00000E+00 0.00000E+00 0.00000E+00
 0.00000E+00 0.00000E+00 0.00000E+00 0.00000E+00 0.00000E+00 0.00000E+00
 2.11714E+05 1.64183E+05 1.25676E+05 9.61922E+04 7.36335E+04 5.63597E+04
 4.31427E+04 3.30220E+04 2.52781E+04 1.93482E+04 1.48110E+04 1.13366E+04
 8.67818E+03 6.64250E+03 5.08495E+03 3.89224E+03 2.97970E+03 2.28090E+03
 1.74626E+03 1.33686E+03 1.02365E+03 7.83799E+02 6.00299E+02 4.59778E+02
 3.52262E+02 2.69927E+02 2.06947E+02 1.58109E+02 1.21337E+02 9.31596E+01
 7.15875E+01 5.50502E+01 4.23801E+01 3.26847E+01 2.52293E+01 1.95035E+01
 1.51063E+01 1.17209E+01 9.11337E+00 7.09799E+00 5.54087E+00 4.33144E+00
 3.39090E+00 2.65677E+00 2.08288E+00 1.63260E+00 1.28026E+00 1.00100E+00
 7.82543E-01 6.09229E-01 4.73322E-01 3.66333E-01 2.82354E-01 2.16549E-01
 1.65198E-01 1.25245E-01 9.43338E-02 7.05300E-02 5.23310E-02 3.84947E-02
 2.80668E-02 2.02635E-02 1.44791E-02 1.02472E-02 7.15293E-03 4.92806E-03
 3.35053E-03 2.24474E-03 1.48212E-03 9.62655E-04 6.15629E-04 3.86822E-04
 2.39224E-04 1.45034E-04 8.70511E-05 5.11934E-05 2.97317E-05 1.69204E-05
 9.47838E-06 5.12450E-06 2.66852E-06 1.27220E-06 5.34116E-07 1.54049E-07
 0.00000E+00 0.00000E+00 0.00000E+00 0.00000E+00 0.00000E+00 0.00000E+00
 0.00000E+00 2.80826E+05 2.16812E+05 1.65109E+05 1.25718E+05 9.57297E+04
 7.28826E+04 5.54914E+04 4.22428E+04 3.21591E+04 2.44782E+04 1.86329E+04
 1.41810E+04 1.07934E+04 8.21365E+03 6.25094E+03 4.75644E+03 3.61958E+03
 2.75400E+03 2.09566E+03 1.59448E+03 1.21335E+03 9.23237E+02 7.02637E+02
 5.34731E+02 4.07060E+02 3.09895E+02 2.36048E+02 1.79144E+02 1.36573E+02
 1.04160E+02 7.95070E+01 6.07296E+01 4.64377E+01 3.55725E+01 2.72732E+01
 2.09409E+01 1.61107E+01 1.24162E+01 9.58993E+00 7.41984E+00 5.75456E+00
 4.46966E+00 3.47718E+00 2.70763E+00 2.11013E+00 1.64436E+00 1.28232E+00
 9.97178E-01 7.75578E-01 6.00836E-01 4.64647E-01 3.58052E-01 2.74859E-01
 2.10017E-01 1.59679E-01 1.20699E-01 9.06779E-02 6.76541E-02 5.01200E-02
 3.68325E-02 2.68488E-02 1.93949E-02 1.38794E-02 9.84816E-03 6.90172E-03
 4.78127E-03 3.27531E-03 2.21624E-03 1.48252E-03 9.79256E-04 6.40045E-04
 4.13618E-04 2.65169E-04 1.68443E-04 1.07248E-04 6.80620E-05 4.35296E-05
 2.80012E-05 1.82826E-05 1.20115E-05 8.00377E-06 5.31225E-06 3.51602E-06
 2.26630E-06 1.41098E-06 8.18851E-07 4.28437E-07 1.87014E-07 5.45558E-08
 3.78381E-09 0.00000E+00 3.67577E+05 2.82654E+05 2.14250E+05 1.62366E+05
 1.23046E+05 9.32245E+04 7.06298E+04 5.34982E+04 4.05214E+04 3.06846E+04
 2.32355E+04 1.75903E+04 1.33165E+04 1.00786E+04 7.62804E+03 5.77189E+03
 4.36748E+03 3.30402E+03 2.49961E+03 1.89065E+03 1.43018E+03 1.08167E+03
 8.18205E+02 6.18847E+02 4.68160E+02 3.54164E+02 2.68060E+02 2.02117E+02
 1.53091E+02 1.15995E+02 8.79598E+01 6.67417E+01 5.06954E+01 3.85751E+01
 2.93774E+01 2.24053E+01 1.71219E+01 1.31074E+01 1.00566E+01 7.72967E+00
 5.95590E+00 4.59636E+00 3.55321E+00 2.74974E+00 2.13005E+00 1.65013E+00
 1.27955E+00 9.89526E-01 7.65584E-01 5.90082E-01 4.54130E-01 3.48344E-01
 2.66254E-01 2.02620E-01 1.53481E-01 1.15617E-01 8.65921E-02 6.44309E-02
 4.76236E-02 3.49342E-02 2.54325E-02 1.83593E-02 1.31382E-02 9.32929E-03
 6.54912E-03 4.54944E-03 3.12910E-03 2.12909E-03 1.43479E-03 9.56869E-04
 6.33117E-04 4.15500E-04 2.71492E-04 1.76569E-04 1.15569E-04 7.57878E-05
 5.02857E-05 3.36906E-05 2.29395E-05 1.57348E-05 1.09145E-05 7.52512E-06
 5.13881E-06 3.40238E-06 2.15645E-06 1.26456E-06 6.60987E-07 2.83986E-07
 8.02881E-08 5.70948E-09 0.00000E+00 4.75700E+05 3.64442E+05 2.75052E+05
 2.07530E+05 1.56570E+05 1.18086E+05 8.90530E+04 6.71366E+04 5.06091E+04
 3.81380E+04 2.87372E+04 2.16466E+04 1.63040E+04 1.22760E+04 9.24242E+03
 6.95621E+03 5.23518E+03 3.93871E+03 2.96318E+03 2.22862E+03 1.67617E+03
 1.26035E+03 9.47747E+02 7.12544E+02 5.35778E+02 4.02831E+02 3.03008E+02
 2.27015E+02 1.70860E+02 1.28630E+02 9.69099E+01 7.30538E+01 5.51252E+01
 4.16696E+01 3.15235E+01 2.38823E+01 1.81292E+01 1.37864E+01 1.05076E+01
 8.02323E+00 6.14191E+00 4.70947E+00 3.61760E+00 2.78220E+00 2.14211E+00
 1.64962E+00 1.27181E+00 9.78017E-01 7.52609E-01 5.77052E-01 4.41884E-01
 3.37332E-01 2.56665E-01 1.94483E-01 1.46720E-01 1.10105E-01 8.21756E-02
 6.09497E-02 4.49220E-02 3.28707E-02 2.38808E-02 1.72117E-02 1.23033E-02
 8.73172E-03 6.13037E-03 4.26233E-03 2.93687E-03 2.00399E-03 1.35599E-03
 9.09341E-04 6.06022E-04 4.01395E-04 2.65267E-04 1.74947E-04 1.16349E-04
 7.77242E-05 5.26012E-05 3.59876E-05 2.49971E-05 1.74780E-05 1.23143E-05
 8.60254E-06 5.92247E-06 3.94017E-06 2.49565E-06 1.45597E-06 7.52194E-07
 3.16382E-07 8.67837E-08 6.27305E-09 0.00000E+00 6.09466E+05 4.65287E+05
 3.49722E+05 2.62770E+05 1.97405E+05 1.48242E+05 1.11304E+05 8.35370E+04
 6.26858E+04 4.70205E+04 3.52635E+04 2.64356E+04 1.98141E+04 1.48452E+04
 1.11204E+04 8.32685E+03 6.23409E+03 4.66545E+03 3.49105E+03 2.61131E+03
 1.95309E+03 1.46031E+03 1.09182E+03 8.16092E+02 6.10020E+02 4.55904E+02
 3.40853E+02 2.53780E+02 1.89816E+02 1.42003E+02 1.06305E+02 7.96220E+01
 5.96919E+01 4.48281E+01 3.36903E+01 2.53559E+01 1.91207E+01 1.44445E+01
 1.09367E+01 8.29621E+00 6.30966E+00 4.80703E+00 3.66913E+00 2.80424E+00
 2.14589E+00 1.64265E+00 1.25907E+00 9.62702E-01 7.36758E-01 5.61881E-01
 4.28054E-01 3.25159E-01 2.46230E-01 1.85731E-01 1.39513E-01 1.04269E-01
 7.75205E-02 5.72912E-02 4.20858E-02 3.07030E-02 2.22464E-02 1.59970E-02
 1.14130E-02 8.08790E-03 5.67276E-03 3.94263E-03 2.71736E-03 1.85624E-03
 1.25853E-03 8.46633E-04 5.66693E-04 3.77550E-04 2.51371E-04 1.67342E-04
 1.12491E-04 7.60870E-05 5.21684E-05 3.61757E-05 2.54350E-05 1.79818E-05
 1.27682E-05 8.96907E-06 6.18343E-06 4.10809E-06 2.58722E-06 1.49539E-06
 7.61320E-07 3.13045E-07 8.33805E-08 6.11423E-09 0.00000E+00 7.73686E+05
 5.88671E+05 4.40713E+05 3.29812E+05 2.46758E+05 1.84535E+05 1.37968E+05
 1.03104E+05 7.70299E+04 5.75227E+04 4.29441E+04 3.20450E+04 2.39056E+04
 1.78251E+04 1.32877E+04 9.90049E+03 7.37488E+03 5.49095E+03 4.08733E+03
 3.04113E+03 2.26231E+03 1.68224E+03 1.25074E+03 9.29589E+02 6.90858E+02
 5.13299E+02 3.81489E+02 2.82305E+02 2.09863E+02 1.56032E+02 1.16077E+02
 8.63924E+01 6.43536E+01 4.80190E+01 3.58541E+01 2.68087E+01 2.00839E+01
 1.50729E+01 1.13379E+01 8.54450E+00 6.45643E+00 4.88733E+00 3.70676E+00
 2.81532E+00 2.14114E+00 1.62914E+00 1.24139E+00 9.43712E-01 7.18196E-01
 5.44742E-01 4.12813E-01 3.11987E-01 2.35096E-01 1.76496E-01 1.31975E-01
 9.82080E-02 7.27130E-02 5.35288E-02 3.91775E-02 2.84839E-02 2.05737E-02
 1.47523E-02 1.04983E-02 7.42356E-03 5.19752E-03 3.60771E-03 2.48469E-03
 1.69721E-03 1.15151E-03 7.75926E-04 5.20767E-04 3.48344E-04 2.33175E-04
 1.56323E-04 1.05946E-04 7.23457E-05 5.00944E-05 3.50852E-05 2.48796E-05
 1.77167E-05 1.26321E-05 8.89076E-06 6.11889E-06 4.04782E-06 2.52884E-06
 1.44521E-06 7.23968E-07 2.90820E-07 7.52723E-08 5.59533E-09 0.00000E+00
 9.73694E+05 7.38435E+05 5.50712E+05 4.10527E+05 3.05929E+05 2.27864E+05
 1.69663E+05 1.26261E+05 9.39298E+04 6.98399E+04 5.19100E+04 3.85621E+04
 2.86361E+04 2.12534E+04 1.57684E+04 1.16924E+04 8.66703E+03 6.42090E+03
 4.75532E+03 3.51990E+03 2.60471E+03 1.92651E+03 1.42456E+03 1.05293E+03
 7.78126E+02 5.74830E+02 4.24741E+02 3.12434E+02 2.30872E+02 1.70613E+02
 1.26143E+02 9.33019E+01 6.90631E+01 5.12071E+01 3.79896E+01 2.82226E+01
 2.10062E+01 1.56629E+01 1.17052E+01 8.76428E+00 6.57985E+00 4.94894E+00
 3.72972E+00 2.81508E+00 2.12778E+00 1.60918E+00 1.21893E+00 9.21250E-01
 6.97142E-01 5.25850E-01 3.96357E-01 2.97993E-01 2.23417E-01 1.66911E-01
 1.24219E-01 9.20176E-02 6.78327E-02 4.97288E-02 3.62519E-02 2.62585E-02
 1.88996E-02 1.35081E-02 9.58407E-03 6.75893E-03 4.72106E-03 3.27074E-03
 2.24940E-03 1.53525E-03 1.04149E-03 7.02342E-04 4.72209E-04 3.16811E-04
 2.12984E-04 1.43623E-04 9.80131E-05 6.74688E-05 4.71008E-05 3.32533E-05
 2.37329E-05 1.69837E-05 1.21331E-05 8.53741E-06 5.85439E-06 3.84938E-06
 2.38213E-06 1.34434E-06 6.61972E-07 2.59678E-07 6.53592E-08 4.92330E-09
 0.00000E+00 1.21532E+06 9.18746E+05 6.82612E+05 5.06915E+05 3.76293E+05
 2.79171E+05 2.07031E+05 1.53443E+05 1.13678E+05 8.41671E+04 6.22902E+04
 4.60713E+04 3.40603E+04 2.51649E+04 1.85844E+04 1.37159E+04 1.01184E+04
 7.45977E+03 5.49737E+03 4.04870E+03 2.98065E+03 2.19307E+03 1.61306E+03
 1.18582E+03 8.71510E+02 6.40211E+02 4.70361E+02 3.43967E+02 2.52682E+02
 1.85621E+02 1.36411E+02 1.00281E+02 7.37690E+01 5.43555E+01 4.00706E+01
 2.95795E+01 2.18752E+01 1.62063E+01 1.20334E+01 8.95221E+00 6.67793E+00
 4.99079E+00 3.73752E+00 2.80339E+00 2.10590E+00 1.58297E+00 1.19196E+00
 8.95593E-01 6.73860E-01 5.05445E-01 3.78901E-01 2.83361E-01 2.11351E-01
 1.57107E-01 1.16354E-01 8.57864E-02 6.29521E-02 4.59496E-02 3.33563E-02
 2.40647E-02 1.72550E-02 1.22888E-02 8.68985E-03 6.10961E-03 4.25576E-03
 2.94148E-03 2.01916E-03 1.37634E-03 9.33116E-04 6.29445E-04 4.23735E-04
 2.85007E-04 1.92338E-04 1.30389E-04 8.95431E-05 6.20841E-05 4.36523E-05
 3.10251E-05 2.22533E-05 1.59770E-05 1.14179E-05 8.01928E-06 5.47153E-06
 3.57118E-06 2.18676E-06 1.21750E-06 5.88866E-07 2.25527E-07 5.52365E-08
 4.21554E-09 0.00000E+00 1.50482E+06 1.13405E+06 8.39471E+05 6.21071E+05
 4.59279E+05 3.39423E+05 2.50725E+05 1.85086E+05 1.36563E+05 1.00694E+05
 7.42082E+04 5.46517E+04 4.02280E+04 2.95904E+04 2.17541E+04 1.59818E+04
 1.17350E+04 8.61051E+03 6.31469E+03 4.62777E+03 3.38988E+03 2.48146E+03
 1.81569E+03 1.32772E+03 9.70551E+02 7.09056E+02 5.18039E+02 3.76659E+02
 2.75107E+02 2.00916E+02 1.46776E+02 1.07253E+02 7.84178E+01 5.74267E+01
 4.20712E+01 3.08618E+01 2.26793E+01 1.66955E+01 1.23178E+01 9.10556E+00
 6.74920E+00 5.01221E+00 3.72998E+00 2.78036E+00 2.07576E+00 1.55085E+00
 1.16082E+00 8.67070E-01 6.48654E-01 4.83792E-01 3.60671E-01 2.68279E-01
 1.99052E-01 1.47209E-01 1.08480E-01 7.95953E-02 5.81351E-02 4.22416E-02
 3.05304E-02 2.19338E-02 1.56640E-02 1.11135E-02 7.83052E-03 5.48720E-03
 3.81062E-03 2.62692E-03 1.79933E-03 1.22460E-03 8.29527E-04 5.59612E-04
 3.77136E-04 2.54267E-04 1.72228E-04 1.17351E-04 8.10737E-05 5.65883E-05
 4.00426E-05 2.86201E-05 2.06060E-05 1.48222E-05 1.05825E-05 7.40910E-06
 5.02427E-06 3.25178E-06 1.96860E-06 1.08051E-06 5.13022E-07 1.91799E-07
 4.57437E-08 3.53656E-09 0.00000E+00 1.84882E+06 1.38903E+06 1.02447E+06
 7.55151E+05 5.56340E+05 4.09593E+05 3.01389E+05 2.21614E+05 1.62862E+05
 1.19599E+05 8.77774E+04 6.43743E+04 4.71824E+04 3.45555E+04 2.52922E+04
 1.84978E+04 1.35202E+04 9.87434E+03 7.20725E+03 5.25646E+03 3.83150E+03
 2.79073E+03 2.03160E+03 1.47792E+03 1.07465E+03 7.80888E+02 5.67404E+02
 4.10232E+02 2.97938E+02 2.16346E+02 1.57129E+02 1.14142E+02 8.29553E+01
 6.03834E+01 4.39663E+01 3.20530E+01 2.34080E+01 1.71242E+01 1.25546E+01
 9.22228E+00 6.79272E+00 5.01293E+00 3.70724E+00 2.74633E+00 2.03778E+00
 1.51326E+00 1.12594E+00 8.36060E-01 6.21849E-01 4.61165E-01 3.41893E-01
 2.52932E-01 1.86668E-01 1.37335E-01 1.00690E-01 7.35153E-02 5.34366E-02
 3.86472E-02 2.78064E-02 1.98902E-02 1.41453E-02 9.99637E-03 7.01686E-03
 4.89987E-03 3.39184E-03 2.33173E-03 1.59346E-03 1.08268E-03 7.32712E-04
 4.94328E-04 3.33511E-04 2.25404E-04 1.53251E-04 1.04949E-04 7.29291E-05
 5.12221E-05 3.64523E-05 2.61756E-05 1.88965E-05 1.36015E-05 9.69057E-06
 6.75564E-06 4.54884E-06 2.91688E-06 1.74464E-06 9.43426E-07 4.39521E-07
 1.60400E-07 3.72772E-08 2.91928E-09 0.00000E+00 2.25417E+06 1.68846E+06
 1.24085E+06 9.11327E+05 6.68921E+05 4.90636E+05 3.59649E+05 2.63433E+05
 1.92835E+05 1.41046E+05 1.03098E+05 7.52992E+04 5.49585E+04 4.00793E+04
 2.92082E+04 2.12678E+04 1.54752E+04 1.12506E+04 8.17366E+03 5.93317E+03
 4.30396E+03 3.11952E+03 2.25963E+03 1.63548E+03 1.18307E+03 8.55145E+02
 6.18036E+02 4.44376E+02 3.20951E+02 2.31750E+02 1.67356E+02 1.20869E+02
 8.73281E+01 6.31898E+01 4.57326E+01 3.31383E+01 2.40520E+01 1.74869E+01
 1.27410E+01 9.30104E+00 6.80809E+00 4.99309E+00 3.66971E+00 2.70183E+00
 1.99253E+00 1.47072E+00 1.08779E+00 8.02968E-01 5.93787E-01 4.37844E-01
 3.22791E-01 2.37495E-01 1.74335E-01 1.27589E-01 9.30643E-02 6.76072E-02
 4.89021E-02 3.52000E-02 2.52093E-02 1.79524E-02 1.27126E-02 8.94731E-03
 6.25611E-03 4.35295E-03 3.00332E-03 2.05876E-03 1.40362E-03 9.52111E-04
 6.43788E-04 4.34408E-04 2.93460E-04 1.98856E-04 1.35729E-04 9.34229E-05
 6.52891E-05 4.61230E-05 3.29879E-05 2.37759E-05 1.71920E-05 1.23686E-05
 8.78466E-06 6.09197E-06 4.06975E-06 2.58370E-06 1.52591E-06 8.12535E-07
 3.71297E-07 1.32275E-07 2.99762E-08 2.37770E-09 0.00000E+00 2.72787E+06
 2.03722E+06 1.49184E+06 1.09173E+06 7.98422E+05 5.83461E+05 4.26088E+05
 3.10911E+05 2.26709E+05 1.65173E+05 1.20252E+05 8.74729E+04 6.35808E+04
 4.61735E+04 3.35062E+04 2.42919E+04 1.75979E+04 1.27367E+04 9.21116E+03
 6.65533E+03 4.80506E+03 3.46602E+03 2.49836E+03 1.79928E+03 1.29498E+03
 9.31198E+02 6.69473E+02 4.78759E+02 3.43911E+02 2.46964E+02 1.77345E+02
 1.27357E+02 9.14852E+01 6.58127E+01 4.73492E+01 3.41048E+01 2.46041E+01
 1.77796E+01 1.28750E+01 9.34124E+00 6.79546E+00 4.95321E+00 3.61807E+00
 2.64756E+00 1.94068E+00 1.42383E+00 1.04687E+00 7.68218E-01 5.64809E-01
 4.14099E-01 3.03576E-01 2.22132E-01 1.62177E-01 1.18064E-01 8.56705E-02
 6.19210E-02 4.45677E-02 3.19258E-02 2.27575E-02 1.61333E-02 1.13746E-02
 7.97255E-03 5.55257E-03 3.84937E-03 2.64706E-03 1.80939E-03 1.23077E-03
 8.33563E-04 5.63227E-04 3.80191E-04 2.57227E-04 1.74804E-04 1.19800E-04
 8.28799E-05 5.82391E-05 4.13615E-05 2.97084E-05 2.14712E-05 1.55350E-05
 1.11593E-05 7.89360E-06 5.44063E-06 3.60357E-06 2.26357E-06 1.31938E-06
 6.91534E-07 3.09875E-07 1.07776E-07 2.38335E-08 1.91460E-09 0.00000E+00
 2.16037E+06 1.66399E+06 1.26383E+06 9.59913E+05 7.29082E+05 5.53763E+05
 4.20606E+05 3.19471E+05 2.42658E+05 1.84316E+05 1.40004E+05 1.06348E+05
 8.07854E+04 6.13694E+04 4.66220E+04 3.54205E+04 2.69123E+04 2.04495E+04
 1.55404E+04 1.18114E+04 8.97861E+03 6.82662E+03 5.19170E+03 3.94953E+03
 3.00570E+03 2.28847E+03 1.74338E+03 1.32394E+03 1.01028E+03 7.71726E+02
 5.90246E+02 4.52134E+02 3.46981E+02 2.67085E+02 2.06009E+02 1.59425E+02
 1.23850E+02 9.66396E+01 7.57852E+01 5.97552E+01 4.74130E+01 3.78584E+01
 3.04322E+01 2.46302E+01 2.00708E+01 1.64649E+01 1.36030E+01 1.12925E+01
 9.43596E+00 7.91436E+00 6.67039E+00 5.64179E+00 4.78535E+00 4.06758E+00
 3.46245E+00 2.94959E+00 2.51295E+00 2.13982E+00 1.82001E+00 1.54530E+00
 1.30899E+00 1.10558E+00 9.30476E-01 7.80502E-01 6.50887E-01 5.39851E-01
 4.45010E-01 3.64300E-01 2.95924E-01 2.38305E-01 1.90053E-01 1.49934E-01
 1.16835E-01 8.97605E-02 6.80503E-02 5.05995E-02 3.68786E-02 2.62644E-02
 1.82081E-02 1.22289E-02 7.90792E-03 4.88839E-03 2.84756E-03 1.54648E-03
 7.63995E-04 3.31650E-04 1.19372E-04 3.19516E-05 4.98086E-06 2.06948E-07
 0.00000E+00 3.22553E+06 2.48143E+06 1.88180E+06 1.42662E+06 1.08160E+06
 8.19767E+05 6.21342E+05 4.70790E+05 3.56728E+05 2.70207E+05 2.04675E+05
 1.54981E+05 1.17353E+05 8.88279E+04 6.72365E+04 5.08744E+04 3.84940E+04
 2.91155E+04 2.20222E+04 1.66511E+04 1.25904E+04 9.51686E+03 7.19431E+03
 5.43722E+03 4.11000E+03 3.10623E+03 2.34844E+03 1.76878E+03 1.33838E+03
 1.01312E+03 7.67656E+02 5.82192E+02 4.42219E+02 3.36707E+02 2.56819E+02
 1.96418E+02 1.50763E+02 1.16171E+02 8.99470E+01 6.99909E+01 5.47986E+01
 4.31604E+01 3.42199E+01 2.73103E+01 2.19450E+01 1.77487E+01 1.44587E+01
 1.18332E+01 9.74966E+00 8.06276E+00 6.70124E+00 5.58966E+00 4.67632E+00
 3.92095E+00 3.29274E+00 2.76761E+00 2.32673E+00 1.95527E+00 1.64137E+00
 1.37560E+00 1.15023E+00 9.59092E-01 7.96837E-01 6.59894E-01 5.43230E-01
 4.44763E-01 3.61866E-01 2.92370E-01 2.34350E-01 1.86195E-01 1.46463E-01
 1.13939E-01 8.75281E-02 6.62613E-02 4.94801E-02 3.62184E-02 2.59668E-02
 1.81799E-02 1.23771E-02 8.15628E-03 5.16660E-03 3.12490E-03 1.77676E-03
 9.39957E-04 4.50742E-04 1.89277E-04 6.55074E-05 1.67728E-05 2.51230E-06
 1.06343E-07 0.00000E+00 4.67520E+06 3.58850E+06 2.71396E+06 2.05158E+06
 1.55082E+06 1.17172E+06 8.85245E+05 6.68468E+05 5.04738E+05 3.80905E+05
 2.87426E+05 2.16765E+05 1.63456E+05 1.23184E+05 9.28208E+04 6.98988E+04
 5.26291E+04 3.96011E+04 2.97933E+04 2.24001E+04 1.68390E+04 1.26505E+04
 9.50272E+03 7.13410E+03 5.35558E+03 4.01823E+03 3.01523E+03 2.25298E+03
 1.69093E+03 1.26913E+03 9.53209E+02 7.16306E+02 5.38951E+02 4.06337E+02
 3.06798E+02 2.32188E+02 1.76308E+02 1.34356E+02 1.02856E+02 7.91125E+01
 6.12152E+01 4.76391E+01 3.73153E+01 2.94168E+01 2.33470E+01 1.86479E+01
 1.50028E+01 1.21242E+01 9.86478E+00 8.05547E+00 6.61147E+00 5.44597E+00
 4.49942E+00 3.72585E+00 3.09024E+00 2.56546E+00 2.13034E+00 1.76837E+00
 1.46639E+00 1.21403E+00 1.00281E+00 8.26052E-01 6.77944E-01 5.54617E-01
 4.50952E-01 3.64650E-01 2.92980E-01 2.33729E-01 1.84948E-01 1.45034E-01
 1.12569E-01 8.63848E-02 6.54413E-02 4.88301E-02 3.59260E-02 2.58933E-02
 1.82659E-02 1.25737E-02 8.40822E-03 5.43689E-03 3.37407E-03 1.99659E-03
 1.10806E-03 5.70884E-04 2.65671E-04 1.07859E-04 3.58748E-05 8.78121E-06
 1.26202E-06 5.39006E-08 0.00000E+00 6.59657E+06 5.04894E+06 3.80575E+06
 2.86700E+06 2.15951E+06 1.62563E+06 1.22353E+06 9.20311E+05 6.92097E+05
 5.20126E+05 3.90795E+05 2.93415E+05 2.20242E+05 1.65195E+05 1.23869E+05
 9.28092E+04 6.95148E+04 5.20251E+04 3.89223E+04 2.90954E+04 2.17418E+04
 1.62332E+04 1.21164E+04 9.03636E+03 6.73738E+03 5.01917E+03 3.73887E+03
 2.77233E+03 2.06448E+03 1.53702E+03 1.14480E+03 8.52890E+02 6.36025E+02
 4.75158E+02 3.55389E+02 2.66368E+02 2.00262E+02 1.51066E+02 1.14454E+02
 8.71059E+01 6.66788E+01 5.13271E+01 3.97611E+01 3.09958E+01 2.43236E+01
 1.92074E+01 1.52771E+01 1.22037E+01 9.81529E+00 7.92216E+00 6.42678E+00
 5.23254E+00 4.27296E+00 3.49736E+00 2.86713E+00 2.35271E+00 1.93108E+00
 1.58445E+00 1.29868E+00 1.06275E+00 8.67694E-01 7.06477E-01 5.73040E-01
 4.63325E-01 3.72266E-01 2.97434E-01 2.36092E-01 1.86046E-01 1.45391E-01
 1.12575E-01 8.62480E-02 6.53145E-02 4.88117E-02 3.59124E-02 2.60426E-02
 1.84887E-02 1.28383E-02 8.69268E-03 5.71228E-03 3.62595E-03 2.20581E-03
 1.27774E-03 6.92652E-04 3.47813E-04 1.57251E-04 6.18030E-05 1.97963E-05
 4.64635E-06 6.42293E-07 2.71846E-08 0.00000E+00 9.09041E+06 6.93587E+06
 5.20880E+06 3.90919E+06 2.93310E+06 2.19922E+06 1.64849E+06 1.23478E+06
 9.24593E+05 6.91796E+05 5.17425E+05 3.86690E+05 2.88870E+05 2.15610E+05
 1.60857E+05 1.19900E+05 8.93283E+04 6.64886E+04 4.94632E+04 3.67614E+04
 2.73068E+04 2.02635E+04 1.50292E+04 1.11360E+04 8.24731E+03 6.10162E+03
 4.51299E+03 3.32157E+03 2.45488E+03 1.81355E+03 1.34000E+03 9.90156E+02
 7.32165E+02 5.42271E+02 4.01986E+02 2.98559E+02 2.22377E+02 1.66159E+02
 1.24670E+02 9.39479E+01 7.11968E+01 5.42494E+01 4.15925E+01 3.20866E+01
 2.49150E+01 1.94657E+01 1.53178E+01 1.21041E+01 9.63016E+00 7.68806E+00
 6.16883E+00 4.96763E+00 4.01214E+00 3.24783E+00 2.63326E+00 2.13701E+00
 1.73466E+00 1.40756E+00 1.14091E+00 9.23287E-01 7.45430E-01 6.00152E-01
 4.81311E-01 3.84765E-01 3.05604E-01 2.41348E-01 1.89329E-01 1.47425E-01
 1.13819E-01 8.70458E-02 6.58513E-02 4.92279E-02 3.63052E-02 2.63464E-02
 1.88380E-02 1.31781E-02 9.01095E-03 6.00366E-03 3.87869E-03 2.41804E-03
 1.44279E-03 8.18610E-04 4.33791E-04 2.12486E-04 9.34421E-05 3.56025E-05
 1.10068E-05 2.48449E-06 3.30969E-07 1.35321E-08 0.00000E+00 1.22682E+07
 9.32962E+06 6.97930E+06 5.21727E+06 3.89869E+06 2.91115E+06 2.17289E+06
 1.62055E+06 1.20808E+06 8.99827E+05 6.69899E+05 4.98274E+05 3.70419E+05
 2.75108E+05 2.04201E+05 1.51417E+05 1.12206E+05 8.30616E+04 6.14457E+04
 4.54049E+04 3.35282E+04 2.47301E+04 1.82280E+04 1.34203E+04 9.87395E+03
 7.25588E+03 5.32970E+03 3.89452E+03 2.85736E+03 2.09514E+03 1.53618E+03
 1.12621E+03 8.26036E+02 6.06757E+02 4.45977E+02 3.28368E+02 2.42416E+02
 1.79500E+02 1.33443E+02 9.96200E+01 7.47791E+01 5.64316E+01 4.28437E+01
 3.27264E+01 2.51586E+01 1.94584E+01 1.51572E+01 1.18543E+01 9.33469E+00
 7.37489E+00 5.85599E+00 4.66649E+00 3.72941E+00 2.98722E+00 2.39641E+00
 1.92423E+00 1.54536E+00 1.24061E+00 9.94842E-01 7.96453E-01 6.36106E-01
 5.06595E-01 4.01842E-01 3.17719E-01 2.49544E-01 1.94859E-01 1.51120E-01
 1.16313E-01 8.87439E-02 6.70563E-02 5.01084E-02 3.69903E-02 2.69299E-02
 1.92829E-02 1.35994E-02 9.37791E-03 6.31721E-03 4.14350E-03 2.63312E-03
 1.61308E-03 9.44665E-04 5.25374E-04 2.72397E-04 1.30297E-04 5.58120E-05
 2.06518E-05 6.17815E-06 1.34543E-06 1.72982E-07 6.58443E-09 0.00000E+00
 1.62505E+07 1.23162E+07 9.17679E+06 6.83222E+06 5.08432E+06 3.78050E+06
 2.80961E+06 2.08624E+06 1.54826E+06 1.14795E+06 8.50624E+05 6.29691E+05
 4.65833E+05 3.44256E+05 2.54227E+05 1.87536E+05 1.38233E+05 1.01774E+05
 7.48697E+04 5.50109E+04 4.03851E+04 2.96107E+04 2.16922E+04 1.58713E+04
 1.16023E+04 8.46993E+03 6.17961E+03 4.48403E+03 3.26661E+03 2.37791E+03
 1.73055E+03 1.25908E+03 9.16290E+02 6.67712E+02 4.86775E+02 3.55429E+02
 2.60162E+02 1.90976E+02 1.40723E+02 1.04115E+02 7.74433E+01 5.79043E+01
 4.35513E+01 3.29532E+01 2.50911E+01 1.92191E+01 1.48257E+01 1.14810E+01
 8.95173E+00 7.00187E+00 5.50423E+00 4.34216E+00 3.43518E+00 2.72368E+00
 2.16276E+00 1.71889E+00 1.36630E+00 1.08557E+00 8.61520E-01 6.82560E-01
 5.39455E-01 4.25115E-01 3.33637E-01 2.60987E-01 2.02771E-01 1.56606E-01
 1.20109E-01 9.14074E-02 6.89451E-02 5.14899E-02 3.80193E-02 2.77249E-02
 1.99329E-02 1.40888E-02 9.80489E-03 6.66803E-03 4.42733E-03 2.86038E-03
 1.78910E-03 1.07779E-03 6.20009E-04 3.38311E-04 1.71824E-04 8.03723E-05
 3.35933E-05 1.20989E-05 3.51324E-06 7.40811E-07 9.20492E-08 3.08769E-09
 0.00000E+00 2.11642E+07 1.59855E+07 1.18627E+07 8.79579E+06 6.51817E+06
 4.82611E+06 3.57114E+06 2.64005E+06 1.95044E+06 1.43954E+06 1.06171E+06
 7.82225E+05 5.75865E+05 4.23472E+05 3.11147E+05 2.28345E+05 1.67428E+05
 1.22608E+05 8.97016E+04 6.55404E+04 4.78394E+04 3.48714E+04 2.53931E+04
 1.84654E+04 1.34140E+04 9.72958E+03 7.05203E+03 5.08221E+03 3.67689E+03
 2.65775E+03 1.92024E+03 1.38681E+03 1.00161E+03 7.24276E+02 5.23842E+02
 3.79420E+02 2.75441E+02 2.00504E+02 1.46486E+02 1.07444E+02 7.92182E+01
 5.87055E+01 4.37561E+01 3.28069E+01 2.47498E+01 1.87813E+01 1.43525E+01
 1.10091E+01 8.50216E+00 6.58624E+00 5.12752E+00 4.00575E+00 3.13812E+00
 2.46379E+00 1.93713E+00 1.52436E+00 1.19965E+00 9.43668E-01 7.41406E-01
 5.81491E-01 4.54929E-01 3.54859E-01 2.75639E-01 2.13396E-01 1.64059E-01
 1.25367E-01 9.51199E-02 7.16026E-02 5.34105E-02 3.94396E-02 2.87874E-02
 2.07465E-02 1.47366E-02 1.02867E-02 7.06796E-03 4.74316E-03 3.10608E-03
 1.97806E-03 1.21871E-03 7.22613E-04 4.08763E-04 2.19101E-04 1.09166E-04
 5.00227E-05 2.04473E-05 7.18785E-06 2.03328E-06 4.16844E-07 5.01259E-08
 1.36038E-09 0.00000E+00 2.71396E+07 2.04287E+07 1.50986E+07 1.11492E+07
 8.22759E+06 6.06594E+06 4.46913E+06 3.28942E+06 2.41930E+06 1.77748E+06
 1.30486E+06 9.56840E+05 7.01023E+05 5.12989E+05 3.75035E+05 2.73834E+05
 1.99738E+05 1.45497E+05 1.05872E+05 7.69293E+04 5.58361E+04 4.04670E+04
 2.92945E+04 2.11748E+04 1.52877E+04 1.10188E+04 7.93522E+03 5.68065E+03
 4.08222E+03 2.93051E+03 2.10242E+03 1.50750E+03 1.08077E+03 7.75674E+02
 5.56713E+02 4.00080E+02 2.88123E+02 2.08036E+02 1.50735E+02 1.09634E+02
 8.01460E+01 5.88817E+01 4.35042E+01 3.23303E+01 2.41726E+01 1.81779E+01
 1.37655E+01 1.04617E+01 8.00502E+00 6.14333E+00 4.73797E+00 3.66665E+00
 2.84533E+00 2.21273E+00 1.72316E+00 1.34301E+00 1.04677E+00 8.15474E-01
 6.34483E-01 4.92788E-01 3.81762E-01 2.94858E-01 2.26760E-01 1.73806E-01
 1.32272E-01 1.00044E-01 7.51229E-02 5.59577E-02 4.12972E-02 3.01654E-02
 2.17759E-02 1.55172E-02 1.08957E-02 7.51562E-03 5.10166E-03 3.38074E-03
 2.18523E-03 1.37292E-03 8.34038E-04 4.87280E-04 2.71400E-04 1.43115E-04
 7.00790E-05 3.15248E-05 1.26355E-05 4.34933E-06 1.20341E-06 2.40930E-07
 2.80832E-08 5.31654E-10 0.00000E+00 3.43068E+07 2.57359E+07 1.89442E+07
 1.39317E+07 1.02381E+07 7.51637E+06 5.51392E+06 4.04073E+06 2.95865E+06
 2.16395E+06 1.58127E+06 1.15412E+06 8.41530E+05 6.12833E+05 4.45818E+05
 3.23885E+05 2.35036E+05 1.70318E+05 1.23273E+05 8.90893E+04 6.43039E+04
 4.63413E+04 3.33535E+04 2.39670E+04 1.71994E+04 1.23204E+04 8.81677E+03
 6.27066E+03 4.47662E+03 3.19211E+03 2.27438E+03 1.61939E+03 1.15266E+03
 8.21245E+02 5.85014E+02 4.17221E+02 2.98135E+02 2.13567E+02 1.53500E+02
 1.10735E+02 8.02813E+01 5.84872E+01 4.28457E+01 3.15679E+01 2.33978E+01
 1.74411E+01 1.30913E+01 9.86036E+00 7.47746E+00 5.68655E+00 4.34591E+00
 3.33260E+00 2.56244E+00 1.97442E+00 1.52340E+00 1.17633E+00 9.08344E-01
 7.01037E-01 5.40343E-01 4.15732E-01 3.19030E-01 2.44071E-01 1.85909E-01
 1.41131E-01 1.06363E-01 7.96603E-02 5.92252E-02 4.36744E-02 3.19055E-02
 2.30657E-02 1.64768E-02 1.16163E-02 8.06814E-03 5.50327E-03 3.69340E-03
 2.41889E-03 1.54470E-03 9.58436E-04 5.74761E-04 3.31315E-04 1.81968E-04
 9.45653E-05 4.56020E-05 2.01874E-05 7.95692E-06 2.69113E-06 7.31312E-07
 1.43604E-07 1.62562E-08 1.52104E-10 0.00000E+00 4.27915E+07 3.19929E+07
 2.34554E+07 1.71792E+07 1.25724E+07 9.19148E+06 6.71399E+06 4.89892E+06
 3.57124E+06 2.60035E+06 1.89152E+06 1.37420E+06 9.97294E+05 7.22804E+05
 5.23260E+05 3.78269E+05 2.73117E+05 1.96900E+05 1.41766E+05 1.01909E+05
 7.31569E+04 5.24295E+04 3.75218E+04 2.68067E+04 1.91236E+04 1.36161E+04
 9.68406E+03 6.84361E+03 4.85426E+03 3.43872E+03 2.43365E+03 1.72095E+03
 1.21637E+03 8.60467E+02 6.08482E+02 4.30737E+02 3.05461E+02 2.17132E+02
 1.54839E+02 1.10814E+02 7.96905E+01 5.75829E+01 4.18342E+01 3.05651E+01
 2.24632E+01 1.66017E+01 1.23545E+01 9.22459E+00 6.93460E+00 5.22739E+00
 3.95986E+00 3.00976E+00 2.29369E+00 1.75164E+00 1.33946E+00 1.02506E+00
 7.84441E-01 5.99976E-01 4.58285E-01 3.49415E-01 2.65712E-01 2.01434E-01
 1.52030E-01 1.14356E-01 8.53867E-02 6.33540E-02 4.66596E-02 3.40819E-02
 2.46595E-02 1.76545E-02 1.24877E-02 8.71622E-03 5.99268E-03 4.04534E-03
 2.68656E-03 1.74056E-03 1.09931E-03 6.74397E-04 3.99750E-04 2.27686E-04
 1.23519E-04 6.33787E-05 3.01637E-05 1.31731E-05 5.12063E-06 1.70723E-06
 4.57330E-07 8.84121E-08 9.74130E-09 0.00000E+00 0.00000E+00 5.27113E+07
 3.92783E+07 2.86821E+07 2.09228E+07 1.52494E+07 1.11024E+07 8.07563E+06
 5.86730E+06 4.25858E+06 3.08717E+06 2.23556E+06 1.61676E+06 1.16789E+06
 8.42468E+05 6.06965E+05 4.36646E+05 3.13701E+05 2.25018E+05 1.61178E+05
 1.15257E+05 8.22968E+04 5.86592E+04 4.17469E+04 2.96564E+04 2.10341E+04
 1.48877E+04 1.05246E+04 7.39121E+03 5.20969E+03 3.66684E+03 2.57807E+03
 1.81088E+03 1.27116E+03 8.92972E+02 6.26965E+02 4.40601E+02 3.10145E+02
 2.18804E+02 1.54838E+02 1.09953E+02 7.84494E+01 5.62345E+01 4.05250E+01
 2.93674E+01 2.14054E+01 1.56885E+01 1.15778E+01 8.57162E+00 6.38941E+00
 4.77539E+00 3.58663E+00 2.70278E+00 2.04211E+00 1.54614E+00 1.17215E+00
 8.89305E-01 6.74693E-01 5.11589E-01 3.87401E-01 2.92820E-01 2.20750E-01
 1.65899E-01 1.24122E-01 9.25536E-02 6.85019E-02 5.03786E-02 3.67753E-02
 2.66230E-02 1.90902E-02 1.35438E-02 9.49277E-03 6.56475E-03 4.47147E-03
 2.98987E-03 1.96671E-03 1.26179E-03 7.89059E-04 4.79201E-04 2.81145E-04
 1.58462E-04 8.50537E-05 4.31693E-05 2.03190E-05 8.77408E-06 3.37209E-06
 1.11126E-06 2.94269E-07 5.61602E-08 6.03697E-09 0.00000E+00 0.00000E+00
 6.41711E+07 4.76610E+07 3.46664E+07 2.51875E+07 1.82834E+07 1.32568E+07
 9.60253E+06 6.94725E+06 5.02079E+06 3.62390E+06 2.61263E+06 1.88099E+06
 1.35256E+06 9.71161E+05 6.96381E+05 4.98573E+05 3.56443E+05 2.54409E+05
 1.81309E+05 1.28986E+05 9.16163E+04 6.49533E+04 4.59742E+04 3.24780E+04
 2.29045E+04 1.61173E+04 1.13266E+04 7.90576E+03 5.53804E+03 3.87345E+03
 2.70583E+03 1.88818E+03 1.31654E+03 9.18552E+02 6.40428E+02 4.46869E+02
 3.12281E+02 2.18692E+02 1.53603E+02 1.08249E+02 7.66401E+01 5.45103E+01
 3.89734E+01 2.80186E+01 2.02587E+01 1.47281E+01 1.07810E+01 7.91629E+00
 5.85267E+00 4.33814E+00 3.23138E+00 2.41498E+00 1.80959E+00 1.35877E+00
 1.02161E+00 7.68690E-01 5.78379E-01 4.34947E-01 3.26656E-01 2.44877E-01
 1.83091E-01 1.36470E-01 1.01266E-01 7.48926E-02 5.49743E-02 4.00968E-02
 2.90284E-02 2.08408E-02 1.48200E-02 1.04267E-02 7.24687E-03 4.96938E-03
 3.35616E-03 2.22491E-03 1.45101E-03 9.22842E-04 5.72049E-04 3.44338E-04
 2.00220E-04 1.11832E-04 5.94799E-05 2.99114E-05 1.39480E-05 5.96628E-06
 2.27133E-06 7.41236E-07 1.94363E-07 3.66759E-08 3.85549E-09 0.00000E+00
 0.00000E+00 7.72596E+07 5.71968E+07 4.14407E+07 2.99911E+07 2.16832E+07
 1.56584E+07 1.12955E+07 8.13813E+06 5.85656E+06 4.20904E+06 3.02126E+06
 2.16558E+06 1.55020E+06 1.10800E+06 7.90813E+05 5.63514E+05 4.00937E+05
 2.84772E+05 2.01938E+05 1.42936E+05 1.01002E+05 7.12317E+04 5.01482E+04
 3.52335E+04 2.47093E+04 1.72883E+04 1.20791E+04 8.38042E+03 5.83509E+03
 4.05610E+03 2.81559E+03 1.95217E+03 1.35222E+03 9.37161E+02 6.48944E+02
 4.49667E+02 3.12014E+02 2.16935E+02 1.51256E+02 1.05806E+02 7.43482E+01
 5.24790E+01 3.72331E+01 2.65604E+01 1.90546E+01 1.37439E+01 9.98148E+00
 7.27094E+00 5.33301E+00 3.92143E+00 2.89776E+00 2.14844E+00 1.59709E+00
 1.18971E+00 8.87425E-01 6.62465E-01 4.94537E-01 3.68986E-01 2.74956E-01
 2.04518E-01 1.51732E-01 1.12223E-01 8.26323E-02 6.06447E-02 4.41745E-02
 3.19731E-02 2.29705E-02 1.63658E-02 1.15492E-02 8.06364E-03 5.56184E-03
 3.78483E-03 2.53667E-03 1.66874E-03 1.08001E-03 6.81602E-04 4.19256E-04
 2.50413E-04 1.44476E-04 8.00657E-05 4.22506E-05 2.10786E-05 9.75041E-06
 4.13664E-06 1.56170E-06 5.05180E-07 1.31256E-07 2.45025E-08 2.52442E-09
 0.00000E+00 0.00000E+00 9.02718E+04 8.99010E+04 6.97681E+04 5.41497E+04
 4.20328E+04 3.26320E+04 2.53380E+04 1.96781E+04 1.52860E+04 1.18772E+04
 9.23139E+03 7.17747E+03 5.58279E+03 4.34444E+03 3.38262E+03 2.63538E+03
 2.05471E+03 1.60333E+03 1.25233E+03 9.79270E+02 7.66744E+02 6.01243E+02
 4.72282E+02 3.71722E+02 2.93245E+02 2.31945E+02 1.84013E+02 1.46021E+02
 1.16719E+02 9.37136E+01 7.56205E+01 6.13647E+01 5.01089E+01 4.12251E+01
 3.41571E+01 2.85347E+01 2.40466E+01 2.04496E+01 1.75532E+01 1.52069E+01
 1.32966E+01 1.17269E+01 1.04263E+01 9.33797E+00 8.41736E+00 7.62960E+00
 6.94977E+00 6.35009E+00 5.82135E+00 5.34419E+00 4.91348E+00 4.51970E+00
 4.15694E+00 3.82063E+00 3.50727E+00 3.21420E+00 2.93941E+00 2.68136E+00
 2.43891E+00 2.21118E+00 1.99748E+00 1.79728E+00 1.61014E+00 1.43644E+00
 1.27404E+00 1.12371E+00 9.85137E-01 8.57978E-01 7.41887E-01 6.36494E-01
 5.41403E-01 4.56188E-01 3.80347E-01 3.13346E-01 2.55236E-01 2.04614E-01
 1.61352E-01 1.24856E-01 9.45211E-02 6.97426E-02 4.99132E-02 3.44513E-02
 2.26764E-02 1.41128E-02 8.14461E-03 4.24063E-03 1.90241E-03 6.74526E-04
 1.55710E-04 1.25879E-05 0.00000E+00 1.57488E+05 1.22817E+05 9.46232E+04
 7.29066E+04 5.61862E+04 4.33044E+04 3.33844E+04 2.57403E+04 1.98524E+04
 1.53143E+04 1.18180E+04 9.12236E+03 7.04492E+03 5.44266E+03 4.20735E+03
 3.25416E+03 2.51890E+03 1.95122E+03 1.51303E+03 1.17445E+03 9.12890E+02
 7.10579E+02 5.54101E+02 4.32911E+02 3.39030E+02 2.66199E+02 2.09676E+02
 1.65175E+02 1.31103E+02 1.04524E+02 8.37720E+01 6.75230E+01 5.47812E+01
 4.47830E+01 3.68793E+01 3.06247E+01 2.56604E+01 2.16989E+01 1.85242E+01
 1.59613E+01 1.38827E+01 1.21789E+01 1.07716E+01 9.59618E+00 8.60456E+00
 7.75779E+00 7.02909E+00 6.38804E+00 5.82492E+00 5.31859E+00 4.86372E+00
 4.44986E+00 4.07078E+00 3.72139E+00 3.39792E+00 3.09737E+00 2.81748E+00
 2.55646E+00 2.31294E+00 2.08581E+00 1.87420E+00 1.67739E+00 1.49468E+00
 1.32630E+00 1.16997E+00 1.02628E+00 8.94740E-01 7.74890E-01 6.66236E-01
 5.68290E-01 4.80535E-01 4.02456E-01 3.33483E-01 2.72983E-01 2.20904E-01
 1.75882E-01 1.37705E-01 1.05765E-01 7.94413E-02 5.81320E-02 4.12326E-02
 2.81894E-02 1.83602E-02 1.12956E-02 6.43451E-03 3.30104E-03 1.45522E-03
 5.05274E-04 1.14157E-04 9.32547E-06 0.00000E+00 2.12216E+05 1.64634E+05
 1.26081E+05 9.65557E+04 7.39596E+04 5.66524E+04 4.34054E+04 3.32577E+04
 2.54896E+04 1.95380E+04 1.49814E+04 1.14895E+04 8.81547E+03 6.76574E+03
 5.19560E+03 3.99160E+03 3.06894E+03 2.36107E+03 1.81830E+03 1.40160E+03
 1.08186E+03 8.36163E+02 6.47426E+02 5.02213E+02 3.90500E+02 3.04414E+02
 2.38075E+02 1.86195E+02 1.46749E+02 1.16181E+02 9.24772E+01 7.40365E+01
 5.96717E+01 4.84683E+01 3.96673E+01 3.27408E+01 2.72742E+01 2.29327E+01
 1.94701E+01 1.66857E+01 1.44364E+01 1.25984E+01 1.10850E+01 9.82430E+00
 8.76374E+00 7.86042E+00 7.08541E+00 6.40571E+00 5.81084E+00 5.27804E+00
 4.80157E+00 4.37015E+00 3.97711E+00 3.61688E+00 3.28539E+00 2.97928E+00
 2.69603E+00 2.43360E+00 2.19038E+00 1.96504E+00 1.75651E+00 1.56387E+00
 1.38622E+00 1.22360E+00 1.07362E+00 9.36701E-01 8.12197E-01 6.99523E-01
 5.98061E-01 5.07223E-01 4.26389E-01 3.54969E-01 2.92333E-01 2.37775E-01
 1.91156E-01 1.51156E-01 1.17500E-01 8.95674E-02 6.67381E-02 4.84236E-02
 3.40324E-02 2.30391E-02 1.48430E-02 9.02266E-03 5.07009E-03 2.56067E-03
 1.10793E-03 3.76053E-04 8.29673E-05 6.85750E-06 0.00000E+00 2.81368E+05
 2.17299E+05 1.65546E+05 1.26110E+05 9.60814E+04 7.31981E+04 5.57744E+04
 4.24967E+04 3.23870E+04 2.46827E+04 1.88164E+04 1.43456E+04 1.09412E+04
 8.34628E+03 6.37001E+03 4.86332E+03 3.71555E+03 2.84018E+03 2.17307E+03
 1.66402E+03 1.27586E+03 9.79433E+02 7.53185E+02 5.80219E+02 4.48021E+02
 3.46810E+02 2.69340E+02 2.09152E+02 1.63693E+02 1.28697E+02 1.01740E+02
 8.09031E+01 6.47764E+01 5.22764E+01 4.25169E+01 3.48800E+01 2.88861E+01
 2.41497E+01 2.03905E+01 1.73803E+01 1.49584E+01 1.29863E+01 1.13678E+01
 1.00236E+01 8.89621E+00 7.93877E+00 7.11991E+00 6.40412E+00 5.78001E+00
 5.22325E+00 4.72758E+00 4.28092E+00 3.87611E+00 3.50711E+00 3.16951E+00
 2.85960E+00 2.57458E+00 2.31216E+00 2.07048E+00 1.84801E+00 1.64345E+00
 1.45572E+00 1.28368E+00 1.12723E+00 9.83867E-01 8.53838E-01 7.36368E-01
 6.30757E-01 5.36279E-01 4.52256E-01 3.77983E-01 3.12807E-01 2.56049E-01
 2.06950E-01 1.65298E-01 1.29824E-01 1.00203E-01 7.58148E-02 5.60467E-02
 4.03270E-02 2.80866E-02 1.88300E-02 1.20016E-02 7.20956E-03 3.99722E-03
 1.98791E-03 8.44490E-04 2.80398E-04 6.04828E-05 5.05636E-06 0.00000E+00
 3.68160E+05 2.83178E+05 2.14720E+05 1.62788E+05 1.23424E+05 9.35639E+04
 7.09343E+04 5.37713E+04 4.07664E+04 3.09044E+04 2.34327E+04 1.77672E+04
 1.34753E+04 1.02211E+04 7.75586E+03 5.88659E+03 4.47044E+03 3.39643E+03
 2.58259E+03 1.96517E+03 1.49712E+03 1.14182E+03 8.72277E+02 6.67473E+02
 5.11915E+02 3.93566E+02 3.03561E+02 2.34081E+02 1.81945E+02 1.42066E+02
 1.11546E+02 8.81065E+01 7.00797E+01 5.61935E+01 4.54170E+01 3.70330E+01
 3.04892E+01 2.53450E+01 2.12819E+01 1.80428E+01 1.54475E+01 1.33419E+01
 1.16200E+01 1.01944E+01 9.00255E+00 7.99355E+00 7.13339E+00 6.38412E+00
 5.73326E+00 5.15500E+00 4.64246E+00 4.18279E+00 3.76829E+00 3.39248E+00
 3.05055E+00 2.73847E+00 2.45316E+00 2.19204E+00 1.95304E+00 1.73439E+00
 1.53460E+00 1.35240E+00 1.18646E+00 1.03651E+00 8.99965E-01 7.76908E-01
 6.66444E-01 5.67768E-01 4.80064E-01 4.02573E-01 3.34523E-01 2.75209E-01
 2.23913E-01 1.79840E-01 1.42718E-01 1.11334E-01 8.53246E-02 6.40794E-02
 4.70000E-02 3.35363E-02 2.31473E-02 1.53689E-02 9.69134E-03 5.75340E-03
 3.14756E-03 1.54158E-03 6.43131E-04 2.08999E-04 4.41191E-05 3.72989E-06
 0.00000E+00 4.76327E+05 3.65005E+05 2.75557E+05 2.07983E+05 1.56976E+05
 1.18451E+05 8.93799E+04 6.74298E+04 5.08721E+04 3.83738E+04 2.89488E+04
 2.18363E+04 1.64742E+04 1.24287E+04 9.37938E+03 7.07908E+03 5.34542E+03
 4.03762E+03 3.05196E+03 2.30830E+03 1.74771E+03 1.32460E+03 1.00546E+03
 7.64408E+02 5.82410E+02 4.44785E+02 3.40771E+02 2.60977E+02 2.01478E+02
 1.56255E+02 1.21864E+02 9.56170E+01 7.55565E+01 6.01988E+01 4.83511E+01
 3.91872E+01 3.20740E+01 2.65115E+01 2.21393E+01 1.86698E+01 1.59013E+01
 1.36640E+01 1.18408E+01 1.03365E+01 9.08290E+00 8.02512E+00 7.12640E+00
 6.34633E+00 5.67127E+00 5.07398E+00 4.54688E+00 4.07639E+00 3.65422E+00
 3.27347E+00 2.92891E+00 2.61620E+00 2.33195E+00 2.07334E+00 1.83804E+00
 1.62407E+00 1.42975E+00 1.25363E+00 1.09420E+00 9.51018E-01 8.21438E-01
 7.05390E-01 6.01870E-01 5.09981E-01 4.28829E-01 3.57588E-01 2.95433E-01
 2.41618E-01 1.95395E-01 1.55950E-01 1.22961E-01 9.52729E-02 7.25000E-02
 5.40440E-02 3.93285E-02 2.78283E-02 1.90349E-02 1.25163E-02 7.80848E-03
 4.58117E-03 2.47304E-03 1.19285E-03 4.88777E-04 1.55517E-04 3.21539E-05
 2.74856E-06 0.00000E+00 6.10139E+05 4.65891E+05 3.50264E+05 2.63257E+05
 1.97841E+05 1.48633E+05 1.11654E+05 8.38513E+04 6.29677E+04 4.72732E+04
 3.54902E+04 2.66388E+04 1.99964E+04 1.50086E+04 1.12669E+04 8.45826E+03
 6.35195E+03 4.77115E+03 3.58587E+03 2.69636E+03 2.02942E+03 1.52880E+03
 1.15330E+03 8.71304E+02 6.59617E+02 5.00485E+02 3.80937E+02 2.89786E+02
 2.22233E+02 1.71208E+02 1.32642E+02 1.03392E+02 8.11722E+01 6.42650E+01
 5.12981E+01 4.13267E+01 3.36287E+01 2.76406E+01 2.29567E+01 1.92570E+01
 1.63171E+01 1.39507E+01 1.20292E+01 1.04494E+01 9.13721E+00 8.03374E+00
 7.09939E+00 6.29133E+00 5.59472E+00 4.98089E+00 4.44156E+00 3.96239E+00
 3.53453E+00 3.15063E+00 2.80507E+00 2.49319E+00 2.21128E+00 1.95627E+00
 1.72561E+00 1.51710E+00 1.32886E+00 1.15928E+00 1.00669E+00 8.70486E-01
 7.47968E-01 6.38919E-01 5.42246E-01 4.56971E-01 3.82135E-01 3.16857E-01
 2.60273E-01 2.11605E-01 1.70087E-01 1.34895E-01 1.05671E-01 8.13210E-02
 6.14441E-02 4.54613E-02 3.28222E-02 2.30300E-02 1.56106E-02 1.01651E-02
 6.27380E-03 3.63739E-03 1.93748E-03 9.20345E-04 3.70420E-04 1.15428E-04
 2.33904E-05 2.02147E-06 0.00000E+00 7.74408E+05 5.89319E+05 4.41294E+05
 3.30333E+05 2.47225E+05 1.84954E+05 1.38343E+05 1.03441E+05 7.73317E+04
 5.77933E+04 4.31866E+04 3.22624E+04 2.41005E+04 1.79998E+04 1.34443E+04
 1.00409E+04 7.50071E+03 5.60374E+03 4.18846E+03 3.13179E+03 2.34361E+03
 1.75515E+03 1.31614E+03 9.88263E+02 7.43517E+02 5.60584E+02 4.23956E+02
 3.20402E+02 2.44115E+02 1.86842E+02 1.43814E+02 1.11378E+02 8.68849E+01
 6.83597E+01 5.42339E+01 4.34334E+01 3.51402E+01 2.87229E+01 2.37274E+01
 1.97999E+01 1.66919E+01 1.42002E+01 1.21842E+01 1.05326E+01 9.16545E+00
 8.01967E+00 7.05285E+00 6.21976E+00 5.50430E+00 4.87648E+00 4.32724E+00
 3.84153E+00 3.40992E+00 3.02463E+00 2.67962E+00 2.36993E+00 2.09155E+00
 1.84116E+00 1.61597E+00 1.41360E+00 1.23198E+00 1.06933E+00 9.23843E-01
 7.94749E-01 6.79331E-01 5.77228E-01 4.87268E-01 4.08408E-01 3.39634E-01
 2.80025E-01 2.28687E-01 1.84822E-01 1.47653E-01 1.16362E-01 9.05597E-02
 6.92160E-02 5.19248E-02 3.81302E-02 2.73111E-02 1.90015E-02 1.27631E-02
 8.22964E-03 5.02466E-03 2.87864E-03 1.51288E-03 7.07714E-04 2.79795E-04
 8.54108E-05 1.69736E-05 1.48296E-06 0.00000E+00 9.74467E+05 7.39129E+05
 5.51335E+05 4.11085E+05 3.06429E+05 2.28312E+05 1.70065E+05 1.26621E+05
 9.42527E+04 7.01293E+04 5.21693E+04 3.87944E+04 2.88444E+04 2.14399E+04
 1.59355E+04 1.18422E+04 8.80122E+03 6.54112E+03 4.86304E+03 3.61641E+03
 2.69119E+03 2.00401E+03 1.49402E+03 1.11519E+03 8.33946E+02 6.24900E+02
 4.69653E+02 3.52671E+02 2.66994E+02 2.03053E+02 1.55295E+02 1.19511E+02
 9.26458E+01 7.24467E+01 5.71317E+01 4.54879E+01 3.65945E+01 2.97485E+01
 2.44447E+01 2.02938E+01 1.70226E+01 1.44106E+01 1.23048E+01 1.05858E+01
 9.16769E+00 7.98330E+00 6.98736E+00 6.13232E+00 5.40083E+00 4.76160E+00
 4.20477E+00 3.71462E+00 3.28115E+00 2.89614E+00 2.55317E+00 2.24695E+00
 1.97320E+00 1.72836E+00 1.50940E+00 1.31376E+00 1.13920E+00 9.83794E-01
 8.45591E-01 7.23691E-01 6.15357E-01 5.20101E-01 4.36686E-01 3.64013E-01
 3.01032E-01 2.46788E-01 2.00371E-01 1.60971E-01 1.27810E-01 1.00083E-01
 7.73797E-02 5.87362E-02 4.37465E-02 3.18821E-02 2.26536E-02 1.56272E-02
 1.04007E-02 6.64037E-03 4.01045E-03 2.27018E-03 1.17712E-03 5.42235E-04
 2.10581E-04 6.29857E-05 1.22825E-05 1.08477E-06 0.00000E+00 1.21615E+06
 9.19490E+05 6.83278E+05 5.07512E+05 3.76829E+05 2.79650E+05 2.07461E+05
 1.53828E+05 1.14023E+05 8.44762E+04 6.25672E+04 4.63194E+04 3.42825E+04
 2.53639E+04 1.87626E+04 1.38756E+04 1.02614E+04 7.58775E+03 5.61197E+03
 4.15131E+03 3.07253E+03 2.27534E+03 1.68672E+03 1.25178E+03 9.30591E+02
 6.93145E+02 5.17782E+02 3.86391E+02 2.90709E+02 2.19714E+02 1.66991E+02
 1.27717E+02 9.84016E+01 7.64870E+01 5.99634E+01 4.74703E+01 3.79778E+01
 3.07078E+01 2.51020E+01 2.07345E+01 1.73067E+01 1.45803E+01 1.23903E+01
 1.06089E+01 9.14422E+00 7.92517E+00 6.90364E+00 6.02987E+00 5.28521E+00
 4.63714E+00 4.07505E+00 3.58254E+00 3.14904E+00 2.76592E+00 2.42638E+00
 2.12484E+00 1.85672E+00 1.61824E+00 1.40617E+00 1.21777E+00 1.05063E+00
 9.02700E-01 7.71905E-01 6.57217E-01 5.55900E-01 4.67348E-01 3.90276E-01
 3.23542E-01 2.66067E-01 2.16877E-01 1.75055E-01 1.39789E-01 1.10307E-01
 8.58227E-02 6.59166E-02 4.96888E-02 3.67403E-02 2.65724E-02 1.87291E-02
 1.28093E-02 8.44673E-03 5.33939E-03 3.18957E-03 1.78383E-03 9.12471E-04
 4.13883E-04 1.57896E-04 4.62841E-05 8.86120E-06 7.91061E-07 0.00000E+00
 1.50571E+06 1.13485E+06 8.40185E+05 6.21710E+05 4.59852E+05 3.39936E+05
 2.51184E+05 1.85497E+05 1.36931E+05 1.01024E+05 7.45038E+04 5.49164E+04
 4.04650E+04 2.98025E+04 2.19440E+04 1.61518E+04 1.18871E+04 8.74661E+03
 6.43648E+03 4.73674E+03 3.48737E+03 2.56867E+03 1.89371E+03 1.39752E+03
 1.03299E+03 7.64933E+02 5.68029E+02 4.21316E+02 3.15070E+02 2.36682E+02
 1.78795E+02 1.35921E+02 1.04096E+02 8.04405E+01 6.27007E+01 4.93608E+01
 3.92765E+01 3.15918E+01 2.56934E+01 2.11183E+01 1.75419E+01 1.47084E+01
 1.24403E+01 1.06020E+01 9.09551E+00 7.84599E+00 6.80257E+00 5.91334E+00
 5.15841E+00 4.50411E+00 3.93904E+00 3.44617E+00 3.01441E+00 2.63471E+00
 2.29991E+00 2.00414E+00 1.74257E+00 1.51119E+00 1.30658E+00 1.12582E+00
 9.66387E-01 8.26082E-01 7.02747E-01 5.95233E-01 5.00816E-01 4.18789E-01
 3.47828E-01 2.86761E-01 2.34494E-01 1.90043E-01 1.52493E-01 1.21037E-01
 9.49161E-02 7.33710E-02 5.59785E-02 4.19033E-02 3.07578E-02 2.20751E-02
 1.54332E-02 1.04640E-02 6.83622E-03 4.27817E-03 2.52758E-03 1.39650E-03
 7.04667E-04 3.14709E-04 1.17943E-04 3.38892E-05 6.37330E-06 5.75073E-07
 0.00000E+00 1.84976E+06 1.38988E+06 1.02523E+06 7.55834E+05 5.56952E+05
 4.10141E+05 3.01880E+05 2.22054E+05 1.63256E+05 1.19952E+05 8.80927E+04
 6.46565E+04 4.74350E+04 3.47814E+04 2.54943E+04 1.86786E+04 1.36819E+04
 1.00189E+04 7.33654E+03 5.37205E+03 3.93483E+03 2.88308E+03 2.11413E+03
 1.55167E+03 1.14055E+03 8.39785E+02 6.20023E+02 4.57163E+02 3.39866E+02
 2.53802E+02 1.90594E+02 1.44040E+02 1.09672E+02 8.42669E+01 6.53161E+01
 5.11406E+01 4.04781E+01 3.23923E+01 2.62137E+01 2.14420E+01 1.77266E+01
 1.47941E+01 1.24549E+01 1.05655E+01 9.02231E+00 7.74669E+00 6.68517E+00
 5.78382E+00 5.02153E+00 4.36356E+00 3.79774E+00 3.30646E+00 2.87811E+00
 2.50326E+00 2.17442E+00 1.88542E+00 1.63120E+00 1.40755E+00 1.21086E+00
 1.03808E+00 8.86544E-01 7.53953E-01 6.38068E-01 5.37636E-01 4.49959E-01
 3.74241E-01 3.09135E-01 2.53447E-01 2.06080E-01 1.66050E-01 1.32452E-01
 1.04490E-01 8.14282E-02 6.25354E-02 4.73921E-02 3.52269E-02 2.56674E-02
 1.82794E-02 1.26752E-02 8.51936E-03 5.51375E-03 3.41581E-03 1.99579E-03
 1.08926E-03 5.42151E-04 2.38391E-04 8.77687E-05 2.47255E-05 4.56996E-06
 4.16757E-07 0.00000E+00 2.25519E+06 1.68938E+06 1.24167E+06 9.12057E+05
 6.69575E+05 4.91221E+05 3.60173E+05 2.63902E+05 1.93254E+05 1.41422E+05
 1.03434E+05 7.55998E+04 5.52273E+04 4.03197E+04 2.94231E+04 2.14599E+04
 1.56469E+04 1.14041E+04 8.31078E+03 6.05564E+03 4.41334E+03 3.21719E+03
 2.34682E+03 1.71330E+03 1.25253E+03 9.17136E+02 6.73337E+02 4.93619E+02
 3.64868E+02 2.70910E+02 2.02271E+02 1.51992E+02 1.15073E+02 8.79275E+01
 6.77833E+01 5.27926E+01 4.15715E+01 3.31022E+01 2.66589E+01 2.17036E+01
 1.78599E+01 1.48373E+01 1.24345E+01 1.05002E+01 8.92559E+00 7.62837E+00
 6.55260E+00 5.64247E+00 4.87569E+00 4.21656E+00 3.65216E+00 3.16433E+00
 2.74097E+00 2.37231E+00 2.05052E+00 1.76919E+00 1.52302E+00 1.30763E+00
 1.11924E+00 9.54679E-01 8.11162E-01 6.86303E-01 5.77798E-01 4.84308E-01
 4.03171E-01 3.33517E-01 2.73986E-01 2.23378E-01 1.80598E-01 1.44672E-01
 1.14712E-01 8.99420E-02 6.96497E-02 5.31397E-02 4.00003E-02 2.95223E-02
 2.13519E-02 1.50878E-02 1.03761E-02 6.91297E-03 4.43199E-03 2.71781E-03
 1.57029E-03 8.46542E-04 4.15579E-04 1.79908E-04 6.50739E-05 1.79772E-05
 3.26717E-06 3.01108E-07 0.00000E+00 2.72896E+06 2.03819E+06 1.49271E+06
 1.09251E+06 7.99121E+05 5.84086E+05 4.26647E+05 3.11412E+05 2.27157E+05
 1.65574E+05 1.20610E+05 8.77928E+04 6.38668E+04 4.64292E+04 3.37346E+04
 2.44960E+04 1.77801E+04 1.28994E+04 9.35641E+03 6.78497E+03 4.92072E+03
 3.56919E+03 2.59036E+03 1.88130E+03 1.36808E+03 9.96353E+02 7.27506E+02
 5.30349E+02 3.89837E+02 2.87835E+02 2.13708E+02 1.59698E+02 1.20243E+02
 9.13858E+01 7.00786E+01 5.43014E+01 4.25471E+01 3.37161E+01 2.70259E+01
 2.19015E+01 1.79414E+01 1.48383E+01 1.23797E+01 1.04072E+01 8.80655E+00
 7.49229E+00 6.40614E+00 5.49054E+00 4.72210E+00 4.06424E+00 3.50333E+00
 3.02070E+00 2.60381E+00 2.24255E+00 1.92880E+00 1.65592E+00 1.41841E+00
 1.21170E+00 1.03190E+00 8.75712E-01 7.40263E-01 6.23089E-01 5.21843E-01
 4.35111E-01 3.60280E-01 2.96422E-01 2.42172E-01 1.96335E-01 1.57827E-01
 1.25691E-01 9.90654E-02 7.71960E-02 5.94009E-02 4.50219E-02 3.36599E-02
 2.46661E-02 1.77069E-02 1.24142E-02 8.46676E-03 5.59113E-03 3.55059E-03
 2.15509E-03 1.23123E-03 6.55581E-04 3.17413E-04 1.35280E-04 4.80756E-05
 1.30270E-05 2.32915E-06 2.16916E-07 0.00000E+00 9.03304E+04 8.97092E+04
 6.95968E+04 5.39967E+04 4.18963E+04 3.25102E+04 2.52293E+04 1.95812E+04
 1.51996E+04 1.18003E+04 9.16298E+03 7.11662E+03 5.52871E+03 4.29641E+03
 3.33999E+03 2.59758E+03 2.02121E+03 1.57368E+03 1.22610E+03 9.56088E+02
 7.46276E+02 5.83187E+02 4.56367E+02 3.57704E+02 2.80906E+02 2.21088E+02
 1.74462E+02 1.37631E+02 1.09330E+02 8.71975E+01 6.98620E+01 5.62600E+01
 4.55647E+01 3.71564E+01 3.04904E+01 2.52031E+01 2.09912E+01 1.76187E+01
 1.49020E+01 1.26974E+01 1.08969E+01 9.41109E+00 8.17420E+00 7.13448E+00
 6.25199E+00 5.49596E+00 4.84487E+00 4.27415E+00 3.77657E+00 3.33493E+00
 2.94506E+00 2.59837E+00 2.28934E+00 2.01345E+00 1.76699E+00 1.54681E+00
 1.35024E+00 1.17497E+00 1.01895E+00 8.80370E-01 7.57579E-01 6.49083E-01
 5.53515E-01 4.69981E-01 3.96471E-01 3.32467E-01 2.76989E-01 2.29136E-01
 1.88082E-01 1.53070E-01 1.23407E-01 9.84580E-02 7.76325E-02 6.03923E-02
 4.63935E-02 3.49911E-02 2.58974E-02 1.87535E-02 1.32395E-02 9.07112E-03
 5.99684E-03 3.79926E-03 2.27560E-03 1.27564E-03 6.53845E-04 2.96563E-04
 1.12670E-04 3.23474E-05 5.56971E-06 2.74632E-07 0.00000E+00 1.57258E+05
 1.22611E+05 9.44398E+04 7.27429E+04 5.60402E+04 4.31742E+04 3.32683E+04
 2.56368E+04 1.97603E+04 1.52323E+04 1.17451E+04 9.05754E+03 6.98733E+03
 5.39154E+03 4.16200E+03 3.21396E+03 2.48329E+03 1.91970E+03 1.48516E+03
 1.14983E+03 8.91145E+02 6.91394E+02 5.37186E+02 4.18005E+02 3.25901E+02
 2.54636E+02 1.99491E+02 1.56216E+02 1.23199E+02 9.75405E+01 7.75860E+01
 6.20261E+01 4.98752E+01 4.03794E+01 3.29015E+01 2.70036E+01 2.23351E+01
 1.86166E+01 1.56393E+01 1.32353E+01 1.12833E+01 9.68059E+00 8.35403E+00
 7.24467E+00 6.30873E+00 5.51136E+00 4.82899E+00 4.23441E+00 3.71950E+00
 3.26538E+00 2.86720E+00 2.51543E+00 2.20401E+00 1.92783E+00 1.68274E+00
 1.46522E+00 1.27229E+00 1.10135E+00 9.50159E-01 8.16703E-01 6.99181E-01
 5.95993E-01 5.05627E-01 4.27123E-01 3.58445E-01 2.99008E-01 2.47793E-01
 2.03885E-01 1.66441E-01 1.34705E-01 1.07981E-01 8.56464E-02 6.71272E-02
 5.18939E-02 3.96092E-02 2.96733E-02 2.18063E-02 1.56739E-02 1.09780E-02
 7.45867E-03 4.88576E-03 3.06503E-03 1.81655E-03 1.00761E-03 5.10200E-04
 2.28211E-04 8.52799E-05 2.40225E-05 4.06522E-06 2.03642E-07 0.00000E+00
 2.11971E+05 1.64415E+05 1.25885E+05 9.63810E+04 7.38039E+04 5.65135E+04
 4.32817E+04 3.31475E+04 2.53916E+04 1.94508E+04 1.49038E+04 1.14206E+04
 8.75429E+03 6.71146E+03 5.14747E+03 3.94895E+03 3.03117E+03 2.32765E+03
 1.78875E+03 1.37550E+03 1.05881E+03 8.15822E+02 6.29485E+02 4.86398E+02
 3.76560E+02 2.92126E+02 2.27241E+02 1.76653E+02 1.38318E+02 1.08718E+02
 8.58553E+01 6.81407E+01 5.43991E+01 4.37268E+01 3.53769E+01 2.88305E+01
 2.36810E+01 1.96025E+01 1.63563E+01 1.37494E+01 1.16449E+01 9.92613E+00
 8.51155E+00 7.33498E+00 6.34813E+00 5.51215E+00 4.80109E+00 4.18519E+00
 3.65521E+00 3.19070E+00 2.78604E+00 2.43083E+00 2.11838E+00 1.84306E+00
 1.60029E+00 1.38618E+00 1.19744E+00 1.03126E+00 8.85173E-01 7.56999E-01
 6.44800E-01 5.46881E-01 4.61617E-01 3.87981E-01 3.23931E-01 2.68825E-01
 2.21617E-01 1.81383E-01 1.47275E-01 1.18540E-01 9.44884E-02 7.45127E-02
 5.80570E-02 4.46064E-02 3.38322E-02 2.51783E-02 1.83752E-02 1.31122E-02
 9.11348E-03 6.14197E-03 3.98819E-03 2.47884E-03 1.45353E-03 7.96104E-04
 3.97446E-04 1.74978E-04 6.42102E-05 1.77119E-05 2.93960E-06 1.49904E-07
 0.00000E+00 2.81107E+05 2.17065E+05 1.65337E+05 1.25924E+05 9.59155E+04
 7.30504E+04 5.56429E+04 4.23797E+04 3.22828E+04 2.45901E+04 1.87341E+04
 1.42725E+04 1.08763E+04 8.28874E+03 6.31900E+03 4.81814E+03 3.67555E+03
 2.80480E+03 2.14179E+03 1.63639E+03 1.25145E+03 9.57896E+02 7.34185E+02
 5.63462E+02 4.33243E+02 3.33773E+02 2.57835E+02 1.99007E+02 1.54719E+02
 1.20742E+02 9.46702E+01 7.45986E+01 5.91294E+01 4.71912E+01 3.79103E+01
 3.06785E+01 2.50249E+01 2.05733E+01 1.70511E+01 1.42385E+01 1.19809E+01
 1.01473E+01 8.64663E+00 7.40540E+00 6.37031E+00 5.49845E+00 4.76127E+00
 4.12652E+00 3.58369E+00 3.11082E+00 2.70145E+00 2.34432E+00 2.03215E+00
 1.75877E+00 1.51920E+00 1.30920E+00 1.12521E+00 9.64175E-01 8.23444E-01
 7.00699E-01 5.93878E-01 5.01197E-01 4.20945E-01 3.52036E-01 2.92435E-01
 2.41451E-01 1.98023E-01 1.61225E-01 1.30211E-01 1.04236E-01 8.26245E-02
 6.47853E-02 5.01833E-02 3.83224E-02 2.88844E-02 2.13555E-02 1.54786E-02
 1.09660E-02 7.56404E-03 5.05690E-03 3.25527E-03 2.00474E-03 1.16372E-03
 6.30445E-04 3.10960E-04 1.35104E-04 4.88344E-05 1.32672E-05 2.18480E-06
 1.14346E-07 0.00000E+00 3.67881E+05 2.82929E+05 2.14498E+05 1.62590E+05
 1.23248E+05 9.34069E+04 7.07946E+04 5.36470E+04 4.06558E+04 3.08062E+04
 2.33454E+04 1.76898E+04 1.34066E+04 1.01601E+04 7.70186E+03 5.83878E+03
 4.42812E+03 3.35901E+03 2.54951E+03 1.93594E+03 1.47131E+03 1.11904E+03
 8.52176E+02 6.49738E+02 4.96266E+02 3.79751E+02 2.91359E+02 2.23312E+02
 1.72407E+02 1.33602E+02 1.04014E+02 8.13816E+01 6.40492E+01 5.07575E+01
 4.04893E+01 3.25376E+01 2.63591E+01 2.15233E+01 1.77196E+01 1.46996E+01
 1.22894E+01 1.03428E+01 8.75861E+00 7.45563E+00 6.37520E+00 5.47034E+00
 4.70972E+00 4.05861E+00 3.50514E+00 3.02588E+00 2.61350E+00 2.25594E+00
 1.94527E+00 1.67487E+00 1.43932E+00 1.23408E+00 1.05531E+00 8.99769E-01
 7.64625E-01 6.47432E-01 5.46026E-01 4.58548E-01 3.83217E-01 3.18898E-01
 2.63577E-01 2.16522E-01 1.76666E-01 1.43089E-01 1.14951E-01 9.15233E-02
 7.21455E-02 5.62475E-02 4.33164E-02 3.28781E-02 2.46266E-02 1.80887E-02
 1.30213E-02 9.15915E-03 6.26998E-03 4.15826E-03 2.65376E-03 1.61935E-03
 9.30589E-04 4.98685E-04 2.43030E-04 1.04209E-04 3.71265E-05 9.94257E-06
 1.62493E-06 8.72864E-08 0.00000E+00 4.76030E+05 3.64741E+05 2.75321E+05
 2.07773E+05 1.56789E+05 1.18284E+05 8.92317E+04 6.72980E+04 5.07550E+04
 3.82697E+04 2.88563E+04 2.17543E+04 1.64015E+04 1.23642E+04 9.32227E+03
 7.02852E+03 5.30069E+03 3.99807E+03 3.01699E+03 2.27742E+03 1.72044E+03
 1.30052E+03 9.84211E+02 7.45652E+02 5.65852E+02 4.30159E+02 3.27843E+02
 2.49558E+02 1.91355E+02 1.47263E+02 1.13854E+02 8.84589E+01 6.91320E+01
 5.44042E+01 4.30967E+01 3.43945E+01 2.76737E+01 2.24450E+01 1.83564E+01
 1.51291E+01 1.25680E+01 1.05111E+01 8.84661E+00 7.48523E+00 6.36271E+00
 5.42793E+00 4.64665E+00 3.98173E+00 3.41983E+00 2.93615E+00 2.52244E+00
 2.16585E+00 1.85788E+00 1.59140E+00 1.36063E+00 1.16074E+00 9.87635E-01
 8.37891E-01 7.08525E-01 5.96979E-01 5.01003E-01 4.18674E-01 3.48166E-01
 2.88299E-01 2.37092E-01 1.93780E-01 1.57300E-01 1.26741E-01 1.01279E-01
 8.02020E-02 6.28710E-02 4.87384E-02 3.73152E-02 2.81513E-02 2.09547E-02
 1.52911E-02 1.09323E-02 7.63464E-03 5.18684E-03 3.41237E-03 2.15901E-03
 1.30537E-03 7.42651E-04 3.93662E-04 1.89561E-04 8.02228E-05 2.81744E-05
 7.43838E-06 1.20584E-06 6.64025E-08 0.00000E+00 6.09824E+05 4.65610E+05
 3.50013E+05 2.63033E+05 1.97642E+05 1.48457E+05 1.11497E+05 8.37117E+04
 6.28436E+04 4.71630E+04 3.53923E+04 2.65521E+04 1.99194E+04 1.49404E+04
 1.12066E+04 8.40484E+03 6.30469E+03 4.72937E+03 3.54895E+03 2.66374E+03
 2.00061E+03 1.50337E+03 1.13085E+03 8.51480E+02 6.42109E+02 4.85011E+02
 3.67252E+02 2.77689E+02 2.11502E+02 1.61669E+02 1.24138E+02 9.57873E+01
 7.43432E+01 5.81036E+01 4.57116E+01 3.62334E+01 2.89570E+01 2.33301E+01
 1.89556E+01 1.55228E+01 1.28139E+01 1.06507E+01 8.90972E+00 7.49380E+00
 6.33277E+00 5.37135E+00 4.57234E+00 3.89621E+00 3.32813E+00 2.84199E+00
 2.42858E+00 2.07434E+00 1.77017E+00 1.50852E+00 1.28325E+00 1.08923E+00
 9.22175E-01 7.78484E-01 6.55047E-01 5.49209E-01 4.58652E-01 3.81404E-01
 3.15606E-01 2.60046E-01 2.12785E-01 1.73032E-01 1.39738E-01 1.12004E-01
 8.90278E-02 7.01183E-02 5.46612E-02 4.21328E-02 3.20694E-02 2.40466E-02
 1.77873E-02 1.28947E-02 9.15583E-03 6.34809E-03 4.28007E-03 2.79318E-03
 1.75200E-03 1.04955E-03 5.91130E-04 3.09947E-04 1.47473E-04 6.16006E-05
 2.13296E-05 5.55246E-06 8.92591E-07 5.03487E-08 0.00000E+00 7.74073E+05
 5.89021E+05 4.41028E+05 3.30096E+05 2.47014E+05 1.84767E+05 1.38177E+05
 1.03293E+05 7.72003E+04 5.76767E+04 4.30832E+04 3.21707E+04 2.40192E+04
 1.79278E+04 1.33805E+04 9.98442E+03 7.45081E+03 5.55962E+03 4.14947E+03
 3.09735E+03 2.31319E+03 1.72829E+03 1.29242E+03 9.67321E+02 7.25015E+02
 5.44225E+02 4.09480E+02 3.07599E+02 2.32751E+02 1.76734E+02 1.34798E+02
 1.03312E+02 7.96404E+01 6.18237E+01 4.83097E+01 3.80364E+01 3.01963E+01
 2.41696E+01 1.95112E+01 1.58767E+01 1.30247E+01 1.07599E+01 8.94713E+00
 7.48104E+00 6.28545E+00 5.30090E+00 4.48721E+00 3.80255E+00 3.23054E+00
 2.74385E+00 2.33234E+00 1.98176E+00 1.68246E+00 1.42647E+00 1.20732E+00
 1.01966E+00 8.58983E-01 7.21554E-01 6.04153E-01 5.04049E-01 4.18873E-01
 3.46614E-01 2.85400E-01 2.33992E-01 1.90504E-01 1.54127E-01 1.23829E-01
 9.87336E-02 7.80619E-02 6.11470E-02 4.74018E-02 3.63283E-02 2.74890E-02
 2.04861E-02 1.50583E-02 1.08444E-02 7.64701E-03 5.26365E-03 3.52186E-03
 2.27980E-03 1.41762E-03 8.41398E-04 4.69135E-04 2.43310E-04 1.14392E-04
 4.71639E-05 1.61033E-05 4.13408E-06 6.58962E-07 3.80538E-08 0.00000E+00
 9.74112E+05 7.38812E+05 5.51053E+05 4.10834E+05 3.06206E+05 2.28114E+05
 1.69889E+05 1.26465E+05 9.41137E+04 7.00059E+04 5.20599E+04 3.86974E+04
 2.87584E+04 2.13638E+04 1.58682E+04 1.17826E+04 8.74853E+03 6.49455E+03
 4.82189E+03 3.58007E+03 2.65909E+03 1.97566E+03 1.46899E+03 1.09308E+03
 8.14403E+02 6.07614E+02 4.54352E+02 3.39132E+02 2.54972E+02 1.92355E+02
 1.45751E+02 1.10970E+02 8.49753E+01 6.55284E+01 5.08650E+01 3.97849E+01
 3.13783E+01 2.49542E+01 2.00168E+01 1.61867E+01 1.31977E+01 1.08373E+01
 8.95827E+00 7.44688E+00 6.22099E+00 5.21701E+00 4.39181E+00 3.70131E+00
 3.12764E+00 2.64228E+00 2.23421E+00 1.88854E+00 1.59509E+00 1.34552E+00
 1.13308E+00 9.52170E-01 7.98144E-01 6.67135E-01 5.55836E-01 4.61457E-01
 3.81594E-01 3.14212E-01 2.57436E-01 2.10016E-01 1.70122E-01 1.36934E-01
 1.09448E-01 8.68082E-02 6.82659E-02 5.31813E-02 4.09956E-02 3.12380E-02
 2.34976E-02 1.74039E-02 1.27118E-02 9.09388E-03 6.36818E-03 4.35154E-03
 2.88926E-03 1.85511E-03 1.14351E-03 6.72414E-04 3.71142E-04 1.90394E-04
 8.84517E-05 3.59987E-05 1.21219E-05 3.06964E-06 4.85163E-07 2.86715E-08
 0.00000E+00 1.21577E+06 9.19154E+05 6.82979E+05 5.07246E+05 3.76592E+05
 2.79440E+05 2.07275E+05 1.53663E+05 1.13876E+05 8.43458E+04 6.24515E+04
 4.62169E+04 3.41917E+04 2.52835E+04 1.86915E+04 1.38127E+04 1.02058E+04
 7.53861E+03 5.56855E+03 4.11296E+03 3.03866E+03 2.24543E+03 1.66031E+03
 1.22844E+03 9.09960E+02 6.74891E+02 5.01619E+02 3.72086E+02 2.78003E+02
 2.08406E+02 1.56901E+02 1.18689E+02 9.02954E+01 6.91796E+01 5.33501E+01
 4.14596E+01 3.24899E+01 2.56752E+01 2.04669E+01 1.64494E+01 1.33311E+01
 1.08821E+01 8.94287E+00 7.39150E+00 6.13985E+00 5.12030E+00 4.28681E+00
 3.59318E+00 3.02007E+00 2.53788E+00 2.13473E+00 1.79513E+00 1.50843E+00
 1.26598E+00 1.06073E+00 8.86924E-01 7.39760E-01 6.15276E-01 5.10099E-01
 4.21401E-01 3.46753E-01 2.84113E-01 2.31618E-01 1.88011E-01 1.51525E-01
 1.21340E-01 9.64799E-02 7.61188E-02 5.95377E-02 4.61265E-02 3.53570E-02
 2.67856E-02 2.00287E-02 1.47428E-02 1.06996E-02 7.60329E-03 5.28725E-03
 3.58649E-03 2.36294E-03 1.50478E-03 9.19459E-04 5.35636E-04 2.92663E-04
 1.48500E-04 6.81721E-05 2.73896E-05 9.09745E-06 2.27294E-06 3.56238E-07
 2.15370E-08 0.00000E+00 1.50531E+06 1.13449E+06 8.39868E+05 6.21428E+05
 4.59602E+05 3.39713E+05 2.50987E+05 1.85322E+05 1.36776E+05 1.00886E+05
 7.43815E+04 5.48081E+04 4.03691E+04 2.97176E+04 2.18690E+04 1.60854E+04
 1.18284E+04 8.69476E+03 6.39067E+03 4.69628E+03 3.45164E+03 2.53712E+03
 1.86584E+03 1.37290E+03 1.01122E+03 7.45669E+02 5.50970E+02 4.06214E+02
 3.01655E+02 2.24743E+02 1.68143E+02 1.26393E+02 9.55451E+01 7.27380E+01
 5.57379E+01 4.30420E+01 3.35186E+01 2.63245E+01 2.08564E+01 1.66618E+01
 1.34234E+01 1.08937E+01 8.90101E+00 7.31534E+00 6.04270E+00 5.01154E+00
 4.17302E+00 3.47895E+00 2.90857E+00 2.43131E+00 2.03445E+00 1.70200E+00
 1.42289E+00 1.18815E+00 9.90516E-01 8.24079E-01 6.83927E-01 5.66023E-01
 4.66948E-01 3.83849E-01 3.14293E-01 2.56242E-01 2.07853E-01 1.67874E-01
 1.34607E-01 1.07238E-01 8.48216E-02 6.65656E-02 5.17837E-02 3.98972E-02
 3.04086E-02 2.29028E-02 1.70229E-02 1.24522E-02 8.97930E-03 6.33799E-03
 4.37647E-03 2.94683E-03 1.92646E-03 1.21673E-03 7.36936E-04 4.25294E-04
 2.30024E-04 1.15444E-04 5.23717E-05 2.07733E-05 6.80722E-06 1.67838E-06
 2.60882E-07 1.61305E-08 0.00000E+00 1.84934E+06 1.38950E+06 1.02490E+06
 7.55536E+05 5.56687E+05 4.09906E+05 3.01671E+05 2.21868E+05 1.63091E+05
 1.19806E+05 8.79635E+04 6.45421E+04 4.73337E+04 3.46918E+04 2.54151E+04
 1.86085E+04 1.36200E+04 9.96425E+03 7.28823E+03 5.32938E+03 3.89715E+03
 2.84981E+03 2.08474E+03 1.52571E+03 1.11759E+03 8.19468E+02 6.02029E+02
 4.41235E+02 3.25718E+02 2.41213E+02 1.79365E+02 1.34000E+02 1.00668E+02
 7.61647E+01 5.80018E+01 4.45144E+01 3.44531E+01 2.68950E+01 2.11812E+01
 1.68217E+01 1.34736E+01 1.08720E+01 8.83311E+00 7.21914E+00 5.93041E+00
 4.89165E+00 4.05134E+00 3.35946E+00 2.79390E+00 2.32322E+00 1.93395E+00
 1.60963E+00 1.33882E+00 1.11231E+00 9.22641E-01 7.63779E-01 6.30733E-01
 5.19413E-01 4.26376E-01 3.48763E-01 2.84151E-01 2.30516E-01 1.86047E-01
 1.49507E-01 1.19267E-01 9.45249E-02 7.43738E-02 5.80548E-02 4.49171E-02
 3.44141E-02 2.60800E-02 1.95276E-02 1.44268E-02 1.04870E-02 7.51346E-03
 5.26750E-03 3.61162E-03 2.41384E-03 1.56572E-03 9.80727E-04 5.88765E-04
 3.36597E-04 1.80208E-04 8.94572E-05 4.01050E-05 1.57064E-05 5.07867E-06
 1.23600E-06 1.90563E-07 1.20471E-08 0.00000E+00 2.25474E+06 1.68897E+06
 1.24131E+06 9.11741E+05 6.69294E+05 4.90972E+05 3.59951E+05 2.63706E+05
 1.93080E+05 1.41268E+05 1.03298E+05 7.54789E+04 5.51204E+04 4.02252E+04
 2.93395E+04 2.13860E+04 1.55816E+04 1.13464E+04 8.25984E+03 6.01067E+03
 4.37363E+03 3.18212E+03 2.31585E+03 1.68594E+03 1.22833E+03 8.95723E+02
 6.54375E+02 4.76835E+02 3.49963E+02 2.57651E+02 1.90451E+02 1.41431E+02
 1.05610E+02 7.94222E+01 6.01171E+01 4.58609E+01 3.52834E+01 2.73808E+01
 2.14380E+01 1.69277E+01 1.34814E+01 1.08173E+01 8.73996E+00 7.10387E+00
 5.80404E+00 4.76166E+00 3.92275E+00 3.23560E+00 2.67684E+00 2.21430E+00
 1.83379E+00 1.51848E+00 1.25660E+00 1.03874E+00 8.57298E-01 7.06148E-01
 5.80242E-01 4.75464E-01 3.88365E-01 3.16097E-01 2.56257E-01 2.06850E-01
 1.66107E-01 1.32809E-01 1.05403E-01 8.31023E-02 6.50415E-02 5.04977E-02
 3.88563E-02 2.96039E-02 2.23061E-02 1.66034E-02 1.21921E-02 8.80677E-03
 6.26870E-03 4.36496E-03 2.97157E-03 1.97128E-03 1.26864E-03 7.88054E-04
 4.68917E-04 2.65560E-04 1.40734E-04 6.91016E-05 3.06163E-05 1.18398E-05
 3.77839E-06 9.07871E-07 1.38859E-07 8.97295E-09 0.00000E+00 2.72848E+06
 2.03777E+06 1.49233E+06 1.09218E+06 7.98823E+05 5.83822E+05 4.26413E+05
 3.11204E+05 2.26973E+05 1.65411E+05 1.20466E+05 8.76653E+04 6.37540E+04
 4.63294E+04 3.36464E+04 2.44180E+04 1.77112E+04 1.28386E+04 9.30272E+03
 6.73756E+03 4.87887E+03 3.53224E+03 2.55772E+03 1.85247E+03 1.34259E+03
 9.73802E+02 7.07540E+02 5.12681E+02 3.74153E+02 2.73889E+02 2.01284E+02
 1.48606E+02 1.10316E+02 8.24755E+01 6.20612E+01 4.70674E+01 3.60013E+01
 2.77774E+01 2.16247E+01 1.69792E+01 1.34473E+01 1.07306E+01 8.62268E+00
 6.97075E+00 5.66480E+00 4.62274E+00 3.78830E+00 3.10829E+00 2.55820E+00
 2.10521E+00 1.73452E+00 1.42897E+00 1.17655E+00 9.67675E-01 7.94651E-01
 6.51282E-01 5.32498E-01 4.34176E-01 3.52881E-01 2.85789E-01 2.30533E-01
 1.85156E-01 1.47935E-01 1.17679E-01 9.29139E-02 7.28733E-02 5.67333E-02
 4.38097E-02 3.35248E-02 2.53982E-02 1.90268E-02 1.40786E-02 1.02751E-02
 7.37502E-03 5.21533E-03 3.60668E-03 2.43784E-03 1.60512E-03 1.02487E-03
 6.31327E-04 3.72330E-04 2.08874E-04 1.09571E-04 5.32157E-05 2.33030E-05
 8.89946E-06 2.80347E-06 6.65202E-07 1.00949E-07 6.66580E-09 0.00000E+00
